run, evt, int, seg, x, y, z, efrac, e, chisq
29, 1, 1, 29,  5.81,  1.52, 55.99,  133.48, 5000.00,    0.01,    2.35,    0.00, 0
29, 2, 1, 29,  7.23,  2.05, 56.21,  133.55, 5000.00,    0.03,    4.67,    0.00, 0
29, 3, 1, 29,  5.81,  1.50, 56.30,  133.24, 5000.00,    0.01,    2.24,    0.00, 0
29, 4, 1, 29,  7.21,  1.90, 56.77,  133.13, 5000.00,    0.03,    4.48,    0.00, 0
29, 5, 1, 29,  5.83,  1.44, 56.94,  133.56, 5000.00,    0.02,    2.43,    0.00, 0
29, 6, 1, 29,  5.93,  1.44, 57.44,  133.52, 5000.00,    0.02,    2.60,    0.00, 0
29, 7, 1, 29,  6.50,  1.58, 57.81,  132.83, 5000.00,    0.02,    3.27,    0.00, 0
29, 8, 1, 29,  6.24,  1.53, 58.38,  132.65, 5000.00,    0.02,    2.77,    0.00, 0
29, 9, 1, 29,  5.83,  1.44, 59.85,  133.42, 5000.00,    0.02,    2.37,    0.00, 0
29, 10, 1, 29,  7.30,  1.89, 60.83,  132.81, 5000.00,    0.03,    4.49,    0.00, 0
29, 11, 1, 29,  5.83,  1.44, 63.87,  133.66, 5000.00,    0.02,    2.49,    0.00, 0
29, 12, 1, 29,  5.82,  1.44, 67.40,  133.69, 5000.00,    0.02,    2.52,    0.00, 0
29, 13, 1, 29,  5.82,  1.45, 69.94,  133.61, 5000.00,    0.02,    2.50,    0.00, 0
29, 14, 1, 29,  5.99,  1.51, 71.97,  133.37, 5000.00,    0.02,    2.65,    0.00, 0
29, 15, 1, 29,  5.82,  1.45, 72.96,  133.40, 5000.00,    0.02,    2.44,    0.00, 0
29, 16, 1, 29,  6.51,  1.68, 73.96,  132.70, 5000.00,    0.01,    3.26,    0.00, 0
29, 17, 1, 29,  6.51,  1.67, 74.55,  132.76, 5000.00,    0.01,    3.29,    0.00, 0
29, 18, 1, 29,  6.28,  1.60, 75.06,  132.84, 5000.00,    0.01,    2.96,    0.00, 0
29, 19, 1, 29,  6.52,  1.67, 75.43,  132.77, 5000.00,    0.01,    3.30,    0.00, 0
29, 20, 1, 29,  6.51,  1.67, 75.72,  132.79, 5000.00,    0.01,    3.30,    0.00, 0
29, 21, 1, 29,  6.23,  1.58, 75.88,  133.02, 5000.00,    0.01,    2.93,    0.00, 0
29, 22, 1, 29,  6.51,  1.67, 76.00,  132.84, 5000.00,    0.01,    3.30,    0.00, 0
29, 23, 1, 29,  5.79,  1.56, 55.91,  133.46, 5000.00,    0.01,    2.27,    0.00, 0
29, 24, 1, 29,  6.55,  1.95, 56.07,  134.00, 5000.00,    0.02,    3.91,    0.00, 0
29, 25, 1, 29,  6.77,  1.94, 56.11,  132.64, 5000.00,    0.01,    3.63,    0.00, 0
29, 26, 1, 29,  5.86,  1.52, 56.35,  132.75, 5000.00,    0.01,    2.16,    0.00, 0
29, 27, 1, 29,  6.04,  1.55, 56.53,  132.28, 5000.00,    0.01,    2.28,    0.00, 0
29, 28, 1, 29,  6.04,  1.53, 57.02,  132.25, 5000.00,    0.01,    2.28,    0.00, 0
29, 29, 1, 29,  5.82,  1.45, 57.67,  132.07, 5000.00,    0.01,    1.88,    0.00, 0
29, 30, 1, 29,  6.07,  1.54, 58.61,  132.31, 5000.00,    0.01,    2.33,    0.00, 0
29, 31, 1, 29,  6.05,  1.55, 59.74,  132.29, 5000.00,    0.01,    2.30,    0.00, 0
29, 32, 1, 29,  6.04,  1.54, 61.47,  132.39, 5000.00,    0.01,    2.33,    0.00, 0
29, 33, 1, 29,  5.99,  1.53, 63.77,  132.45, 5000.00,    0.01,    2.28,    0.00, 0
29, 34, 1, 29,  5.98,  1.54, 67.11,  132.51, 5000.00,    0.01,    2.32,    0.00, 0
29, 35, 1, 29,  5.81,  1.48, 70.24,  132.13, 5000.00,    0.01,    1.93,    0.00, 0
29, 36, 1, 29,  5.81,  1.49, 72.01,  132.00, 5000.00,    0.01,    1.87,    0.00, 0
29, 37, 1, 29,  5.81,  1.49, 73.18,  131.93, 5000.00,    0.01,    1.86,    0.00, 0
29, 38, 1, 29,  6.00,  1.56, 74.01,  132.05, 5000.00,    0.01,    2.17,    0.00, 0
29, 39, 1, 29,  5.98,  1.55, 74.63,  132.01, 5000.00,    0.01,    2.13,    0.00, 0
29, 40, 1, 29,  5.81,  1.49, 75.16,  131.86, 5000.00,    0.01,    1.82,    0.00, 0
29, 41, 1, 29,  5.95,  1.54, 75.49,  131.99, 5000.00,    0.01,    2.07,    0.00, 0
29, 42, 1, 29,  5.81,  1.49, 75.76,  131.90, 5000.00,    0.01,    1.84,    0.00, 0
29, 43, 1, 29,  5.96,  1.54, 75.94,  131.96, 5000.00,    0.01,    2.10,    0.00, 0
29, 44, 1, 29,  5.81,  1.49, 76.02,  132.03, 5000.00,    0.01,    1.90,    0.00, 0
29, 45, 1, 29,  5.83,  1.64, 55.89,  133.23, 5000.00,    0.01,    2.25,    0.00, 0
29, 46, 1, 29,  5.85,  1.63, 55.90,  132.23, 5000.00,    0.01,    1.95,    0.00, 0
29, 47, 1, 29,  6.01,  1.70, 56.01,  132.19, 5000.00,    0.01,    2.18,    0.00, 0
29, 48, 1, 29,  6.03,  1.65, 56.22,  132.11, 5000.00,    0.01,    2.16,    0.00, 0
29, 49, 1, 29,  6.02,  1.63, 56.61,  132.32, 5000.00,    0.01,    2.23,    0.00, 0
29, 50, 1, 29,  6.07,  1.63, 57.08,  132.28, 5000.00,    0.01,    2.31,    0.00, 0
29, 51, 1, 29,  6.00,  1.60, 57.78,  132.43, 5000.00,    0.01,    2.26,    0.00, 0
29, 52, 1, 29,  5.85,  1.56, 58.63,  132.18, 5000.00,    0.01,    1.96,    0.00, 0
29, 53, 1, 29,  5.99,  1.63, 59.81,  132.41, 5000.00,    0.01,    2.32,    0.00, 0
29, 54, 1, 29,  5.96,  1.61, 61.56,  132.48, 5000.00,    0.01,    2.31,    0.00, 0
29, 55, 1, 29,  5.91,  1.61, 63.87,  132.54, 5000.00,    0.01,    2.26,    0.00, 0
29, 56, 1, 29,  5.85,  1.59, 67.12,  132.57, 5000.00,    0.01,    2.20,    0.00, 0
29, 57, 1, 29,  5.87,  1.61, 70.13,  132.43, 5000.00,    0.01,    2.18,    0.00, 0
29, 58, 1, 29,  5.89,  1.62, 71.92,  132.32, 5000.00,    0.01,    2.17,    0.00, 0
29, 59, 1, 29,  6.47,  1.88, 73.08,  132.37, 5000.00,    0.01,    3.18,    0.00, 0
29, 60, 1, 29,  5.79,  1.59, 74.00,  132.04, 5000.00,    0.01,    1.88,    0.00, 0
29, 61, 1, 29,  5.79,  1.59, 74.65,  132.01, 5000.00,    0.01,    1.86,    0.00, 0
29, 62, 1, 29,  5.79,  1.59, 75.20,  132.03, 5000.00,    0.01,    1.88,    0.00, 0
29, 63, 1, 29,  5.79,  1.59, 75.58,  131.95, 5000.00,    0.01,    1.86,    0.00, 0
29, 64, 1, 29,  5.79,  1.59, 75.82,  131.83, 5000.00,    0.01,    1.81,    0.00, 0
29, 65, 1, 29,  6.62,  1.96, 75.99,  131.80, 5000.00,    0.01,    3.17,    0.00, 0
29, 66, 1, 29,  5.90,  1.64, 76.03,  132.08, 5000.00,    0.01,    2.11,    0.00, 0
29, 67, 1, 29,  5.85,  1.81, 56.10,  132.81, 5000.00,    0.01,    2.14,    0.00, 0
29, 68, 1, 29,  6.02,  1.90, 56.14,  132.27, 5000.00,    0.01,    2.27,    0.00, 0
29, 69, 1, 29,  6.05,  1.92, 56.23,  132.16, 5000.00,    0.01,    2.30,    0.00, 0
29, 70, 1, 29,  6.03,  1.87, 56.49,  132.52, 5000.00,    0.01,    2.47,    0.00, 0
29, 71, 1, 29,  5.96,  1.81, 56.86,  132.32, 5000.00,    0.01,    2.25,    0.00, 0
29, 72, 1, 29,  5.79,  1.70, 57.35,  132.20, 5000.00,    0.01,    1.91,    0.00, 0
29, 73, 1, 29,  6.38,  2.03, 58.06,  132.33, 5000.00,    0.01,    3.05,    0.00, 0
29, 74, 1, 29,  5.78,  1.70, 58.86,  132.07, 5000.00,    0.01,    1.84,    0.00, 0
29, 75, 1, 29,  5.78,  1.72, 60.06,  132.08, 5000.00,    0.01,    1.68,    0.00, 0
29, 76, 1, 29,  5.78,  1.71, 61.76,  132.14, 5000.00,    0.01,    1.61,    0.00, 0
29, 77, 1, 29,  5.77,  1.72, 64.07,  132.18, 5000.00,    0.01,    1.63,    0.00, 0
29, 78, 1, 29,  6.30,  2.03, 67.32,  132.21, 5000.00,    0.01,    2.64,    0.00, 0
29, 79, 1, 29,  5.76,  1.73, 70.27,  132.06, 5000.00,    0.01,    1.60,    0.00, 0
29, 80, 1, 29,  5.75,  1.73, 72.04,  131.97, 5000.00,    0.01,    1.56,    0.00, 0
29, 81, 1, 29,  5.75,  1.73, 73.22,  131.91, 5000.00,    0.01,    1.55,    0.00, 0
29, 82, 1, 29,  6.31,  2.08, 74.09,  131.74, 5000.00,    0.01,    2.76,    0.00, 0
29, 83, 1, 29,  6.33,  2.08, 74.72,  131.63, 5000.00,    0.01,    2.76,    0.00, 0
29, 84, 1, 29,  6.31,  2.08, 75.26,  131.55, 5000.00,    0.01,    2.73,    0.00, 0
29, 85, 1, 29,  6.33,  2.09, 75.60,  131.44, 5000.00,    0.01,    2.68,    0.00, 0
29, 86, 1, 29,  6.34,  2.11, 75.83,  131.39, 5000.00,    0.01,    2.70,    0.00, 0
29, 87, 1, 29,  6.68,  2.28, 76.01,  131.11, 5000.00,    0.01,    3.12,    0.00, 0
29, 88, 1, 29,  6.24,  2.05, 76.06,  131.51, 5000.00,    0.01,    2.58,    0.00, 0
29, 89, 1, 29,  5.66,  1.98, 56.08,  133.07, 5000.00,    0.01,    2.07,    0.00, 0
29, 90, 1, 29,  5.67,  1.95, 56.10,  132.20, 5000.00,    0.01,    1.81,    0.00, 0
29, 91, 1, 29,  5.67,  1.95, 56.18,  131.89, 5000.00,    0.01,    1.68,    0.00, 0
29, 92, 1, 29,  5.94,  2.09, 56.34,  132.01, 5000.00,    0.01,    2.22,    0.00, 0
29, 93, 1, 29,  5.68,  1.92, 56.73,  132.05, 5000.00,    0.01,    1.76,    0.00, 0
29, 94, 1, 29,  5.68,  1.93, 57.21,  132.20, 5000.00,    0.01,    1.84,    0.00, 0
29, 95, 1, 29,  5.68,  1.92, 57.83,  132.07, 5000.00,    0.01,    1.62,    0.00, 0
29, 96, 1, 29,  5.68,  1.93, 58.71,  132.03, 5000.00,    0.01,    1.61,    0.00, 0
29, 97, 1, 29,  5.67,  1.94, 59.93,  132.02, 5000.00,    0.01,    1.52,    0.00, 0
29, 98, 1, 29,  5.68,  1.94, 61.67,  132.01, 5000.00,    0.01,    1.54,    0.00, 0
29, 99, 1, 29,  5.67,  1.95, 63.99,  132.03, 5000.00,    0.01,    1.58,    0.00, 0
29, 100, 1, 29,  5.67,  1.96, 67.25,  132.05, 5000.00,    0.01,    1.62,    0.00, 0
29, 101, 1, 29,  5.67,  1.97, 70.25,  131.92, 5000.00,    0.01,    1.57,    0.00, 0
29, 102, 1, 29,  5.66,  1.97, 72.05,  131.82, 5000.00,    0.01,    1.55,    0.00, 0
29, 103, 1, 29,  6.26,  2.43, 73.27,  131.67, 5000.00,    0.01,    2.67,    0.00, 0
29, 104, 1, 29,  6.25,  2.45, 74.14,  131.57, 5000.00,    0.01,    2.65,    0.00, 0
29, 105, 1, 29,  6.23,  2.43, 74.78,  131.46, 5000.00,    0.01,    2.57,    0.00, 0
29, 106, 1, 29,  6.14,  2.37, 75.32,  131.37, 5000.00,    0.01,    2.65,    0.00, 0
29, 107, 1, 29,  6.15,  2.38, 75.65,  131.20, 5000.00,    0.01,    2.62,    0.00, 0
29, 108, 1, 29,  6.42,  2.59, 75.85,  131.13, 5000.00,    0.01,    3.08,    0.00, 0
29, 109, 1, 29,  5.98,  2.21, 76.03,  131.11, 5000.00,    0.01,    2.16,    0.00, 0
29, 110, 1, 29,  6.15,  2.46, 76.09,  131.45, 5000.00,    0.01,    2.75,    0.00, 0
29, 111, 1, 29,  5.50,  2.40, 56.04,  133.02, 5000.00,    0.01,    2.27,    0.00, 0
29, 112, 1, 29,  5.51,  2.36, 56.04,  131.98, 5000.00,    0.01,    1.89,    0.00, 0
29, 113, 1, 29,  5.52,  2.34, 56.15,  131.78, 5000.00,    0.01,    1.78,    0.00, 0
29, 114, 1, 29,  5.52,  2.33, 56.39,  132.21, 5000.00,    0.01,    1.80,    0.00, 0
29, 115, 1, 29,  5.51,  2.36, 56.75,  132.10, 5000.00,    0.01,    1.78,    0.00, 0
29, 116, 1, 29,  5.51,  2.36, 57.20,  132.03, 5000.00,    0.01,    1.76,    0.00, 0
29, 117, 1, 29,  5.51,  2.36, 57.83,  131.94, 5000.00,    0.01,    1.74,    0.00, 0
29, 118, 1, 29,  5.50,  2.38, 58.70,  131.88, 5000.00,    0.01,    1.72,    0.00, 0
29, 119, 1, 29,  5.50,  2.38, 59.93,  131.87, 5000.00,    0.01,    1.64,    0.00, 0
29, 120, 1, 29,  5.50,  2.38, 61.67,  131.85, 5000.00,    0.01,    1.64,    0.00, 0
29, 121, 1, 29,  5.49,  2.39, 64.02,  131.87, 5000.00,    0.01,    1.67,    0.00, 0
29, 122, 1, 29,  5.49,  2.40, 67.31,  131.89, 5000.00,    0.01,    1.71,    0.00, 0
29, 123, 1, 29,  5.48,  2.42, 70.33,  131.74, 5000.00,    0.01,    1.64,    0.00, 0
29, 124, 1, 29,  5.48,  2.43, 72.14,  131.64, 5000.00,    0.01,    1.62,    0.00, 0
29, 125, 1, 29,  5.48,  2.44, 73.34,  131.55, 5000.00,    0.01,    1.61,    0.00, 0
29, 126, 1, 29,  5.49,  2.47, 74.21,  131.44, 5000.00,    0.01,    1.63,    0.00, 0
29, 127, 1, 29,  5.83,  2.75, 74.84,  131.30, 5000.00,    0.01,    2.19,    0.00, 0
29, 128, 1, 29,  5.46,  2.47, 75.40,  131.21, 5000.00,    0.01,    1.53,    0.00, 0
29, 129, 1, 29,  5.75,  2.70, 75.70,  131.01, 5000.00,    0.01,    2.23,    0.00, 0
29, 130, 1, 29,  5.79,  2.73, 75.95,  130.85, 5000.00,    0.01,    2.26,    0.00, 0
29, 131, 1, 29,  5.86,  2.76, 76.11,  130.81, 5000.00,    0.01,    2.33,    0.00, 0
29, 132, 1, 29,  5.43,  2.54, 76.11,  131.38, 5000.00,    0.01,    1.88,    0.00, 0
29, 133, 1, 29,  5.04,  3.23, 55.94,  133.02, 5000.00,    0.01,    2.21,    0.00, 0
29, 134, 1, 29,  5.09,  3.14, 55.95,  132.14, 5000.00,    0.01,    1.85,    0.00, 0
29, 135, 1, 29,  5.21,  3.22, 56.03,  131.74, 5000.00,    0.01,    1.73,    0.00, 0
29, 136, 1, 29,  5.23,  3.23, 56.14,  131.70, 5000.00,    0.01,    1.76,    0.00, 0
29, 137, 1, 29,  5.08,  3.28, 56.61,  132.00, 5000.00,    0.01,    1.71,    0.00, 0
29, 138, 1, 29,  5.13,  3.29, 57.07,  131.94, 5000.00,    0.01,    1.72,    0.00, 0
29, 139, 1, 29,  5.10,  3.27, 57.71,  131.86, 5000.00,    0.01,    1.64,    0.00, 0
29, 140, 1, 29,  5.15,  3.34, 58.58,  131.82, 5000.00,    0.01,    1.64,    0.00, 0
29, 141, 1, 29,  5.12,  3.32, 59.80,  131.79, 5000.00,    0.01,    1.58,    0.00, 0
29, 142, 1, 29,  5.11,  3.32, 61.55,  131.75, 5000.00,    0.01,    1.58,    0.00, 0
29, 143, 1, 29,  5.04,  3.31, 63.92,  131.79, 5000.00,    0.01,    1.50,    0.00, 0
29, 144, 1, 29,  5.10,  3.35, 67.26,  131.78, 5000.00,    0.01,    1.71,    0.00, 0
29, 145, 1, 29,  5.05,  3.38, 70.34,  131.62, 5000.00,    0.01,    1.52,    0.00, 0
29, 146, 1, 29,  5.11,  3.47, 72.15,  131.48, 5000.00,    0.01,    1.61,    0.00, 0
29, 147, 1, 29,  5.05,  3.42, 73.35,  131.35, 5000.00,    0.01,    1.46,    0.00, 0
29, 148, 1, 29,  5.09,  3.51, 74.22,  131.22, 5000.00,    0.01,    1.54,    0.00, 0
29, 149, 1, 29,  5.07,  3.52, 74.85,  131.07, 5000.00,    0.01,    1.48,    0.00, 0
29, 150, 1, 29,  5.43,  3.85, 75.39,  130.93, 5000.00,    0.01,    2.20,    0.00, 0
29, 151, 1, 29,  5.42,  3.87, 75.73,  130.81, 5000.00,    0.01,    2.19,    0.00, 0
29, 152, 1, 29,  5.44,  3.91, 75.93,  130.60, 5000.00,    0.01,    2.18,    0.00, 0
29, 153, 1, 29,  4.92,  3.48, 76.09,  130.55, 5000.00,    0.01,    1.40,    0.00, 0
29, 154, 1, 29,  4.88,  3.46, 76.12,  131.17, 5000.00,    0.01,    1.55,    0.00, 0
29, 155, 1, 29,  3.68,  4.80, 55.81,  132.81, 5000.00,    0.01,    2.14,    0.00, 0
29, 156, 1, 29,  3.80,  4.71, 55.80,  131.91, 5000.00,    0.01,    1.82,    0.00, 0
29, 157, 1, 29,  4.16,  4.50, 55.90,  131.59, 5000.00,    0.01,    1.83,    0.00, 0
29, 158, 1, 29,  4.06,  4.60, 56.10,  131.90, 5000.00,    0.01,    1.80,    0.00, 0
29, 159, 1, 29,  3.55,  4.89, 56.51,  131.96, 5000.00,    0.01,    1.72,    0.00, 0
29, 160, 1, 29,  3.52,  4.85, 57.00,  131.86, 5000.00,    0.01,    1.63,    0.00, 0
29, 161, 1, 29,  3.51,  4.89, 57.63,  131.81, 5000.00,    0.01,    1.67,    0.00, 0
29, 162, 1, 29,  3.46,  4.90, 58.50,  131.76, 5000.00,    0.01,    1.55,    0.00, 0
29, 163, 1, 29,  3.47,  4.88, 59.73,  131.71, 5000.00,    0.01,    1.54,    0.00, 0
29, 164, 1, 29,  3.47,  4.88, 61.46,  131.68, 5000.00,    0.01,    1.56,    0.00, 0
29, 165, 1, 29,  3.74,  4.64, 63.82,  131.54, 5000.00,    0.01,    1.58,    0.00, 0
29, 166, 1, 29,  3.72,  4.69, 67.23,  131.56, 5000.00,    0.01,    1.74,    0.00, 0
29, 167, 1, 29,  3.67,  4.69, 70.41,  131.33, 5000.00,    0.01,    1.58,    0.00, 0
29, 168, 1, 29,  3.67,  4.75, 72.22,  131.16, 5000.00,    0.01,    1.62,    0.00, 0
29, 169, 1, 29,  3.86,  5.01, 73.42,  131.05, 5000.00,    0.01,    2.04,    0.00, 0
29, 170, 1, 29,  3.35,  4.97, 74.24,  131.00, 5000.00,    0.01,    1.55,    0.00, 0
29, 171, 1, 29,  3.69,  4.88, 74.92,  130.77, 5000.00,    0.01,    1.68,    0.00, 0
29, 172, 1, 29,  4.01,  5.34, 75.45,  130.67, 5000.00,    0.01,    2.45,    0.00, 0
29, 173, 1, 29,  4.03,  5.34, 75.82,  130.48, 5000.00,    0.01,    2.41,    0.00, 0
29, 174, 1, 29,  3.91,  5.19, 76.01,  130.28, 5000.00,    0.01,    2.32,    0.00, 0
29, 175, 1, 29,  3.66,  5.03, 76.13,  130.65, 5000.00,    0.01,    2.07,    0.00, 0
29, 176, 1, 29,  3.21,  5.04, 76.17,  131.08, 5000.00,    0.01,    1.86,    0.00, 0
29, 177, 1, 29,  2.40,  5.51, 55.90,  132.47, 5000.00,    0.01,    2.08,    0.00, 0
29, 178, 1, 29,  2.50,  5.44, 55.92,  131.85, 5000.00,    0.01,    1.95,    0.00, 0
29, 179, 1, 29,  2.53,  5.43, 56.04,  131.74, 5000.00,    0.01,    1.94,    0.00, 0
29, 180, 1, 29,  2.38,  5.50, 56.29,  131.95, 5000.00,    0.01,    1.78,    0.00, 0
29, 181, 1, 29,  2.20,  5.59, 56.73,  132.08, 5000.00,    0.01,    1.79,    0.00, 0
29, 182, 1, 29,  2.69,  5.96, 57.10,  131.75, 5000.00,    0.01,    2.64,    0.00, 0
29, 183, 1, 29,  2.17,  5.58, 57.84,  131.95, 5000.00,    0.01,    1.72,    0.00, 0
29, 184, 1, 29,  2.14,  5.60, 58.71,  131.91, 5000.00,    0.01,    1.71,    0.00, 0
29, 185, 1, 29,  2.61,  5.98, 59.81,  131.64, 5000.00,    0.01,    2.37,    0.00, 0
29, 186, 1, 29,  2.13,  5.60, 61.66,  131.88, 5000.00,    0.01,    1.53,    0.00, 0
29, 187, 1, 29,  2.07,  5.62, 64.01,  131.95, 5000.00,    0.01,    1.54,    0.00, 0
29, 188, 1, 29,  2.02,  5.64, 67.31,  132.01, 5000.00,    0.01,    1.55,    0.00, 0
29, 189, 1, 29,  2.46,  6.08, 70.41,  131.45, 5000.00,    0.01,    2.36,    0.00, 0
29, 190, 1, 29,  2.48,  6.10, 72.20,  131.24, 5000.00,    0.01,    2.35,    0.00, 0
29, 191, 1, 29,  2.48,  6.07, 73.41,  131.03, 5000.00,    0.01,    2.37,    0.00, 0
29, 192, 1, 29,  2.49,  6.08, 74.27,  130.86, 5000.00,    0.01,    2.35,    0.00, 0
29, 193, 1, 29,  2.33,  5.88, 74.91,  130.66, 5000.00,    0.01,    1.93,    0.00, 0
29, 194, 1, 29,  2.46,  6.04, 75.44,  130.57, 5000.00,    0.01,    2.45,    0.00, 0
29, 195, 1, 29,  2.52,  6.06, 75.80,  130.39, 5000.00,    0.01,    2.47,    0.00, 0
29, 196, 1, 29,  2.33,  5.87, 75.98,  130.38, 5000.00,    0.01,    2.10,    0.00, 0
29, 197, 1, 29,  2.45,  6.00, 76.15,  130.38, 5000.00,    0.01,    2.28,    0.00, 0
29, 198, 1, 29,  1.94,  5.67, 76.20,  131.18, 5000.00,    0.01,    1.62,    0.00, 0
29, 199, 1, 29,  1.90,  5.69, 55.99,  132.47, 5000.00,    0.01,    1.88,    0.00, 0
29, 200, 1, 29,  1.92,  5.68, 56.03,  132.06, 5000.00,    0.01,    1.78,    0.00, 0
29, 201, 1, 29,  1.93,  5.68, 56.13,  131.80, 5000.00,    0.01,    1.72,    0.00, 0
29, 202, 1, 29,  1.84,  5.71, 56.38,  131.80, 5000.00,    0.01,    1.76,    0.00, 0
29, 203, 1, 29,  1.88,  6.40, 56.85,  131.76, 5000.00,    0.01,    2.75,    0.00, 0
29, 204, 1, 29,  1.84,  6.38, 57.27,  131.71, 5000.00,    0.01,    2.68,    0.00, 0
29, 205, 1, 29,  1.81,  6.38, 57.89,  131.71, 5000.00,    0.01,    2.69,    0.00, 0
29, 206, 1, 29,  1.75,  6.45, 58.74,  131.64, 5000.00,    0.01,    2.77,    0.00, 0
29, 207, 1, 29,  1.68,  6.24, 59.89,  131.63, 5000.00,    0.01,    2.35,    0.00, 0
29, 208, 1, 29,  1.53,  5.84, 61.65,  131.62, 5000.00,    0.01,    1.72,    0.00, 0
29, 209, 1, 29,  1.44,  5.82, 64.03,  131.65, 5000.00,    0.01,    1.53,    0.00, 0
29, 210, 1, 29,  1.37,  5.84, 67.41,  131.79, 5000.00,    0.01,    1.56,    0.00, 0
29, 211, 1, 29,  1.30,  5.85, 70.42,  131.61, 5000.00,    0.01,    1.57,    0.00, 0
29, 212, 1, 29,  1.27,  5.86, 72.23,  131.46, 5000.00,    0.01,    1.72,    0.00, 0
29, 213, 1, 29,  1.26,  5.86, 73.43,  131.33, 5000.00,    0.01,    1.68,    0.00, 0
29, 214, 1, 29,  1.24,  5.87, 74.31,  131.19, 5000.00,    0.01,    1.67,    0.00, 0
29, 215, 1, 29,  1.22,  5.87, 74.94,  131.03, 5000.00,    0.01,    1.65,    0.00, 0
29, 216, 1, 29,  1.21,  5.87, 75.49,  130.90, 5000.00,    0.01,    1.63,    0.00, 0
29, 217, 1, 29,  1.32,  6.59, 75.88,  130.61, 5000.00,    0.01,    2.61,    0.00, 0
29, 218, 1, 29,  1.33,  6.59, 76.05,  130.56, 5000.00,    0.01,    2.60,    0.00, 0
29, 219, 1, 29,  1.26,  6.22, 76.23,  130.48, 5000.00,    0.01,    2.01,    0.00, 0
29, 220, 1, 29,  1.20,  5.88, 76.28,  131.29, 5000.00,    0.01,    1.76,    0.00, 0
29, 221, 1, 29,  2.04,  6.99, 56.25,  131.77, 5000.00,    0.01,    3.70,    0.00, 0
29, 222, 1, 29,  1.98,  6.69, 56.26,  132.66, 5000.00,    0.01,    3.62,    0.00, 0
29, 223, 1, 29,  1.80,  6.38, 56.30,  131.54, 5000.00,    0.01,    2.65,    0.00, 0
29, 224, 1, 29,  1.55,  6.10, 56.43,  131.77, 5000.00,    0.01,    2.35,    0.00, 0
29, 225, 1, 29,  1.25,  5.98, 56.90,  132.54, 5000.00,    0.01,    2.42,    0.00, 0
29, 226, 1, 29,  1.21,  6.04, 57.30,  132.07, 5000.00,    0.01,    2.35,    0.00, 0
29, 227, 1, 29,  1.18,  6.08, 57.89,  131.86, 5000.00,    0.01,    2.35,    0.00, 0
29, 228, 1, 29,  1.09,  5.91, 58.75,  131.74, 5000.00,    0.01,    1.91,    0.00, 0
29, 229, 1, 29,  1.12,  6.15, 60.07,  131.90, 5000.00,    0.01,    2.35,    0.00, 0
29, 230, 1, 29,  1.09,  6.04, 61.93,  131.85, 5000.00,    0.01,    2.37,    0.00, 0
29, 231, 1, 29,  1.00,  6.16, 64.27,  131.78, 5000.00,    0.01,    2.47,    0.00, 0
29, 232, 1, 29,  0.91,  6.14, 67.99,  131.80, 5000.00,    0.01,    2.37,    0.00, 0
29, 233, 1, 29,  0.84,  6.11, 70.61,  131.67, 5000.00,    0.01,    2.25,    0.00, 0
29, 234, 1, 29,  0.80,  6.13, 72.42,  131.59, 5000.00,    0.01,    2.23,    0.00, 0
29, 235, 1, 29,  0.79,  6.18, 73.63,  131.55, 5000.00,    0.01,    2.27,    0.00, 0
29, 236, 1, 29,  0.77,  6.19, 74.49,  131.52, 5000.00,    0.01,    2.27,    0.00, 0
29, 237, 1, 29,  0.75,  6.23, 75.14,  131.40, 5000.00,    0.01,    2.34,    0.00, 0
29, 238, 1, 29,  0.73,  6.17, 75.67,  131.44, 5000.00,    0.01,    2.40,    0.00, 0
29, 239, 1, 29,  0.73,  6.14, 76.04,  131.33, 5000.00,    0.01,    2.33,    0.00, 0
29, 240, 1, 29,  0.74,  6.47, 76.30,  131.01, 5000.00,    0.01,    2.62,    0.00, 0
29, 241, 1, 29,  0.72,  6.07, 76.41,  131.11, 5000.00,    0.01,    2.10,    0.00, 0
29, 242, 1, 29,  0.72,  5.96, 76.42,  131.59, 5000.00,    0.01,    2.10,    0.00, 0
29, 243, 1, 29,  2.04,  7.06, 56.28,  132.06, 5000.00,    0.02,    4.29,    0.00, 0
29, 244, 1, 29,  1.48,  5.82, 56.29,  132.73, 5000.00,    0.01,    2.42,    0.00, 0
29, 245, 1, 29,  1.43,  5.91, 56.40,  132.36, 5000.00,    0.01,    2.27,    0.00, 0
29, 246, 1, 29,  1.28,  5.93, 56.84,  133.03, 5000.00,    0.01,    2.51,    0.00, 0
29, 247, 1, 29,  1.04,  5.97, 57.10,  132.90, 5000.00,    0.01,    2.29,    0.00, 0
29, 248, 1, 29,  0.94,  6.12, 57.50,  132.20, 5000.00,    0.01,    2.46,    0.00, 0
29, 249, 1, 29,  0.91,  6.10, 58.12,  132.20, 5000.00,    0.01,    2.45,    0.00, 0
29, 250, 1, 29,  0.85,  6.09, 58.95,  131.98, 5000.00,    0.01,    2.37,    0.00, 0
29, 251, 1, 29,  0.85,  6.21, 60.19,  132.10, 5000.00,    0.01,    2.42,    0.00, 0
29, 252, 1, 29,  0.82,  6.11, 62.25,  132.31, 5000.00,    0.01,    2.53,    0.00, 0
29, 253, 1, 29,  0.74,  6.16, 64.60,  132.23, 5000.00,    0.01,    2.56,    0.00, 0
29, 254, 1, 29,  0.66,  6.13, 68.29,  132.27, 5000.00,    0.01,    2.44,    0.00, 0
29, 255, 1, 29,  0.59,  6.19, 70.72,  132.03, 5000.00,    0.01,    2.46,    0.00, 0
29, 256, 1, 29,  0.55,  6.18, 72.57,  131.91, 5000.00,    0.01,    2.38,    0.00, 0
29, 257, 1, 29,  0.54,  6.27, 73.77,  131.70, 5000.00,    0.01,    2.61,    0.00, 0
29, 258, 1, 29,  0.51,  6.24, 74.58,  131.63, 5000.00,    0.01,    2.53,    0.00, 0
29, 259, 1, 29,  0.49,  6.22, 75.22,  131.50, 5000.00,    0.01,    2.49,    0.00, 0
29, 260, 1, 29,  0.47,  6.16, 75.75,  131.59, 5000.00,    0.01,    2.37,    0.00, 0
29, 261, 1, 29,  0.47,  6.04, 76.05,  131.45, 5000.00,    0.01,    2.16,    0.00, 0
29, 262, 1, 29,  0.48,  6.61, 76.35,  131.16, 5000.00,    0.01,    2.88,    0.00, 0
29, 263, 1, 29,  0.46,  6.09, 76.51,  131.26, 5000.00,    0.01,    2.16,    0.00, 0
29, 264, 1, 29,  0.46,  5.98, 76.52,  132.02, 5000.00,    0.01,    2.24,    0.00, 0
29, 265, 1, 29,  1.44,  5.82, 56.33,  132.73, 5000.00,    0.01,    2.28,    0.00, 0
29, 266, 1, 29,  1.38,  5.87, 56.43,  132.83, 5000.00,    0.01,    2.38,    0.00, 0
29, 267, 1, 29,  1.33,  5.89, 56.54,  132.72, 5000.00,    0.01,    2.38,    0.00, 0
29, 268, 1, 29,  1.15,  5.93, 56.95,  133.08, 5000.00,    0.01,    2.50,    0.00, 0
29, 269, 1, 29,  0.88,  5.94, 57.30,  133.31, 5000.00,    0.01,    2.58,    0.00, 0
29, 270, 1, 29,  0.85,  5.94, 57.76,  133.23, 5000.00,    0.01,    2.56,    0.00, 0
29, 271, 1, 29,  0.81,  5.95, 58.54,  133.38, 5000.00,    0.01,    2.60,    0.00, 0
29, 272, 1, 29,  0.74,  5.95, 59.40,  133.53, 5000.00,    0.01,    2.67,    0.00, 0
29, 273, 1, 29,  0.75,  5.97, 60.08,  132.42, 5000.00,    0.01,    2.34,    0.00, 0
29, 274, 1, 29,  0.72,  5.96, 62.85,  133.29, 5000.00,    0.01,    2.56,    0.00, 0
29, 275, 1, 29,  0.64,  5.97, 64.98,  133.52, 5000.00,    0.01,    2.65,    0.00, 0
29, 276, 1, 29,  0.55,  5.97, 68.52,  133.24, 5000.00,    0.01,    2.46,    0.00, 0
29, 277, 1, 29,  0.56,  7.48, 70.50,  132.47, 5000.00,    0.02,    4.67,    0.00, 0
29, 278, 1, 29,  0.46,  5.98, 72.36,  133.30, 5000.00,    0.01,    2.76,    0.00, 0
29, 279, 1, 29,  0.44,  5.98, 73.84,  132.47, 5000.00,    0.01,    2.46,    0.00, 0
29, 280, 1, 29,  0.42,  5.99, 74.49,  132.79, 5000.00,    0.01,    2.53,    0.00, 0
29, 281, 1, 29,  0.39,  5.99, 75.27,  132.19, 5000.00,    0.01,    2.34,    0.00, 0
29, 282, 1, 29,  0.38,  5.99, 75.54,  132.85, 5000.00,    0.01,    2.61,    0.00, 0
29, 283, 1, 29,  0.38,  5.99, 75.90,  132.84, 5000.00,    0.01,    2.60,    0.00, 0
29, 284, 1, 29,  0.38,  5.99, 76.33,  132.21, 5000.00,    0.01,    2.39,    0.00, 0
29, 285, 1, 29,  0.36,  5.99, 76.52,  132.03, 5000.00,    0.01,    2.33,    0.00, 0
29, 286, 1, 29,  0.36,  5.99, 76.53,  132.43, 5000.00,    0.01,    2.45,    0.00, 0
29, 287, 1, 29,  5.87,  1.55, 56.09,  132.32, 5000.00,    0.01,    1.65,    0.00, 0
29, 288, 1, 29,  5.88,  1.55, 56.17,  132.32, 5000.00,    0.01,    1.66,    0.00, 0
29, 289, 1, 29,  5.90,  1.56, 56.22,  132.35, 5000.00,    0.01,    1.71,    0.00, 0
29, 290, 1, 29,  5.85,  1.47, 56.53,  132.64, 5000.00,    0.01,    1.69,    0.00, 0
29, 291, 1, 29,  5.95,  1.49, 56.84,  132.37, 5000.00,    0.01,    1.74,    0.00, 0
29, 292, 1, 29,  6.56,  1.60, 57.60,  133.44, 5000.00,    0.02,    3.16,    0.00, 0
29, 293, 1, 29,  6.53,  1.59, 58.08,  133.62, 5000.00,    0.02,    3.14,    0.00, 0
29, 294, 1, 29,  6.11,  1.52, 58.78,  132.53, 5000.00,    0.01,    2.10,    0.00, 0
29, 295, 1, 29,  5.91,  1.47, 59.97,  132.63, 5000.00,    0.01,    1.84,    0.00, 0
29, 296, 1, 29,  5.92,  1.47, 61.71,  132.74, 5000.00,    0.01,    1.84,    0.00, 0
29, 297, 1, 29,  5.97,  1.49, 63.96,  133.07, 5000.00,    0.02,    2.05,    0.00, 0
29, 298, 1, 29,  5.82,  1.44, 67.22,  133.08, 5000.00,    0.02,    1.88,    0.00, 0
29, 299, 1, 29,  5.82,  1.45, 70.03,  133.35, 5000.00,    0.02,    1.98,    0.00, 0
29, 300, 1, 29,  6.11,  1.55, 71.98,  133.63, 5000.00,    0.02,    2.50,    0.00, 0
29, 301, 1, 29,  5.91,  1.48, 72.96,  133.63, 5000.00,    0.02,    2.21,    0.00, 0
29, 302, 1, 29,  6.51,  1.68, 73.80,  133.34, 5000.00,    0.02,    3.08,    0.00, 0
29, 303, 1, 29,  6.52,  1.68, 74.52,  133.28, 5000.00,    0.02,    3.06,    0.00, 0
29, 304, 1, 29,  6.50,  1.67, 75.04,  133.11, 5000.00,    0.02,    2.98,    0.00, 0
29, 305, 1, 29,  6.49,  1.66, 75.40,  133.09, 5000.00,    0.02,    2.97,    0.00, 0
29, 306, 1, 29,  6.52,  1.67, 75.68,  133.18, 5000.00,    0.02,    3.03,    0.00, 0
29, 307, 1, 29,  6.52,  1.67, 75.86,  133.30, 5000.00,    0.02,    3.06,    0.00, 0
29, 308, 1, 29,  6.45,  1.65, 75.97,  133.22, 5000.00,    0.02,    2.93,    0.00, 0
29, 309, 1, 29,  5.89,  1.59, 56.05,  132.17, 5000.00,    0.01,    1.62,    0.00, 0
29, 310, 1, 29,  5.88,  1.58, 56.14,  132.18, 5000.00,    0.01,    1.59,    0.00, 0
29, 311, 1, 29,  5.94,  1.61, 56.20,  132.19, 5000.00,    0.01,    1.70,    0.00, 0
29, 312, 1, 29,  5.95,  1.54, 56.44,  132.37, 5000.00,    0.01,    1.80,    0.00, 0
29, 313, 1, 29,  5.96,  1.53, 56.80,  132.21, 5000.00,    0.01,    1.76,    0.00, 0
29, 314, 1, 29,  6.00,  1.48, 57.23,  132.38, 5000.00,    0.01,    1.83,    0.00, 0
29, 315, 1, 29,  5.86,  1.43, 57.89,  132.52, 5000.00,    0.01,    1.64,    0.00, 0
29, 316, 1, 29,  6.12,  1.58, 58.81,  132.39, 5000.00,    0.01,    2.07,    0.00, 0
29, 317, 1, 29,  5.99,  1.53, 59.94,  132.33, 5000.00,    0.01,    1.84,    0.00, 0
29, 318, 1, 29,  5.98,  1.53, 61.63,  132.39, 5000.00,    0.01,    1.86,    0.00, 0
29, 319, 1, 29,  5.93,  1.52, 63.92,  132.51, 5000.00,    0.01,    1.84,    0.00, 0
29, 320, 1, 29,  5.86,  1.49, 67.21,  132.58, 5000.00,    0.01,    1.79,    0.00, 0
29, 321, 1, 29,  5.82,  1.48, 70.27,  132.46, 5000.00,    0.01,    1.67,    0.00, 0
29, 322, 1, 29,  5.82,  1.48, 72.04,  132.34, 5000.00,    0.01,    1.63,    0.00, 0
29, 323, 1, 29,  5.85,  1.48, 73.17,  132.28, 5000.00,    0.01,    1.67,    0.00, 0
29, 324, 1, 29,  5.86,  1.49, 74.02,  132.21, 5000.00,    0.01,    1.66,    0.00, 0
29, 325, 1, 29,  5.89,  1.50, 74.63,  132.17, 5000.00,    0.01,    1.70,    0.00, 0
29, 326, 1, 29,  5.87,  1.49, 75.14,  132.16, 5000.00,    0.01,    1.60,    0.00, 0
29, 327, 1, 29,  5.83,  1.47, 75.48,  132.17, 5000.00,    0.01,    1.54,    0.00, 0
29, 328, 1, 29,  5.82,  1.47, 75.74,  132.28, 5000.00,    0.01,    1.57,    0.00, 0
29, 329, 1, 29,  6.17,  1.59, 75.94,  132.19, 5000.00,    0.01,    2.09,    0.00, 0
29, 330, 1, 29,  5.82,  1.47, 76.02,  132.36, 5000.00,    0.01,    1.61,    0.00, 0
29, 331, 1, 29,  5.82,  1.62, 55.89,  132.75, 5000.00,    0.01,    1.64,    0.00, 0
29, 332, 1, 29,  5.94,  1.67, 55.93,  132.30, 5000.00,    0.01,    1.66,    0.00, 0
29, 333, 1, 29,  5.90,  1.65, 56.07,  132.29, 5000.00,    0.01,    1.60,    0.00, 0
29, 334, 1, 29,  5.94,  1.60, 56.30,  132.34, 5000.00,    0.01,    1.65,    0.00, 0
29, 335, 1, 29,  5.94,  1.59, 56.67,  132.41, 5000.00,    0.01,    1.70,    0.00, 0
29, 336, 1, 29,  6.05,  1.56, 57.04,  132.15, 5000.00,    0.01,    1.77,    0.00, 0
29, 337, 1, 29,  6.35,  1.66, 57.80,  132.53, 5000.00,    0.01,    2.43,    0.00, 0
29, 338, 1, 29,  5.94,  1.59, 58.68,  132.53, 5000.00,    0.01,    1.60,    0.00, 0
29, 339, 1, 29,  5.90,  1.58, 59.86,  132.58, 5000.00,    0.01,    1.47,    0.00, 0
29, 340, 1, 29,  5.91,  1.58, 61.62,  132.65, 5000.00,    0.01,    1.54,    0.00, 0
29, 341, 1, 29,  5.82,  1.55, 63.90,  132.71, 5000.00,    0.01,    1.44,    0.00, 0
29, 342, 1, 29,  5.81,  1.55, 67.14,  132.73, 5000.00,    0.01,    1.49,    0.00, 0
29, 343, 1, 29,  5.90,  1.58, 70.12,  132.62, 5000.00,    0.01,    1.60,    0.00, 0
29, 344, 1, 29,  6.27,  1.72, 71.94,  132.42, 5000.00,    0.01,    2.13,    0.00, 0
29, 345, 1, 29,  5.99,  1.61, 73.09,  132.38, 5000.00,    0.01,    1.68,    0.00, 0
29, 346, 1, 29,  6.12,  1.66, 73.99,  132.25, 5000.00,    0.01,    1.85,    0.00, 0
29, 347, 1, 29,  5.80,  1.52, 74.64,  132.06, 5000.00,    0.01,    1.51,    0.00, 0
29, 348, 1, 29,  6.30,  1.73, 75.17,  132.20, 5000.00,    0.01,    2.38,    0.00, 0
29, 349, 1, 29,  6.32,  1.74, 75.53,  132.14, 5000.00,    0.01,    2.39,    0.00, 0
29, 350, 1, 29,  6.31,  1.73, 75.79,  132.15, 5000.00,    0.01,    2.39,    0.00, 0
29, 351, 1, 29,  6.32,  1.74, 75.97,  131.86, 5000.00,    0.01,    2.27,    0.00, 0
29, 352, 1, 29,  6.26,  1.73, 76.03,  132.17, 5000.00,    0.01,    2.29,    0.00, 0
29, 353, 1, 29,  5.93,  1.81, 56.08,  132.31, 5000.00,    0.01,    1.86,    0.00, 0
29, 354, 1, 29,  6.17,  1.94, 56.16,  132.43, 5000.00,    0.01,    2.32,    0.00, 0
29, 355, 1, 29,  6.15,  1.94, 56.25,  132.43, 5000.00,    0.01,    2.30,    0.00, 0
29, 356, 1, 29,  6.21,  1.88, 56.57,  132.63, 5000.00,    0.01,    2.28,    0.00, 0
29, 357, 1, 29,  5.82,  1.68, 57.03,  132.49, 5000.00,    0.01,    1.51,    0.00, 0
29, 358, 1, 29,  6.00,  1.69, 57.52,  132.49, 5000.00,    0.01,    1.81,    0.00, 0
29, 359, 1, 29,  5.95,  1.67, 58.10,  132.45, 5000.00,    0.01,    1.72,    0.00, 0
29, 360, 1, 29,  5.86,  1.69, 58.95,  132.35, 5000.00,    0.01,    1.44,    0.00, 0
29, 361, 1, 29,  5.82,  1.67, 60.14,  132.37, 5000.00,    0.01,    1.38,    0.00, 0
29, 362, 1, 29,  5.81,  1.67, 61.85,  132.41, 5000.00,    0.01,    1.40,    0.00, 0
29, 363, 1, 29,  5.80,  1.67, 64.13,  132.48, 5000.00,    0.01,    1.44,    0.00, 0
29, 364, 1, 29,  5.79,  1.67, 67.32,  132.51, 5000.00,    0.01,    1.47,    0.00, 0
29, 365, 1, 29,  5.79,  1.66, 70.24,  132.39, 5000.00,    0.01,    1.41,    0.00, 0
29, 366, 1, 29,  5.78,  1.66, 72.01,  132.31, 5000.00,    0.01,    1.38,    0.00, 0
29, 367, 1, 29,  5.78,  1.65, 73.17,  132.26, 5000.00,    0.01,    1.36,    0.00, 0
29, 368, 1, 29,  5.78,  1.65, 74.03,  132.19, 5000.00,    0.01,    1.33,    0.00, 0
29, 369, 1, 29,  5.77,  1.65, 74.65,  132.11, 5000.00,    0.01,    1.31,    0.00, 0
29, 370, 1, 29,  6.34,  1.93, 75.25,  131.99, 5000.00,    0.01,    2.23,    0.00, 0
29, 371, 1, 29,  6.29,  1.91, 75.60,  131.89, 5000.00,    0.01,    2.37,    0.00, 0
29, 372, 1, 29,  6.31,  1.92, 75.84,  131.78, 5000.00,    0.01,    2.38,    0.00, 0
29, 373, 1, 29,  6.32,  1.93, 76.02,  131.46, 5000.00,    0.01,    2.25,    0.00, 0
29, 374, 1, 29,  6.31,  1.94, 76.05,  131.86, 5000.00,    0.02,    2.39,    0.00, 0
29, 375, 1, 29,  5.70,  1.87, 56.19,  132.08, 5000.00,    0.01,    1.18,    0.00, 0
29, 376, 1, 29,  5.70,  1.88, 56.25,  132.10, 5000.00,    0.01,    1.19,    0.00, 0
29, 377, 1, 29,  5.76,  1.92, 56.31,  132.14, 5000.00,    0.01,    1.31,    0.00, 0
29, 378, 1, 29,  5.75,  1.84, 56.59,  132.28, 5000.00,    0.01,    1.33,    0.00, 0
29, 379, 1, 29,  5.71,  1.84, 56.93,  132.23, 5000.00,    0.01,    1.26,    0.00, 0
29, 380, 1, 29,  5.76,  1.81, 57.39,  132.40, 5000.00,    0.01,    1.41,    0.00, 0
29, 381, 1, 29,  5.88,  1.89, 58.02,  132.31, 5000.00,    0.01,    1.52,    0.00, 0
29, 382, 1, 29,  5.84,  1.93, 58.88,  132.24, 5000.00,    0.01,    1.44,    0.00, 0
29, 383, 1, 29,  5.80,  1.91, 60.10,  132.24, 5000.00,    0.01,    1.39,    0.00, 0
29, 384, 1, 29,  5.76,  1.88, 61.83,  132.26, 5000.00,    0.01,    1.33,    0.00, 0
29, 385, 1, 29,  5.73,  1.87, 64.12,  132.30, 5000.00,    0.01,    1.32,    0.00, 0
29, 386, 1, 29,  5.72,  1.87, 67.33,  132.31, 5000.00,    0.01,    1.34,    0.00, 0
29, 387, 1, 29,  5.82,  1.93, 70.26,  132.18, 5000.00,    0.01,    1.47,    0.00, 0
29, 388, 1, 29,  5.97,  2.03, 72.07,  132.02, 5000.00,    0.01,    1.68,    0.00, 0
29, 389, 1, 29,  5.98,  2.02, 73.24,  131.93, 5000.00,    0.01,    1.67,    0.00, 0
29, 390, 1, 29,  6.08,  2.10, 74.11,  131.79, 5000.00,    0.01,    1.81,    0.00, 0
29, 391, 1, 29,  6.13,  2.13, 74.74,  131.63, 5000.00,    0.01,    1.85,    0.00, 0
29, 392, 1, 29,  6.29,  2.25, 75.29,  131.49, 5000.00,    0.01,    2.12,    0.00, 0
29, 393, 1, 29,  6.24,  2.22, 75.60,  131.33, 5000.00,    0.01,    1.99,    0.00, 0
29, 394, 1, 29,  6.29,  2.26, 75.83,  131.40, 5000.00,    0.01,    2.13,    0.00, 0
29, 395, 1, 29,  6.24,  2.23, 76.01,  131.20, 5000.00,    0.01,    2.23,    0.00, 0
29, 396, 1, 29,  6.16,  2.20, 76.07,  131.62, 5000.00,    0.01,    2.27,    0.00, 0
29, 397, 1, 29,  5.50,  2.38, 56.04,  133.17, 5000.00,    0.01,    1.69,    0.00, 0
29, 398, 1, 29,  5.65,  2.38, 56.05,  132.18, 5000.00,    0.01,    1.48,    0.00, 0
29, 399, 1, 29,  5.67,  2.39, 56.16,  132.03, 5000.00,    0.01,    1.44,    0.00, 0
29, 400, 1, 29,  5.69,  2.35, 56.41,  132.32, 5000.00,    0.01,    1.56,    0.00, 0
29, 401, 1, 29,  5.61,  2.34, 56.77,  132.29, 5000.00,    0.01,    1.46,    0.00, 0
29, 402, 1, 29,  5.66,  2.31, 57.22,  132.24, 5000.00,    0.01,    1.51,    0.00, 0
29, 403, 1, 29,  5.77,  2.42, 57.84,  132.13, 5000.00,    0.01,    1.63,    0.00, 0
29, 404, 1, 29,  5.74,  2.47, 58.71,  132.08, 5000.00,    0.01,    1.60,    0.00, 0
29, 405, 1, 29,  5.71,  2.44, 59.94,  132.07, 5000.00,    0.01,    1.54,    0.00, 0
29, 406, 1, 29,  5.66,  2.41, 61.69,  132.06, 5000.00,    0.01,    1.46,    0.00, 0
29, 407, 1, 29,  5.62,  2.38, 64.03,  132.09, 5000.00,    0.01,    1.42,    0.00, 0
29, 408, 1, 29,  5.59,  2.37, 67.30,  132.11, 5000.00,    0.01,    1.41,    0.00, 0
29, 409, 1, 29,  5.69,  2.46, 70.30,  131.95, 5000.00,    0.01,    1.55,    0.00, 0
29, 410, 1, 29,  5.77,  2.54, 72.13,  131.81, 5000.00,    0.01,    1.66,    0.00, 0
29, 411, 1, 29,  5.80,  2.55, 73.33,  131.70, 5000.00,    0.01,    1.69,    0.00, 0
29, 412, 1, 29,  5.78,  2.56, 74.21,  131.62, 5000.00,    0.01,    1.65,    0.00, 0
29, 413, 1, 29,  6.13,  2.84, 74.84,  131.38, 5000.00,    0.01,    2.20,    0.00, 0
29, 414, 1, 29,  6.09,  2.84, 75.38,  131.35, 5000.00,    0.01,    2.16,    0.00, 0
29, 415, 1, 29,  5.76,  2.58, 75.74,  131.21, 5000.00,    0.01,    1.52,    0.00, 0
29, 416, 1, 29,  6.01,  2.77, 75.97,  130.92, 5000.00,    0.01,    1.86,    0.00, 0
29, 417, 1, 29,  6.31,  2.97, 76.12,  130.86, 5000.00,    0.01,    2.16,    0.00, 0
29, 418, 1, 29,  5.97,  2.83, 76.12,  131.47, 5000.00,    0.01,    2.37,    0.00, 0
29, 419, 1, 29,  5.06,  3.19, 55.95,  132.36, 5000.00,    0.01,    1.38,    0.00, 0
29, 420, 1, 29,  5.16,  3.26, 56.00,  131.92, 5000.00,    0.01,    1.38,    0.00, 0
29, 421, 1, 29,  5.16,  3.27, 56.07,  131.93, 5000.00,    0.01,    1.40,    0.00, 0
29, 422, 1, 29,  5.14,  3.31, 56.31,  132.26, 5000.00,    0.01,    1.57,    0.00, 0
29, 423, 1, 29,  5.14,  3.40, 56.69,  132.10, 5000.00,    0.01,    1.56,    0.00, 0
29, 424, 1, 29,  5.19,  3.36, 57.15,  132.06, 5000.00,    0.01,    1.46,    0.00, 0
29, 425, 1, 29,  5.22,  3.39, 57.78,  131.98, 5000.00,    0.01,    1.50,    0.00, 0
29, 426, 1, 29,  5.19,  3.46, 58.64,  131.92, 5000.00,    0.01,    1.51,    0.00, 0
29, 427, 1, 29,  5.19,  3.45, 59.85,  131.88, 5000.00,    0.01,    1.49,    0.00, 0
29, 428, 1, 29,  5.13,  3.42, 61.58,  131.86, 5000.00,    0.01,    1.41,    0.00, 0
29, 429, 1, 29,  5.19,  3.47, 63.92,  131.88, 5000.00,    0.01,    1.54,    0.00, 0
29, 430, 1, 29,  5.09,  3.43, 67.22,  131.97, 5000.00,    0.01,    1.33,    0.00, 0
29, 431, 1, 29,  5.11,  3.47, 70.25,  131.72, 5000.00,    0.01,    1.41,    0.00, 0
29, 432, 1, 29,  5.18,  3.57, 72.04,  131.57, 5000.00,    0.01,    1.53,    0.00, 0
29, 433, 1, 29,  5.22,  3.59, 73.24,  131.44, 5000.00,    0.01,    1.55,    0.00, 0
29, 434, 1, 29,  5.29,  3.68, 74.09,  131.28, 5000.00,    0.01,    1.68,    0.00, 0
29, 435, 1, 29,  5.22,  3.65, 74.74,  131.16, 5000.00,    0.01,    1.54,    0.00, 0
29, 436, 1, 29,  5.58,  3.97, 75.26,  130.92, 5000.00,    0.01,    2.18,    0.00, 0
29, 437, 1, 29,  5.38,  3.85, 75.61,  130.86, 5000.00,    0.01,    1.85,    0.00, 0
29, 438, 1, 29,  5.44,  3.92, 75.81,  130.73, 5000.00,    0.01,    1.96,    0.00, 0
29, 439, 1, 29,  5.50,  3.98, 75.94,  130.66, 5000.00,    0.01,    2.06,    0.00, 0
29, 440, 1, 29,  5.35,  3.83, 76.03,  130.95, 5000.00,    0.01,    1.84,    0.00, 0
29, 441, 1, 29,  3.56,  4.80, 55.82,  132.93, 5000.00,    0.01,    1.63,    0.00, 0
29, 442, 1, 29,  3.76,  4.82, 55.81,  132.18, 5000.00,    0.01,    1.56,    0.00, 0
29, 443, 1, 29,  3.82,  4.76, 55.89,  131.80, 5000.00,    0.01,    1.40,    0.00, 0
29, 444, 1, 29,  3.78,  4.87, 56.11,  132.04, 5000.00,    0.01,    1.60,    0.00, 0
29, 445, 1, 29,  3.58,  5.01, 56.51,  132.08, 5000.00,    0.01,    1.60,    0.00, 0
29, 446, 1, 29,  3.55,  4.94, 57.00,  131.99, 5000.00,    0.01,    1.48,    0.00, 0
29, 447, 1, 29,  3.58,  5.05, 57.63,  131.94, 5000.00,    0.01,    1.43,    0.00, 0
29, 448, 1, 29,  3.49,  5.06, 58.50,  131.89, 5000.00,    0.01,    1.37,    0.00, 0
29, 449, 1, 29,  3.47,  4.95, 59.73,  131.81, 5000.00,    0.01,    1.22,    0.00, 0
29, 450, 1, 29,  3.41,  4.91, 61.47,  131.77, 5000.00,    0.01,    1.13,    0.00, 0
29, 451, 1, 29,  3.70,  4.68, 63.80,  131.64, 5000.00,    0.01,    1.15,    0.00, 0
29, 452, 1, 29,  3.67,  4.74, 67.17,  131.68, 5000.00,    0.01,    1.29,    0.00, 0
29, 453, 1, 29,  3.78,  4.90, 70.33,  131.45, 5000.00,    0.01,    1.47,    0.00, 0
29, 454, 1, 29,  3.76,  4.96, 72.13,  131.29, 5000.00,    0.01,    1.47,    0.00, 0
29, 455, 1, 29,  3.72,  4.90, 73.32,  131.17, 5000.00,    0.01,    1.34,    0.00, 0
29, 456, 1, 29,  3.42,  5.11, 74.14,  131.14, 5000.00,    0.01,    1.31,    0.00, 0
29, 457, 1, 29,  3.74,  5.03, 74.84,  130.93, 5000.00,    0.01,    1.44,    0.00, 0
29, 458, 1, 29,  3.73,  5.08, 75.36,  130.85, 5000.00,    0.01,    1.48,    0.00, 0
29, 459, 1, 29,  3.80,  5.18, 75.73,  130.74, 5000.00,    0.01,    1.60,    0.00, 0
29, 460, 1, 29,  3.93,  5.34, 75.91,  130.45, 5000.00,    0.01,    1.80,    0.00, 0
29, 461, 1, 29,  3.56,  4.91, 76.07,  130.49, 5000.00,    0.01,    1.16,    0.00, 0
29, 462, 1, 29,  3.50,  4.91, 76.16,  130.60, 5000.00,    0.01,    1.15,    0.00, 0
29, 463, 1, 29,  2.33,  5.52, 55.90,  132.43, 5000.00,    0.01,    1.60,    0.00, 0
29, 464, 1, 29,  2.43,  5.48, 55.94,  131.96, 5000.00,    0.01,    1.36,    0.00, 0
29, 465, 1, 29,  2.42,  5.48, 56.08,  131.91, 5000.00,    0.01,    1.34,    0.00, 0
29, 466, 1, 29,  2.25,  5.55, 56.30,  132.12, 5000.00,    0.01,    1.35,    0.00, 0
29, 467, 1, 29,  2.24,  5.99, 56.76,  132.19, 5000.00,    0.01,    1.96,    0.00, 0
29, 468, 1, 29,  2.19,  5.83, 57.19,  132.08, 5000.00,    0.01,    1.70,    0.00, 0
29, 469, 1, 29,  2.12,  5.75, 57.83,  132.07, 5000.00,    0.01,    1.55,    0.00, 0
29, 470, 1, 29,  2.07,  5.75, 58.70,  131.98, 5000.00,    0.01,    1.31,    0.00, 0
29, 471, 1, 29,  2.04,  5.63, 59.92,  131.94, 5000.00,    0.01,    1.12,    0.00, 0
29, 472, 1, 29,  2.01,  5.64, 61.65,  131.93, 5000.00,    0.01,    1.12,    0.00, 0
29, 473, 1, 29,  1.98,  5.65, 64.00,  131.99, 5000.00,    0.01,    1.15,    0.00, 0
29, 474, 1, 29,  1.91,  5.68, 67.28,  132.01, 5000.00,    0.01,    1.16,    0.00, 0
29, 475, 1, 29,  1.89,  5.68, 70.29,  131.79, 5000.00,    0.01,    1.08,    0.00, 0
29, 476, 1, 29,  1.86,  5.69, 72.11,  131.58, 5000.00,    0.01,    1.02,    0.00, 0
29, 477, 1, 29,  1.88,  5.68, 73.32,  131.48, 5000.00,    0.01,    0.99,    0.00, 0
29, 478, 1, 29,  1.87,  5.69, 74.19,  131.31, 5000.00,    0.01,    0.96,    0.00, 0
29, 479, 1, 29,  1.86,  5.71, 74.85,  131.18, 5000.00,    0.01,    0.95,    0.00, 0
29, 480, 1, 29,  1.90,  5.82, 75.40,  131.14, 5000.00,    0.01,    1.10,    0.00, 0
29, 481, 1, 29,  1.85,  5.70, 75.77,  131.01, 5000.00,    0.01,    1.00,    0.00, 0
29, 482, 1, 29,  1.87,  5.69, 75.98,  130.91, 5000.00,    0.01,    1.00,    0.00, 0
29, 483, 1, 29,  2.37,  6.46, 76.14,  130.26, 5000.00,    0.01,    2.47,    0.00, 0
29, 484, 1, 29,  2.02,  6.10, 76.17,  131.22, 5000.00,    0.01,    1.99,    0.00, 0
29, 485, 1, 29,  1.76,  5.73, 56.03,  132.72, 5000.00,    0.01,    1.59,    0.00, 0
29, 486, 1, 29,  1.76,  5.74, 56.09,  132.25, 5000.00,    0.01,    1.55,    0.00, 0
29, 487, 1, 29,  1.81,  5.74, 56.17,  131.92, 5000.00,    0.01,    1.51,    0.00, 0
29, 488, 1, 29,  1.72,  5.74, 56.40,  131.89, 5000.00,    0.01,    1.50,    0.00, 0
29, 489, 1, 29,  1.71,  6.34, 56.56,  131.69, 5000.00,    0.01,    2.33,    0.00, 0
29, 490, 1, 29,  1.79,  6.43, 57.14,  131.97, 5000.00,    0.01,    2.68,    0.00, 0
29, 491, 1, 29,  1.77,  6.43, 57.76,  131.92, 5000.00,    0.01,    2.74,    0.00, 0
29, 492, 1, 29,  1.71,  6.45, 58.64,  131.82, 5000.00,    0.01,    2.50,    0.00, 0
29, 493, 1, 29,  1.70,  6.46, 59.85,  131.65, 5000.00,    0.01,    2.38,    0.00, 0
29, 494, 1, 29,  1.56,  6.17, 61.61,  131.65, 5000.00,    0.01,    1.71,    0.00, 0
29, 495, 1, 29,  1.46,  5.96, 64.02,  131.78, 5000.00,    0.01,    1.39,    0.00, 0
29, 496, 1, 29,  1.34,  5.84, 67.38,  131.89, 5000.00,    0.01,    1.20,    0.00, 0
29, 497, 1, 29,  1.30,  5.85, 70.35,  131.75, 5000.00,    0.00,    1.08,    0.00, 0
29, 498, 1, 29,  1.26,  5.86, 72.16,  131.60, 5000.00,    0.00,    1.03,    0.00, 0
29, 499, 1, 29,  1.35,  6.24, 73.38,  131.46, 5000.00,    0.01,    1.53,    0.00, 0
29, 500, 1, 29,  1.33,  6.30, 74.25,  131.29, 5000.00,    0.01,    1.56,    0.00, 0
29, 501, 1, 29,  1.24,  5.90, 74.88,  131.23, 5000.00,    0.01,    1.34,    0.00, 0
29, 502, 1, 29,  1.23,  5.91, 75.42,  131.07, 5000.00,    0.01,    1.24,    0.00, 0
29, 503, 1, 29,  1.22,  5.87, 75.76,  130.95, 5000.00,    0.01,    1.18,    0.00, 0
29, 504, 1, 29,  1.31,  6.43, 75.98,  130.92, 5000.00,    0.01,    2.00,    0.00, 0
29, 505, 1, 29,  1.32,  6.52, 76.16,  130.67, 5000.00,    0.01,    2.06,    0.00, 0
29, 506, 1, 29,  1.20,  5.88, 76.28,  130.93, 5000.00,    0.01,    1.18,    0.00, 0
29, 507, 1, 29,  2.03,  6.97, 56.25,  131.72, 5000.00,    0.01,    3.27,    0.00, 0
29, 508, 1, 29,  1.90,  6.75, 56.27,  132.54, 5000.00,    0.01,    3.30,    0.00, 0
29, 509, 1, 29,  1.76,  6.35, 56.31,  132.27, 5000.00,    0.01,    2.57,    0.00, 0
29, 510, 1, 29,  1.46,  5.95, 56.55,  131.95, 5000.00,    0.01,    1.80,    0.00, 0
29, 511, 1, 29,  1.26,  6.13, 56.95,  132.30, 5000.00,    0.01,    2.14,    0.00, 0
29, 512, 1, 29,  1.21,  6.01, 57.41,  132.06, 5000.00,    0.01,    1.69,    0.00, 0
29, 513, 1, 29,  1.18,  6.06, 57.99,  131.93, 5000.00,    0.01,    1.72,    0.00, 0
29, 514, 1, 29,  1.13,  6.07, 58.84,  131.94, 5000.00,    0.01,    1.74,    0.00, 0
29, 515, 1, 29,  1.19,  6.33, 60.17,  132.01, 5000.00,    0.01,    2.21,    0.00, 0
29, 516, 1, 29,  1.11,  6.09, 61.98,  131.91, 5000.00,    0.01,    1.69,    0.00, 0
29, 517, 1, 29,  1.09,  6.28, 64.28,  131.74, 5000.00,    0.01,    1.89,    0.00, 0
29, 518, 1, 29,  0.96,  6.17, 67.93,  131.88, 5000.00,    0.01,    1.91,    0.00, 0
29, 519, 1, 29,  0.93,  6.35, 70.54,  131.76, 5000.00,    0.01,    2.06,    0.00, 0
29, 520, 1, 29,  0.85,  6.22, 72.34,  131.70, 5000.00,    0.01,    1.85,    0.00, 0
29, 521, 1, 29,  0.89,  6.40, 73.50,  131.55, 5000.00,    0.01,    2.03,    0.00, 0
29, 522, 1, 29,  0.86,  6.46, 74.37,  131.45, 5000.00,    0.01,    2.09,    0.00, 0
29, 523, 1, 29,  0.83,  6.52, 75.01,  131.33, 5000.00,    0.01,    2.13,    0.00, 0
29, 524, 1, 29,  0.82,  6.75, 75.57,  131.23, 5000.00,    0.01,    2.44,    0.00, 0
29, 525, 1, 29,  0.80,  5.95, 75.82,  131.09, 5000.00,    0.01,    1.30,    0.00, 0
29, 526, 1, 29,  0.80,  6.76, 76.16,  130.91, 5000.00,    0.01,    2.40,    0.00, 0
29, 527, 1, 29,  0.79,  6.74, 76.31,  130.99, 5000.00,    0.01,    2.54,    0.00, 0
29, 528, 1, 29,  0.76,  6.03, 76.39,  131.12, 5000.00,    0.01,    1.56,    0.00, 0
29, 529, 1, 29,  1.66,  6.26, 56.28,  132.93, 5000.00,    0.01,    2.66,    0.00, 0
29, 530, 1, 29,  1.43,  5.83, 56.36,  132.59, 5000.00,    0.01,    1.85,    0.00, 0
29, 531, 1, 29,  1.39,  5.84, 56.44,  132.33, 5000.00,    0.01,    1.76,    0.00, 0
29, 532, 1, 29,  1.29,  5.93, 56.84,  132.90, 5000.00,    0.01,    2.07,    0.00, 0
29, 533, 1, 29,  1.04,  6.04, 57.11,  132.78, 5000.00,    0.01,    1.44,    0.00, 0
29, 534, 1, 29,  1.03,  6.85, 57.46,  131.68, 5000.00,    0.01,    2.72,    0.00, 0
29, 535, 1, 29,  0.95,  6.29, 58.14,  132.20, 5000.00,    0.01,    2.09,    0.00, 0
29, 536, 1, 29,  0.88,  6.17, 58.94,  131.99, 5000.00,    0.01,    1.70,    0.00, 0
29, 537, 1, 29,  0.93,  5.93, 60.25,  132.30, 5000.00,    0.01,    1.48,    0.00, 0
29, 538, 1, 29,  0.86,  6.18, 62.23,  132.23, 5000.00,    0.01,    1.84,    0.00, 0
29, 539, 1, 29,  0.83,  5.99, 64.86,  132.40, 5000.00,    0.01,    1.57,    0.00, 0
29, 540, 1, 29,  0.69,  6.32, 68.16,  132.35, 5000.00,    0.01,    2.19,    0.00, 0
29, 541, 1, 29,  0.66,  6.37, 70.60,  132.06, 5000.00,    0.01,    2.18,    0.00, 0
29, 542, 1, 29,  0.58,  6.21, 72.44,  131.99, 5000.00,    0.01,    1.89,    0.00, 0
29, 543, 1, 29,  0.62,  6.46, 73.57,  131.79, 5000.00,    0.01,    2.16,    0.00, 0
29, 544, 1, 29,  0.58,  6.46, 74.41,  131.69, 5000.00,    0.01,    2.13,    0.00, 0
29, 545, 1, 29,  0.55,  6.46, 75.04,  131.60, 5000.00,    0.01,    2.07,    0.00, 0
29, 546, 1, 29,  0.52,  6.52, 75.56,  131.46, 5000.00,    0.01,    2.19,    0.00, 0
29, 547, 1, 29,  0.51,  6.57, 75.92,  131.38, 5000.00,    0.01,    2.24,    0.00, 0
29, 548, 1, 29,  0.51,  6.68, 76.15,  131.47, 5000.00,    0.01,    2.57,    0.00, 0
29, 549, 1, 29,  0.50,  6.66, 76.32,  131.41, 5000.00,    0.01,    2.51,    0.00, 0
29, 550, 1, 29,  0.49,  6.57, 76.45,  131.48, 5000.00,    0.01,    2.39,    0.00, 0
29, 551, 1, 29,  1.45,  5.82, 56.32,  132.76, 5000.00,    0.01,    1.91,    0.00, 0
29, 552, 1, 29,  1.36,  5.84, 56.44,  132.82, 5000.00,    0.01,    1.95,    0.00, 0
29, 553, 1, 29,  1.36,  5.97, 56.52,  132.73, 5000.00,    0.01,    2.10,    0.00, 0
29, 554, 1, 29,  1.18,  5.94, 56.92,  132.95, 5000.00,    0.01,    2.06,    0.00, 0
29, 555, 1, 29,  0.91,  5.94, 57.25,  133.19, 5000.00,    0.01,    2.07,    0.00, 0
29, 556, 1, 29,  0.87,  5.97, 57.64,  132.51, 5000.00,    0.01,    1.71,    0.00, 0
29, 557, 1, 29,  0.83,  5.94, 58.27,  132.55, 5000.00,    0.01,    1.67,    0.00, 0
29, 558, 1, 29,  0.77,  5.95, 59.11,  132.33, 5000.00,    0.01,    1.45,    0.00, 0
29, 559, 1, 29,  0.81,  6.13, 60.23,  132.19, 5000.00,    0.01,    1.71,    0.00, 0
29, 560, 1, 29,  0.74,  5.98, 62.57,  132.78, 5000.00,    0.01,    1.67,    0.00, 0
29, 561, 1, 29,  0.71,  6.14, 64.71,  132.45, 5000.00,    0.01,    1.80,    0.00, 0
29, 562, 1, 29,  0.57,  5.98, 68.42,  132.81, 5000.00,    0.01,    1.82,    0.00, 0
29, 563, 1, 29,  0.56,  6.81, 70.84,  132.50, 5000.00,    0.01,    2.95,    0.00, 0
29, 564, 1, 29,  0.46,  6.00, 72.52,  132.63, 5000.00,    0.01,    1.78,    0.00, 0
29, 565, 1, 29,  0.50,  6.23, 73.81,  131.98, 5000.00,    0.01,    1.89,    0.00, 0
29, 566, 1, 29,  0.46,  6.21, 74.59,  132.09, 5000.00,    0.01,    2.08,    0.00, 0
29, 567, 1, 29,  0.43,  6.11, 75.25,  132.00, 5000.00,    0.01,    1.93,    0.00, 0
29, 568, 1, 29,  0.40,  6.10, 75.71,  132.21, 5000.00,    0.01,    1.99,    0.00, 0
29, 569, 1, 29,  0.39,  6.09, 76.06,  132.23, 5000.00,    0.01,    1.91,    0.00, 0
29, 570, 1, 29,  0.38,  6.13, 76.39,  131.95, 5000.00,    0.01,    1.89,    0.00, 0
29, 571, 1, 29,  0.37,  6.18, 76.54,  131.96, 5000.00,    0.01,    1.95,    0.00, 0
29, 572, 1, 29,  0.37,  6.20, 76.54,  132.48, 5000.00,    0.01,    2.14,    0.00, 0
29, 573, 1, 29,  5.90,  1.56, 56.01,  133.26, 5000.00,    0.01,    1.02,    0.00, 0
29, 574, 1, 29,  5.97,  1.59, 56.08,  133.04, 5000.00,    0.01,    0.91,    0.00, 0
29, 575, 1, 29,  7.25,  2.01, 56.32,  133.18, 5000.00,    0.02,    3.05,    0.00, 0
29, 576, 1, 29,  5.94,  1.50, 56.54,  133.25, 5000.00,    0.01,    0.90,    0.00, 0
29, 577, 1, 29,  7.29,  1.87, 56.95,  133.51, 5000.00,    0.02,    3.30,    0.00, 0
29, 578, 1, 29,  5.95,  1.45, 57.46,  134.10, 5000.00,    0.02,    1.38,    0.00, 0
29, 579, 1, 29,  6.59,  1.61, 57.97,  133.56, 5000.00,    0.02,    2.20,    0.00, 0
29, 580, 1, 29,  5.83,  1.42, 58.69,  134.56, 5000.00,    0.02,    1.32,    0.00, 0
29, 581, 1, 29,  5.83,  1.44, 60.75,  135.32, 5000.00,    0.03,    1.64,    0.00, 0
29, 582, 1, 29,  6.02,  1.50, 61.74,  133.32, 5000.00,    0.01,    0.94,    0.00, 0
29, 583, 1, 29,  5.97,  1.49, 63.96,  133.42, 5000.00,    0.01,    0.94,    0.00, 0
29, 584, 1, 29,  5.89,  1.46, 67.15,  133.63, 5000.00,    0.02,    0.94,    0.00, 0
29, 585, 1, 29,  5.82,  1.45, 69.87,  133.84, 5000.00,    0.02,    0.94,    0.00, 0
29, 586, 1, 29,  6.41,  1.64, 71.67,  134.01, 5000.00,    0.02,    1.93,    0.00, 0
29, 587, 1, 29,  5.84,  1.46, 72.96,  134.06, 5000.00,    0.02,    1.30,    0.00, 0
29, 588, 1, 29,  6.54,  1.69, 73.68,  133.80, 5000.00,    0.02,    2.34,    0.00, 0
29, 589, 1, 29,  6.62,  1.71, 74.47,  133.67, 5000.00,    0.02,    2.40,    0.00, 0
29, 590, 1, 29,  6.60,  1.70, 74.95,  133.64, 5000.00,    0.02,    2.36,    0.00, 0
29, 591, 1, 29,  6.61,  1.70, 75.32,  133.57, 5000.00,    0.02,    2.35,    0.00, 0
29, 592, 1, 29,  6.57,  1.69, 75.64,  133.59, 5000.00,    0.02,    2.32,    0.00, 0
29, 593, 1, 29,  6.52,  1.67, 75.82,  133.77, 5000.00,    0.01,    2.24,    0.00, 0
29, 594, 1, 29,  6.52,  1.67, 75.92,  133.74, 5000.00,    0.02,    2.22,    0.00, 0
29, 595, 1, 29,  5.88,  1.59, 55.96,  133.08, 5000.00,    0.01,    0.79,    0.00, 0
29, 596, 1, 29,  6.05,  1.66, 56.03,  132.82, 5000.00,    0.01,    0.95,    0.00, 0
29, 597, 1, 29,  5.87,  1.54, 56.27,  133.38, 5000.00,    0.01,    0.87,    0.00, 0
29, 598, 1, 29,  6.03,  1.58, 56.44,  133.06, 5000.00,    0.01,    1.00,    0.00, 0
29, 599, 1, 29,  5.92,  1.48, 56.82,  133.21, 5000.00,    0.01,    1.02,    0.00, 0
29, 600, 1, 29,  6.11,  1.52, 57.18,  132.85, 5000.00,    0.01,    0.99,    0.00, 0
29, 601, 1, 29,  6.11,  1.51, 57.86,  132.93, 5000.00,    0.01,    0.93,    0.00, 0
29, 602, 1, 29,  6.51,  1.64, 58.69,  132.92, 5000.00,    0.01,    1.57,    0.00, 0
29, 603, 1, 29,  5.96,  1.49, 59.97,  133.42, 5000.00,    0.01,    0.88,    0.00, 0
29, 604, 1, 29,  6.58,  1.73, 61.67,  132.91, 5000.00,    0.01,    1.72,    0.00, 0
29, 605, 1, 29,  6.16,  1.59, 63.94,  133.12, 5000.00,    0.01,    1.11,    0.00, 0
29, 606, 1, 29,  6.09,  1.57, 67.14,  133.15, 5000.00,    0.01,    1.08,    0.00, 0
29, 607, 1, 29,  6.05,  1.55, 70.10,  133.00, 5000.00,    0.01,    0.97,    0.00, 0
29, 608, 1, 29,  6.07,  1.56, 71.89,  132.87, 5000.00,    0.01,    0.96,    0.00, 0
29, 609, 1, 29,  6.09,  1.56, 73.05,  132.76, 5000.00,    0.01,    0.96,    0.00, 0
29, 610, 1, 29,  6.13,  1.57, 73.92,  132.66, 5000.00,    0.01,    0.99,    0.00, 0
29, 611, 1, 29,  6.69,  1.76, 74.58,  132.38, 5000.00,    0.01,    1.75,    0.00, 0
29, 612, 1, 29,  6.72,  1.76, 75.10,  132.33, 5000.00,    0.01,    1.76,    0.00, 0
29, 613, 1, 29,  6.71,  1.76, 75.44,  132.34, 5000.00,    0.01,    1.76,    0.00, 0
29, 614, 1, 29,  6.57,  1.71, 75.75,  132.42, 5000.00,    0.01,    1.58,    0.00, 0
29, 615, 1, 29,  6.53,  1.70, 75.91,  132.50, 5000.00,    0.01,    1.84,    0.00, 0
29, 616, 1, 29,  6.73,  1.78, 76.03,  132.50, 5000.00,    0.01,    2.14,    0.00, 0
29, 617, 1, 29,  6.59,  2.01, 56.00,  133.40, 5000.00,    0.01,    2.08,    0.00, 0
29, 618, 1, 29,  6.93,  2.09, 56.02,  132.60, 5000.00,    0.01,    2.21,    0.00, 0
29, 619, 1, 29,  6.76,  1.93, 56.25,  133.09, 5000.00,    0.01,    1.97,    0.00, 0
29, 620, 1, 29,  6.13,  1.67, 56.45,  132.98, 5000.00,    0.01,    1.01,    0.00, 0
29, 621, 1, 29,  6.20,  1.63, 56.76,  132.88, 5000.00,    0.01,    1.06,    0.00, 0
29, 622, 1, 29,  6.67,  1.79, 57.29,  132.85, 5000.00,    0.01,    1.74,    0.00, 0
29, 623, 1, 29,  6.73,  1.80, 57.88,  132.74, 5000.00,    0.01,    1.76,    0.00, 0
29, 624, 1, 29,  6.46,  1.71, 58.82,  132.89, 5000.00,    0.01,    1.39,    0.00, 0
29, 625, 1, 29,  6.25,  1.64, 59.98,  132.99, 5000.00,    0.01,    1.09,    0.00, 0
29, 626, 1, 29,  6.12,  1.66, 61.76,  133.16, 5000.00,    0.01,    1.02,    0.00, 0
29, 627, 1, 29,  6.10,  1.65, 64.01,  133.20, 5000.00,    0.01,    1.03,    0.00, 0
29, 628, 1, 29,  6.16,  1.67, 67.16,  133.20, 5000.00,    0.01,    1.18,    0.00, 0
29, 629, 1, 29,  6.54,  1.82, 70.09,  132.83, 5000.00,    0.01,    1.70,    0.00, 0
29, 630, 1, 29,  6.62,  1.84, 71.89,  132.65, 5000.00,    0.01,    1.75,    0.00, 0
29, 631, 1, 29,  6.64,  1.84, 73.08,  132.52, 5000.00,    0.01,    1.74,    0.00, 0
29, 632, 1, 29,  6.68,  1.86, 73.95,  132.42, 5000.00,    0.01,    1.78,    0.00, 0
29, 633, 1, 29,  6.69,  1.86, 74.59,  132.37, 5000.00,    0.01,    1.78,    0.00, 0
29, 634, 1, 29,  6.70,  1.86, 75.13,  132.32, 5000.00,    0.01,    1.78,    0.00, 0
29, 635, 1, 29,  6.69,  1.86, 75.47,  132.33, 5000.00,    0.01,    1.77,    0.00, 0
29, 636, 1, 29,  6.53,  1.80, 75.76,  132.51, 5000.00,    0.01,    1.63,    0.00, 0
29, 637, 1, 29,  6.85,  1.92, 75.96,  132.08, 5000.00,    0.01,    2.20,    0.00, 0
29, 638, 1, 29,  6.78,  1.91, 76.04,  132.22, 5000.00,    0.01,    2.18,    0.00, 0
29, 639, 1, 29,  6.10,  1.83, 55.95,  133.00, 5000.00,    0.01,    1.23,    0.00, 0
29, 640, 1, 29,  6.27,  1.97, 56.09,  132.89, 5000.00,    0.01,    1.45,    0.00, 0
29, 641, 1, 29,  6.73,  2.12, 56.17,  132.69, 5000.00,    0.01,    2.14,    0.00, 0
29, 642, 1, 29,  6.39,  1.94, 56.52,  132.90, 5000.00,    0.01,    1.66,    0.00, 0
29, 643, 1, 29,  6.36,  1.81, 56.89,  132.71, 5000.00,    0.01,    1.33,    0.00, 0
29, 644, 1, 29,  6.56,  1.92, 57.40,  132.68, 5000.00,    0.01,    1.68,    0.00, 0
29, 645, 1, 29,  6.48,  1.88, 58.06,  132.75, 5000.00,    0.01,    1.60,    0.00, 0
29, 646, 1, 29,  6.50,  1.91, 58.87,  132.73, 5000.00,    0.01,    1.64,    0.00, 0
29, 647, 1, 29,  6.29,  1.81, 60.11,  132.95, 5000.00,    0.01,    1.35,    0.00, 0
29, 648, 1, 29,  6.45,  1.95, 61.85,  132.80, 5000.00,    0.01,    1.62,    0.00, 0
29, 649, 1, 29,  6.11,  1.80, 64.13,  132.98, 5000.00,    0.01,    1.11,    0.00, 0
29, 650, 1, 29,  6.25,  1.86, 67.24,  132.95, 5000.00,    0.01,    1.39,    0.00, 0
29, 651, 1, 29,  6.50,  1.98, 70.12,  132.69, 5000.00,    0.01,    1.71,    0.00, 0
29, 652, 1, 29,  6.53,  1.99, 71.90,  132.57, 5000.00,    0.01,    1.72,    0.00, 0
29, 653, 1, 29,  6.55,  1.99, 73.09,  132.50, 5000.00,    0.01,    1.72,    0.00, 0
29, 654, 1, 29,  6.57,  2.00, 73.97,  132.43, 5000.00,    0.01,    1.74,    0.00, 0
29, 655, 1, 29,  6.58,  2.00, 74.63,  132.38, 5000.00,    0.01,    1.74,    0.00, 0
29, 656, 1, 29,  6.56,  2.00, 75.20,  132.35, 5000.00,    0.01,    1.72,    0.00, 0
29, 657, 1, 29,  6.82,  2.11, 75.57,  132.20, 5000.00,    0.01,    2.05,    0.00, 0
29, 658, 1, 29,  6.46,  1.96, 75.82,  132.28, 5000.00,    0.01,    1.57,    0.00, 0
29, 659, 1, 29,  6.90,  2.15, 76.02,  131.57, 5000.00,    0.01,    1.99,    0.00, 0
29, 660, 1, 29,  6.36,  1.93, 76.05,  132.10, 5000.00,    0.02,    1.63,    0.00, 0
29, 661, 1, 29,  6.03,  2.05, 56.21,  132.78, 5000.00,    0.01,    1.02,    0.00, 0
29, 662, 1, 29,  6.05,  2.07, 56.31,  132.62, 5000.00,    0.01,    1.00,    0.00, 0
29, 663, 1, 29,  6.54,  2.29, 56.35,  132.45, 5000.00,    0.01,    1.80,    0.00, 0
29, 664, 1, 29,  6.39,  2.21, 56.61,  132.59, 5000.00,    0.01,    1.62,    0.00, 0
29, 665, 1, 29,  6.51,  2.20, 56.94,  132.55, 5000.00,    0.01,    1.69,    0.00, 0
29, 666, 1, 29,  6.48,  2.20, 57.48,  132.68, 5000.00,    0.01,    1.72,    0.00, 0
29, 667, 1, 29,  6.54,  2.22, 58.11,  132.55, 5000.00,    0.01,    1.73,    0.00, 0
29, 668, 1, 29,  6.56,  2.25, 58.96,  132.49, 5000.00,    0.01,    1.74,    0.00, 0
29, 669, 1, 29,  6.57,  2.26, 60.19,  132.48, 5000.00,    0.01,    1.76,    0.00, 0
29, 670, 1, 29,  6.53,  2.30, 61.90,  132.50, 5000.00,    0.01,    1.74,    0.00, 0
29, 671, 1, 29,  6.49,  2.30, 64.19,  132.55, 5000.00,    0.01,    1.72,    0.00, 0
29, 672, 1, 29,  6.44,  2.27, 67.35,  132.58, 5000.00,    0.01,    1.68,    0.00, 0
29, 673, 1, 29,  6.53,  2.32, 70.22,  132.40, 5000.00,    0.01,    1.75,    0.00, 0
29, 674, 1, 29,  6.58,  2.34, 72.00,  132.27, 5000.00,    0.01,    1.77,    0.00, 0
29, 675, 1, 29,  6.63,  2.35, 73.19,  132.15, 5000.00,    0.01,    1.81,    0.00, 0
29, 676, 1, 29,  6.67,  2.38, 74.07,  132.03, 5000.00,    0.01,    1.83,    0.00, 0
29, 677, 1, 29,  6.72,  2.41, 74.70,  131.89, 5000.00,    0.01,    1.87,    0.00, 0
29, 678, 1, 29,  6.84,  2.48, 75.26,  131.69, 5000.00,    0.01,    2.01,    0.00, 0
29, 679, 1, 29,  6.85,  2.49, 75.58,  131.60, 5000.00,    0.01,    2.01,    0.00, 0
29, 680, 1, 29,  6.83,  2.49, 75.83,  131.60, 5000.00,    0.01,    2.01,    0.00, 0
29, 681, 1, 29,  7.14,  2.64, 76.05,  130.98, 5000.00,    0.01,    2.25,    0.00, 0
29, 682, 1, 29,  6.86,  2.52, 76.08,  131.62, 5000.00,    0.01,    2.11,    0.00, 0
29, 683, 1, 29,  5.75,  2.45, 56.06,  133.08, 5000.00,    0.01,    1.00,    0.00, 0
29, 684, 1, 29,  6.42,  2.90, 56.11,  132.28, 5000.00,    0.01,    1.87,    0.00, 0
29, 685, 1, 29,  6.58,  2.93, 56.22,  132.13, 5000.00,    0.01,    1.92,    0.00, 0
29, 686, 1, 29,  6.37,  2.81, 56.45,  132.46, 5000.00,    0.01,    1.73,    0.00, 0
29, 687, 1, 29,  6.39,  2.77, 56.81,  132.45, 5000.00,    0.01,    1.75,    0.00, 0
29, 688, 1, 29,  6.36,  2.79, 57.29,  132.46, 5000.00,    0.01,    1.74,    0.00, 0
29, 689, 1, 29,  6.40,  2.81, 57.92,  132.34, 5000.00,    0.01,    1.77,    0.00, 0
29, 690, 1, 29,  6.40,  2.85, 58.79,  132.27, 5000.00,    0.01,    1.78,    0.00, 0
29, 691, 1, 29,  6.43,  2.86, 60.02,  132.23, 5000.00,    0.01,    1.81,    0.00, 0
29, 692, 1, 29,  6.40,  2.90, 61.77,  132.23, 5000.00,    0.01,    1.79,    0.00, 0
29, 693, 1, 29,  6.36,  2.90, 64.10,  132.27, 5000.00,    0.01,    1.79,    0.00, 0
29, 694, 1, 29,  6.32,  2.89, 67.31,  132.30, 5000.00,    0.01,    1.77,    0.00, 0
29, 695, 1, 29,  6.39,  2.94, 70.26,  132.12, 5000.00,    0.01,    1.81,    0.00, 0
29, 696, 1, 29,  6.43,  2.97, 72.08,  131.97, 5000.00,    0.01,    1.83,    0.00, 0
29, 697, 1, 29,  6.46,  2.97, 73.29,  131.85, 5000.00,    0.01,    1.84,    0.00, 0
29, 698, 1, 29,  6.48,  3.00, 74.17,  131.73, 5000.00,    0.01,    1.84,    0.00, 0
29, 699, 1, 29,  6.50,  3.03, 74.81,  131.57, 5000.00,    0.01,    1.84,    0.00, 0
29, 700, 1, 29,  6.49,  3.03, 75.38,  131.50, 5000.00,    0.01,    1.81,    0.00, 0
29, 701, 1, 29,  6.53,  3.06, 75.70,  131.29, 5000.00,    0.01,    1.81,    0.00, 0
29, 702, 1, 29,  6.66,  3.15, 75.97,  131.00, 5000.00,    0.01,    1.93,    0.00, 0
29, 703, 1, 29,  6.67,  3.17, 76.12,  131.07, 5000.00,    0.01,    1.75,    0.00, 0
29, 704, 1, 29,  6.58,  3.18, 76.12,  131.43, 5000.00,    0.01,    2.07,    0.00, 0
29, 705, 1, 29,  5.25,  3.40, 55.97,  132.71, 5000.00,    0.01,    1.01,    0.00, 0
29, 706, 1, 29,  5.87,  3.85, 56.01,  132.08, 5000.00,    0.01,    1.86,    0.00, 0
29, 707, 1, 29,  5.91,  3.86, 56.07,  132.05, 5000.00,    0.01,    1.69,    0.00, 0
29, 708, 1, 29,  5.33,  3.57, 56.37,  132.54, 5000.00,    0.01,    1.02,    0.00, 0
29, 709, 1, 29,  5.40,  3.60, 56.75,  132.46, 5000.00,    0.01,    1.08,    0.00, 0
29, 710, 1, 29,  5.76,  3.89, 57.19,  132.22, 5000.00,    0.01,    1.64,    0.00, 0
29, 711, 1, 29,  5.80,  3.92, 57.82,  132.11, 5000.00,    0.01,    1.68,    0.00, 0
29, 712, 1, 29,  5.78,  3.96, 58.69,  132.07, 5000.00,    0.01,    1.67,    0.00, 0
29, 713, 1, 29,  5.80,  3.96, 59.90,  132.02, 5000.00,    0.01,    1.69,    0.00, 0
29, 714, 1, 29,  5.78,  4.00, 61.64,  132.00, 5000.00,    0.01,    1.70,    0.00, 0
29, 715, 1, 29,  5.73,  4.01, 63.96,  132.02, 5000.00,    0.01,    1.70,    0.00, 0
29, 716, 1, 29,  5.87,  4.13, 67.22,  132.09, 5000.00,    0.01,    1.73,    0.00, 0
29, 717, 1, 29,  5.77,  4.09, 70.22,  131.82, 5000.00,    0.01,    1.76,    0.00, 0
29, 718, 1, 29,  5.81,  4.13, 72.02,  131.67, 5000.00,    0.01,    1.77,    0.00, 0
29, 719, 1, 29,  5.87,  4.16, 73.22,  131.51, 5000.00,    0.01,    1.80,    0.00, 0
29, 720, 1, 29,  5.89,  4.21, 74.07,  131.36, 5000.00,    0.01,    1.82,    0.00, 0
29, 721, 1, 29,  5.92,  4.26, 74.72,  131.20, 5000.00,    0.01,    1.84,    0.00, 0
29, 722, 1, 29,  6.11,  4.43, 75.25,  130.94, 5000.00,    0.01,    2.11,    0.00, 0
29, 723, 1, 29,  6.11,  4.45, 75.62,  130.84, 5000.00,    0.01,    2.09,    0.00, 0
29, 724, 1, 29,  6.02,  4.43, 75.81,  130.78, 5000.00,    0.01,    1.99,    0.00, 0
29, 725, 1, 29,  6.00,  4.42, 75.95,  130.73, 5000.00,    0.01,    1.95,    0.00, 0
29, 726, 1, 29,  5.95,  4.34, 76.01,  131.10, 5000.00,    0.01,    1.97,    0.00, 0
29, 727, 1, 29,  3.76,  4.83, 55.81,  133.09, 5000.00,    0.01,    1.00,    0.00, 0
29, 728, 1, 29,  4.44,  5.13, 55.81,  132.29, 5000.00,    0.01,    1.79,    0.00, 0
29, 729, 1, 29,  4.55,  5.16, 55.90,  131.99, 5000.00,    0.01,    1.79,    0.00, 0
29, 730, 1, 29,  4.21,  5.39, 56.14,  132.21, 5000.00,    0.01,    1.62,    0.00, 0
29, 731, 1, 29,  3.85,  5.14, 56.54,  132.37, 5000.00,    0.01,    1.02,    0.00, 0
29, 732, 1, 29,  3.75,  5.25, 57.05,  132.34, 5000.00,    0.01,    1.07,    0.00, 0
29, 733, 1, 29,  3.93,  5.57, 57.68,  132.20, 5000.00,    0.01,    1.57,    0.00, 0
29, 734, 1, 29,  3.87,  5.63, 58.56,  132.15, 5000.00,    0.01,    1.58,    0.00, 0
29, 735, 1, 29,  3.90,  5.60, 59.79,  132.12, 5000.00,    0.01,    1.57,    0.00, 0
29, 736, 1, 29,  3.85,  5.56, 61.53,  132.11, 5000.00,    0.01,    1.52,    0.00, 0
29, 737, 1, 29,  3.75,  5.56, 63.88,  132.16, 5000.00,    0.01,    1.49,    0.00, 0
29, 738, 1, 29,  3.69,  5.58, 67.14,  132.19, 5000.00,    0.01,    1.51,    0.00, 0
29, 739, 1, 29,  3.72,  5.66, 70.18,  131.93, 5000.00,    0.01,    1.52,    0.00, 0
29, 740, 1, 29,  4.19,  5.62, 72.08,  131.48, 5000.00,    0.01,    1.72,    0.00, 0
29, 741, 1, 29,  4.24,  5.65, 73.29,  131.32, 5000.00,    0.01,    1.74,    0.00, 0
29, 742, 1, 29,  3.94,  5.89, 74.11,  131.28, 5000.00,    0.01,    1.72,    0.00, 0
29, 743, 1, 29,  4.24,  5.77, 74.81,  131.02, 5000.00,    0.01,    1.77,    0.00, 0
29, 744, 1, 29,  4.23,  5.81, 75.34,  130.93, 5000.00,    0.01,    1.77,    0.00, 0
29, 745, 1, 29,  4.21,  5.84, 75.73,  130.88, 5000.00,    0.01,    1.78,    0.00, 0
29, 746, 1, 29,  4.36,  5.99, 75.91,  130.52, 5000.00,    0.01,    1.93,    0.00, 0
29, 747, 1, 29,  4.27,  5.95, 76.06,  130.57, 5000.00,    0.01,    1.84,    0.00, 0
29, 748, 1, 29,  3.61,  5.44, 76.10,  131.23, 5000.00,    0.01,    1.02,    0.00, 0
29, 749, 1, 29,  2.78,  6.07, 55.88,  132.85, 5000.00,    0.01,    1.65,    0.00, 0
29, 750, 1, 29,  2.62,  5.72, 55.92,  132.36, 5000.00,    0.01,    1.02,    0.00, 0
29, 751, 1, 29,  2.57,  5.75, 56.05,  132.34, 5000.00,    0.01,    1.02,    0.00, 0
29, 752, 1, 29,  2.67,  6.34, 56.29,  132.42, 5000.00,    0.01,    1.82,    0.00, 0
29, 753, 1, 29,  2.58,  6.38, 56.73,  132.42, 5000.00,    0.01,    1.82,    0.00, 0
29, 754, 1, 29,  2.50,  6.49, 57.20,  132.25, 5000.00,    0.01,    1.87,    0.00, 0
29, 755, 1, 29,  2.51,  6.55, 57.82,  132.18, 5000.00,    0.01,    1.73,    0.00, 0
29, 756, 1, 29,  2.41,  6.54, 58.69,  132.17, 5000.00,    0.00,    1.67,    0.00, 0
29, 757, 1, 29,  2.44,  6.58, 59.93,  132.12, 5000.00,    0.01,    1.71,    0.00, 0
29, 758, 1, 29,  2.44,  6.60, 61.67,  132.13, 5000.00,    0.01,    1.72,    0.00, 0
29, 759, 1, 29,  2.34,  6.60, 64.01,  132.17, 5000.00,    0.01,    1.70,    0.00, 0
29, 760, 1, 29,  2.27,  6.58, 67.25,  132.25, 5000.00,    0.01,    1.66,    0.00, 0
29, 761, 1, 29,  2.25,  6.74, 70.24,  131.93, 5000.00,    0.01,    1.76,    0.00, 0
29, 762, 1, 29,  2.28,  6.81, 72.07,  131.71, 5000.00,    0.01,    1.79,    0.00, 0
29, 763, 1, 29,  2.33,  6.84, 73.28,  131.51, 5000.00,    0.01,    1.80,    0.00, 0
29, 764, 1, 29,  2.32,  6.88, 74.16,  131.33, 5000.00,    0.01,    1.80,    0.00, 0
29, 765, 1, 29,  2.31,  6.91, 74.81,  131.18, 5000.00,    0.01,    1.79,    0.00, 0
29, 766, 1, 29,  2.29,  6.90, 75.36,  131.09, 5000.00,    0.01,    1.74,    0.00, 0
29, 767, 1, 29,  2.39,  7.23, 75.76,  130.81, 5000.00,    0.01,    2.10,    0.00, 0
29, 768, 1, 29,  2.40,  7.23, 75.97,  130.62, 5000.00,    0.01,    2.06,    0.00, 0
29, 769, 1, 29,  2.38,  7.17, 76.14,  130.50, 5000.00,    0.01,    1.95,    0.00, 0
29, 770, 1, 29,  2.07,  6.29, 76.16,  131.32, 5000.00,    0.01,    1.01,    0.00, 0
29, 771, 1, 29,  2.43,  6.57, 56.06,  132.11, 5000.00,    0.01,    1.96,    0.00, 0
29, 772, 1, 29,  2.27,  6.59, 56.19,  132.13, 5000.00,    0.01,    1.93,    0.00, 0
29, 773, 1, 29,  2.19,  6.61, 56.32,  132.09, 5000.00,    0.01,    1.92,    0.00, 0
29, 774, 1, 29,  2.04,  6.58, 56.47,  132.04, 5000.00,    0.01,    1.85,    0.00, 0
29, 775, 1, 29,  1.88,  6.47, 56.94,  132.31, 5000.00,    0.01,    1.74,    0.00, 0
29, 776, 1, 29,  1.82,  6.52, 57.25,  132.26, 5000.00,    0.01,    1.91,    0.00, 0
29, 777, 1, 29,  1.87,  6.79, 57.90,  132.10, 5000.00,    0.01,    2.20,    0.00, 0
29, 778, 1, 29,  1.71,  6.71, 58.79,  132.10, 5000.00,    0.01,    2.03,    0.00, 0
29, 779, 1, 29,  1.78,  6.95, 59.95,  131.73, 5000.00,    0.01,    2.03,    0.00, 0
29, 780, 1, 29,  1.71,  6.79, 61.76,  131.91, 5000.00,    0.01,    1.77,    0.00, 0
29, 781, 1, 29,  1.60,  6.77, 64.12,  131.97, 5000.00,    0.01,    1.72,    0.00, 0
29, 782, 1, 29,  1.54,  6.86, 67.70,  132.10, 5000.00,    0.01,    1.74,    0.00, 0
29, 783, 1, 29,  1.47,  7.02, 70.39,  131.87, 5000.00,    0.01,    1.79,    0.00, 0
29, 784, 1, 29,  1.49,  7.12, 72.19,  131.66, 5000.00,    0.01,    1.85,    0.00, 0
29, 785, 1, 29,  1.53,  7.18, 73.39,  131.45, 5000.00,    0.01,    1.87,    0.00, 0
29, 786, 1, 29,  1.51,  7.25, 74.26,  131.25, 5000.00,    0.01,    1.90,    0.00, 0
29, 787, 1, 29,  1.49,  7.31, 74.91,  131.06, 5000.00,    0.01,    1.92,    0.00, 0
29, 788, 1, 29,  1.48,  7.35, 75.44,  130.90, 5000.00,    0.01,    1.94,    0.00, 0
29, 789, 1, 29,  1.48,  7.39, 75.81,  130.78, 5000.00,    0.01,    1.96,    0.00, 0
29, 790, 1, 29,  1.48,  7.39, 75.99,  130.81, 5000.00,    0.01,    2.42,    0.00, 0
29, 791, 1, 29,  1.47,  7.41, 76.17,  130.61, 5000.00,    0.01,    2.22,    0.00, 0
29, 792, 1, 29,  1.43,  7.21, 76.22,  131.27, 5000.00,    0.01,    2.18,    0.00, 0
29, 793, 1, 29,  2.11,  7.02, 56.23,  131.83, 5000.00,    0.01,    2.53,    0.00, 0
29, 794, 1, 29,  2.04,  6.98, 56.25,  132.22, 5000.00,    0.01,    2.67,    0.00, 0
29, 795, 1, 29,  1.86,  6.62, 56.31,  132.56, 5000.00,    0.01,    2.32,    0.00, 0
29, 796, 1, 29,  1.61,  6.53, 56.60,  132.24, 5000.00,    0.01,    1.76,    0.00, 0
29, 797, 1, 29,  1.49,  6.58, 56.91,  132.24, 5000.00,    0.01,    1.77,    0.00, 0
29, 798, 1, 29,  1.26,  6.28, 57.42,  132.50, 5000.00,    0.01,    1.33,    0.00, 0
29, 799, 1, 29,  1.24,  6.43, 58.03,  132.39, 5000.00,    0.01,    1.32,    0.00, 0
29, 800, 1, 29,  1.16,  6.71, 58.90,  132.27, 5000.00,    0.01,    1.64,    0.00, 0
29, 801, 1, 29,  1.18,  6.48, 60.22,  132.45, 5000.00,    0.01,    1.42,    0.00, 0
29, 802, 1, 29,  1.18,  6.59, 62.01,  132.33, 5000.00,    0.01,    1.57,    0.00, 0
29, 803, 1, 29,  1.07,  6.47, 64.34,  132.43, 5000.00,    0.01,    1.36,    0.00, 0
29, 804, 1, 29,  1.04,  6.89, 67.83,  132.16, 5000.00,    0.01,    1.76,    0.00, 0
29, 805, 1, 29,  0.94,  7.01, 70.49,  131.97, 5000.00,    0.01,    1.80,    0.00, 0
29, 806, 1, 29,  0.94,  7.04, 72.27,  131.90, 5000.00,    0.01,    1.77,    0.00, 0
29, 807, 1, 29,  0.98,  7.17, 73.49,  131.67, 5000.00,    0.01,    1.85,    0.00, 0
29, 808, 1, 29,  0.94,  7.23, 74.35,  131.57, 5000.00,    0.01,    2.17,    0.00, 0
29, 809, 1, 29,  0.92,  7.27, 75.00,  131.42, 5000.00,    0.01,    2.15,    0.00, 0
29, 810, 1, 29,  0.89,  7.29, 75.53,  131.39, 5000.00,    0.01,    2.18,    0.00, 0
29, 811, 1, 29,  0.88,  7.30, 75.91,  131.35, 5000.00,    0.01,    2.19,    0.00, 0
29, 812, 1, 29,  0.88,  7.38, 76.14,  131.06, 5000.00,    0.01,    2.21,    0.00, 0
29, 813, 1, 29,  0.88,  7.52, 76.31,  130.93, 5000.00,    0.01,    2.36,    0.00, 0
29, 814, 1, 29,  0.86,  7.14, 76.30,  131.72, 5000.00,    0.01,    2.11,    0.00, 0
29, 815, 1, 29,  2.00,  6.92, 56.25,  133.27, 5000.00,    0.01,    2.93,    0.00, 0
29, 816, 1, 29,  1.47,  5.82, 56.30,  132.92, 5000.00,    0.01,    1.12,    0.00, 0
29, 817, 1, 29,  1.57,  6.52, 56.41,  132.65, 5000.00,    0.01,    2.14,    0.00, 0
29, 818, 1, 29,  1.30,  5.92, 56.82,  133.12, 5000.00,    0.01,    1.07,    0.00, 0
29, 819, 1, 29,  1.31,  6.96, 57.06,  132.59, 5000.00,    0.01,    1.80,    0.00, 0
29, 820, 1, 29,  1.04,  6.12, 57.59,  132.74, 5000.00,    0.01,    1.09,    0.00, 0
29, 821, 1, 29,  1.01,  6.19, 58.19,  132.68, 5000.00,    0.01,    1.04,    0.00, 0
29, 822, 1, 29,  0.86,  6.32, 59.03,  132.58, 5000.00,    0.01,    1.10,    0.00, 0
29, 823, 1, 29,  0.91,  6.17, 60.31,  132.80, 5000.00,    0.01,    1.01,    0.00, 0
29, 824, 1, 29,  0.92,  6.22, 62.24,  132.83, 5000.00,    0.01,    1.10,    0.00, 0
29, 825, 1, 29,  0.79,  6.36, 64.53,  132.77, 5000.00,    0.01,    1.20,    0.00, 0
29, 826, 1, 29,  0.75,  6.85, 68.00,  132.55, 5000.00,    0.01,    1.76,    0.00, 0
29, 827, 1, 29,  0.63,  6.83, 70.49,  132.63, 5000.00,    0.01,    1.70,    0.00, 0
29, 828, 1, 29,  0.64,  7.01, 72.33,  132.27, 5000.00,    0.01,    2.09,    0.00, 0
29, 829, 1, 29,  0.67,  7.11, 73.51,  131.99, 5000.00,    0.01,    2.09,    0.00, 0
29, 830, 1, 29,  0.63,  7.16, 74.36,  131.88, 5000.00,    0.01,    2.11,    0.00, 0
29, 831, 1, 29,  0.60,  7.21, 75.00,  131.77, 5000.00,    0.01,    2.12,    0.00, 0
29, 832, 1, 29,  0.57,  7.27, 75.53,  131.60, 5000.00,    0.01,    2.15,    0.00, 0
29, 833, 1, 29,  0.57,  7.31, 75.91,  131.46, 5000.00,    0.01,    2.17,    0.00, 0
29, 834, 1, 29,  0.56,  7.31, 76.14,  131.52, 5000.00,    0.01,    2.19,    0.00, 0
29, 835, 1, 29,  0.54,  7.31, 76.31,  131.51, 5000.00,    0.01,    2.24,    0.00, 0
29, 836, 1, 29,  0.53,  7.30, 76.43,  131.64, 5000.00,    0.01,    2.25,    0.00, 0
29, 837, 1, 29,  1.71,  6.43, 56.40,  132.21, 5000.00,    0.01,    1.93,    0.00, 0
29, 838, 1, 29,  1.42,  6.03, 56.49,  132.65, 5000.00,    0.01,    1.14,    0.00, 0
29, 839, 1, 29,  1.34,  6.04, 56.66,  132.75, 5000.00,    0.01,    1.15,    0.00, 0
29, 840, 1, 29,  1.23,  6.27, 56.94,  132.80, 5000.00,    0.01,    1.44,    0.00, 0
29, 841, 1, 29,  1.10,  6.28, 57.33,  132.69, 5000.00,    0.01,    1.37,    0.00, 0
29, 842, 1, 29,  0.92,  6.28, 57.75,  132.70, 5000.00,    0.01,    1.16,    0.00, 0
29, 843, 1, 29,  0.89,  6.34, 58.41,  132.68, 5000.00,    0.01,    1.20,    0.00, 0
29, 844, 1, 29,  0.74,  5.95, 59.41,  133.47, 5000.00,    0.01,    0.92,    0.00, 0
29, 845, 1, 29,  0.84,  7.24, 60.23,  132.18, 5000.00,    0.01,    2.32,    0.00, 0
29, 846, 1, 29,  0.79,  6.24, 62.58,  133.02, 5000.00,    0.01,    1.13,    0.00, 0
29, 847, 1, 29,  0.66,  6.15, 64.96,  133.27, 5000.00,    0.01,    1.02,    0.00, 0
29, 848, 1, 29,  0.61,  6.23, 68.23,  133.13, 5000.00,    0.01,    1.00,    0.00, 0
29, 849, 1, 29,  0.56,  7.48, 70.49,  132.83, 5000.00,    0.01,    3.03,    0.00, 0
29, 850, 1, 29,  0.49,  6.25, 72.43,  133.05, 5000.00,    0.01,    1.21,    0.00, 0
29, 851, 1, 29,  0.52,  6.36, 73.67,  132.66, 5000.00,    0.01,    1.25,    0.00, 0
29, 852, 1, 29,  0.48,  6.31, 74.49,  132.66, 5000.00,    0.01,    1.16,    0.00, 0
29, 853, 1, 29,  0.45,  6.23, 75.15,  132.62, 5000.00,    0.01,    1.03,    0.00, 0
29, 854, 1, 29,  0.42,  6.22, 75.66,  132.75, 5000.00,    0.01,    1.11,    0.00, 0
29, 855, 1, 29,  0.40,  6.17, 76.00,  132.76, 5000.00,    0.01,    1.18,    0.00, 0
29, 856, 1, 29,  0.42,  6.91, 76.34,  132.39, 5000.00,    0.01,    2.17,    0.00, 0
29, 857, 1, 29,  0.41,  7.02, 76.54,  132.11, 5000.00,    0.01,    2.21,    0.00, 0
29, 858, 1, 29,  0.38,  6.39, 76.56,  132.57, 5000.00,    0.01,    1.43,    0.00, 0
29, 859, 1, 29,  7.27,  2.13, 56.02,  133.59, 5000.00,    0.01,    2.01,    0.00, 0
29, 860, 1, 29,  7.30,  2.14, 56.11,  133.51, 5000.00,    0.01,    2.02,    0.00, 0
29, 861, 1, 29,  7.43,  2.14, 56.22,  132.95, 5000.00,    0.01,    1.80,    0.00, 0
29, 862, 1, 29,  7.29,  1.96, 56.68,  133.50, 5000.00,    0.01,    1.77,    0.00, 0
29, 863, 1, 29,  7.52,  2.02, 56.81,  132.84, 5000.00,    0.01,    1.81,    0.00, 0
29, 864, 1, 29,  7.19,  1.82, 57.48,  134.15, 5000.00,    0.02,    1.80,    0.00, 0
29, 865, 1, 29,  6.99,  1.75, 58.09,  134.30, 5000.00,    0.02,    1.49,    0.00, 0
29, 866, 1, 29,  7.31,  1.86, 58.96,  134.15, 5000.00,    0.02,    1.97,    0.00, 0
29, 867, 1, 29,  6.43,  1.66, 60.32,  134.57, 5000.00,    0.02,    0.81,    0.00, 0
29, 868, 1, 29,  7.31,  1.93, 61.46,  133.67, 5000.00,    0.02,    1.77,    0.00, 0
29, 869, 1, 29,  7.08,  1.88, 64.30,  134.54, 5000.00,    0.02,    1.83,    0.00, 0
29, 870, 1, 29,  7.11,  1.89, 67.31,  134.52, 5000.00,    0.02,    1.89,    0.00, 0
29, 871, 1, 29,  7.15,  1.89, 69.88,  134.43, 5000.00,    0.02,    1.92,    0.00, 0
29, 872, 1, 29,  7.29,  1.94, 71.63,  134.18, 5000.00,    0.02,    2.06,    0.00, 0
29, 873, 1, 29,  7.25,  1.92, 72.91,  134.07, 5000.00,    0.02,    1.97,    0.00, 0
29, 874, 1, 29,  7.33,  1.95, 73.62,  133.92, 5000.00,    0.02,    2.05,    0.00, 0
29, 875, 1, 29,  7.38,  1.97, 74.39,  133.80, 5000.00,    0.02,    2.08,    0.00, 0
29, 876, 1, 29,  7.36,  1.96, 74.88,  133.73, 5000.00,    0.02,    2.04,    0.00, 0
29, 877, 1, 29,  7.61,  2.09, 75.43,  132.46, 5000.00,    0.01,    1.84,    0.00, 0
29, 878, 1, 29,  7.61,  2.09, 75.74,  132.47, 5000.00,    0.01,    1.85,    0.00, 0
29, 879, 1, 29,  7.64,  2.11, 75.92,  132.50, 5000.00,    0.01,    1.92,    0.00, 0
29, 880, 1, 29,  7.68,  2.13, 76.04,  132.49, 5000.00,    0.01,    2.00,    0.00, 0
29, 881, 1, 29,  7.53,  2.23, 56.11,  132.67, 5000.00,    0.01,    1.85,    0.00, 0
29, 882, 1, 29,  7.55,  2.24, 56.20,  132.60, 5000.00,    0.01,    1.84,    0.00, 0
29, 883, 1, 29,  7.57,  2.25, 56.26,  132.56, 5000.00,    0.01,    1.85,    0.00, 0
29, 884, 1, 29,  7.54,  2.11, 56.50,  132.69, 5000.00,    0.01,    1.84,    0.00, 0
29, 885, 1, 29,  7.50,  2.09, 56.95,  132.80, 5000.00,    0.01,    1.81,    0.00, 0
29, 886, 1, 29,  7.61,  2.01, 57.27,  132.65, 5000.00,    0.01,    1.83,    0.00, 0
29, 887, 1, 29,  7.51,  1.96, 58.02,  132.96, 5000.00,    0.01,    1.79,    0.00, 0
29, 888, 1, 29,  6.35,  1.62, 59.19,  134.64, 5000.00,    0.02,    0.70,    0.00, 0
29, 889, 1, 29,  7.50,  2.08, 60.14,  132.98, 5000.00,    0.01,    1.83,    0.00, 0
29, 890, 1, 29,  7.49,  2.05, 61.74,  133.02, 5000.00,    0.01,    1.82,    0.00, 0
29, 891, 1, 29,  7.40,  2.03, 64.10,  133.25, 5000.00,    0.01,    1.80,    0.00, 0
29, 892, 1, 29,  7.36,  2.01, 67.23,  133.28, 5000.00,    0.01,    1.80,    0.00, 0
29, 893, 1, 29,  7.42,  2.03, 70.13,  133.08, 5000.00,    0.01,    1.81,    0.00, 0
29, 894, 1, 29,  7.49,  2.05, 71.92,  132.85, 5000.00,    0.01,    1.83,    0.00, 0
29, 895, 1, 29,  7.53,  2.05, 73.09,  132.71, 5000.00,    0.01,    1.83,    0.00, 0
29, 896, 1, 29,  7.57,  2.07, 73.95,  132.56, 5000.00,    0.01,    1.84,    0.00, 0
29, 897, 1, 29,  7.59,  2.08, 74.56,  132.51, 5000.00,    0.01,    1.85,    0.00, 0
29, 898, 1, 29,  7.67,  2.10, 75.16,  132.32, 5000.00,    0.01,    1.87,    0.00, 0
29, 899, 1, 29,  7.70,  2.20, 75.47,  132.25, 5000.00,    0.01,    1.91,    0.00, 0
29, 900, 1, 29,  7.68,  2.20, 75.76,  132.33, 5000.00,    0.01,    1.93,    0.00, 0
29, 901, 1, 29,  7.76,  2.23, 75.97,  132.05, 5000.00,    0.01,    1.96,    0.00, 0
29, 902, 1, 29,  7.75,  2.23, 76.04,  132.14, 5000.00,    0.01,    2.01,    0.00, 0
29, 903, 1, 29,  7.27,  2.25, 55.98,  133.36, 5000.00,    0.01,    1.75,    0.00, 0
29, 904, 1, 29,  7.53,  2.34, 56.03,  132.80, 5000.00,    0.01,    1.80,    0.00, 0
29, 905, 1, 29,  7.55,  2.36, 56.18,  132.74, 5000.00,    0.01,    1.81,    0.00, 0
29, 906, 1, 29,  7.64,  2.25, 56.35,  132.63, 5000.00,    0.01,    1.84,    0.00, 0
29, 907, 1, 29,  7.60,  2.23, 56.77,  132.70, 5000.00,    0.01,    1.81,    0.00, 0
29, 908, 1, 29,  7.63,  2.13, 57.20,  132.71, 5000.00,    0.01,    1.82,    0.00, 0
29, 909, 1, 29,  7.60,  2.11, 57.90,  132.84, 5000.00,    0.01,    1.80,    0.00, 0
29, 910, 1, 29,  7.61,  2.13, 58.76,  132.83, 5000.00,    0.01,    1.80,    0.00, 0
29, 911, 1, 29,  7.49,  2.19, 60.08,  133.09, 5000.00,    0.01,    1.82,    0.00, 0
29, 912, 1, 29,  7.52,  2.18, 61.70,  132.99, 5000.00,    0.01,    1.81,    0.00, 0
29, 913, 1, 29,  7.45,  2.17, 64.05,  133.16, 5000.00,    0.01,    1.81,    0.00, 0
29, 914, 1, 29,  7.41,  2.15, 67.16,  133.15, 5000.00,    0.01,    1.81,    0.00, 0
29, 915, 1, 29,  7.46,  2.17, 70.05,  132.94, 5000.00,    0.01,    1.82,    0.00, 0
29, 916, 1, 29,  7.52,  2.19, 71.86,  132.73, 5000.00,    0.01,    1.84,    0.00, 0
29, 917, 1, 29,  7.57,  2.19, 73.06,  132.56, 5000.00,    0.01,    1.85,    0.00, 0
29, 918, 1, 29,  7.59,  2.20, 73.93,  132.44, 5000.00,    0.01,    1.86,    0.00, 0
29, 919, 1, 29,  7.62,  2.21, 74.57,  132.38, 5000.00,    0.01,    1.87,    0.00, 0
29, 920, 1, 29,  7.68,  2.23, 75.16,  132.22, 5000.00,    0.01,    1.89,    0.00, 0
29, 921, 1, 29,  7.64,  2.30, 75.51,  132.26, 5000.00,    0.01,    1.90,    0.00, 0
29, 922, 1, 29,  7.64,  2.31, 75.79,  132.25, 5000.00,    0.01,    1.92,    0.00, 0
29, 923, 1, 29,  7.76,  2.35, 76.00,  131.80, 5000.00,    0.01,    1.94,    0.00, 0
29, 924, 1, 29,  7.73,  2.36, 76.05,  132.00, 5000.00,    0.02,    2.02,    0.00, 0
29, 925, 1, 29,  7.24,  2.44, 56.06,  133.15, 5000.00,    0.01,    1.88,    0.00, 0
29, 926, 1, 29,  7.37,  2.49, 56.11,  132.79, 5000.00,    0.01,    1.90,    0.00, 0
29, 927, 1, 29,  7.34,  2.48, 56.23,  132.87, 5000.00,    0.01,    1.80,    0.00, 0
29, 928, 1, 29,  7.42,  2.38, 56.52,  132.76, 5000.00,    0.01,    1.83,    0.00, 0
29, 929, 1, 29,  7.49,  2.40, 56.88,  132.61, 5000.00,    0.01,    1.84,    0.00, 0
29, 930, 1, 29,  7.52,  2.30, 57.38,  132.65, 5000.00,    0.01,    1.83,    0.00, 0
29, 931, 1, 29,  7.45,  2.27, 58.09,  132.81, 5000.00,    0.01,    1.80,    0.00, 0
29, 932, 1, 29,  7.45,  2.29, 58.93,  132.81, 5000.00,    0.01,    1.82,    0.00, 0
29, 933, 1, 29,  7.47,  2.39, 60.17,  132.74, 5000.00,    0.01,    1.84,    0.00, 0
29, 934, 1, 29,  7.41,  2.36, 61.85,  132.88, 5000.00,    0.01,    1.82,    0.00, 0
29, 935, 1, 29,  7.36,  2.35, 64.17,  132.98, 5000.00,    0.01,    1.82,    0.00, 0
29, 936, 1, 29,  7.33,  2.34, 67.25,  133.00, 5000.00,    0.01,    1.82,    0.00, 0
29, 937, 1, 29,  7.38,  2.35, 70.06,  132.85, 5000.00,    0.01,    1.84,    0.00, 0
29, 938, 1, 29,  7.43,  2.37, 71.86,  132.69, 5000.00,    0.01,    1.84,    0.00, 0
29, 939, 1, 29,  7.44,  2.36, 73.05,  132.60, 5000.00,    0.01,    1.84,    0.00, 0
29, 940, 1, 29,  7.47,  2.38, 73.94,  132.50, 5000.00,    0.01,    1.85,    0.00, 0
29, 941, 1, 29,  7.49,  2.38, 74.60,  132.45, 5000.00,    0.01,    1.85,    0.00, 0
29, 942, 1, 29,  7.51,  2.40, 75.20,  132.35, 5000.00,    0.01,    1.86,    0.00, 0
29, 943, 1, 29,  7.61,  2.53, 75.54,  132.05, 5000.00,    0.01,    1.92,    0.00, 0
29, 944, 1, 29,  7.63,  2.55, 75.82,  131.98, 5000.00,    0.01,    1.94,    0.00, 0
29, 945, 1, 29,  7.70,  2.58, 76.02,  131.55, 5000.00,    0.01,    1.90,    0.00, 0
29, 946, 1, 29,  7.68,  2.59, 76.06,  131.80, 5000.00,    0.01,    2.01,    0.00, 0
29, 947, 1, 29,  7.30,  2.76, 56.18,  132.82, 5000.00,    0.01,    1.81,    0.00, 0
29, 948, 1, 29,  7.44,  2.84, 56.23,  132.36, 5000.00,    0.01,    1.85,    0.00, 0
29, 949, 1, 29,  7.37,  2.82, 56.34,  132.51, 5000.00,    0.01,    1.82,    0.00, 0
29, 950, 1, 29,  7.34,  2.70, 56.59,  132.66, 5000.00,    0.01,    1.81,    0.00, 0
29, 951, 1, 29,  7.37,  2.73, 56.99,  132.56, 5000.00,    0.01,    1.81,    0.00, 0
29, 952, 1, 29,  7.36,  2.63, 57.48,  132.67, 5000.00,    0.01,    1.81,    0.00, 0
29, 953, 1, 29,  7.40,  2.63, 58.14,  132.61, 5000.00,    0.01,    1.81,    0.00, 0
29, 954, 1, 29,  7.42,  2.66, 59.01,  132.56, 5000.00,    0.01,    1.81,    0.00, 0
29, 955, 1, 29,  7.43,  2.74, 60.23,  132.48, 5000.00,    0.01,    1.84,    0.00, 0
29, 956, 1, 29,  7.39,  2.73, 61.93,  132.56, 5000.00,    0.01,    1.83,    0.00, 0
29, 957, 1, 29,  7.37,  2.73, 64.23,  132.61, 5000.00,    0.01,    1.83,    0.00, 0
29, 958, 1, 29,  7.34,  2.72, 67.34,  132.62, 5000.00,    0.01,    1.84,    0.00, 0
29, 959, 1, 29,  7.39,  2.74, 70.18,  132.47, 5000.00,    0.01,    1.85,    0.00, 0
29, 960, 1, 29,  7.44,  2.76, 71.97,  132.31, 5000.00,    0.01,    1.85,    0.00, 0
29, 961, 1, 29,  7.47,  2.76, 73.17,  132.21, 5000.00,    0.01,    1.86,    0.00, 0
29, 962, 1, 29,  7.51,  2.79, 74.05,  132.07, 5000.00,    0.01,    1.87,    0.00, 0
29, 963, 1, 29,  7.54,  2.81, 74.68,  131.96, 5000.00,    0.01,    1.88,    0.00, 0
29, 964, 1, 29,  7.60,  2.84, 75.27,  131.74, 5000.00,    0.01,    1.90,    0.00, 0
29, 965, 1, 29,  7.62,  2.95, 75.57,  131.59, 5000.00,    0.01,    1.94,    0.00, 0
29, 966, 1, 29,  7.62,  2.96, 75.83,  131.59, 5000.00,    0.01,    1.97,    0.00, 0
29, 967, 1, 29,  7.67,  2.98, 76.04,  131.19, 5000.00,    0.01,    1.90,    0.00, 0
29, 968, 1, 29,  7.62,  2.98, 76.09,  131.54, 5000.00,    0.01,    2.00,    0.00, 0
29, 969, 1, 29,  6.89,  3.30, 56.09,  133.05, 5000.00,    0.01,    1.61,    0.00, 0
29, 970, 1, 29,  7.26,  3.43, 56.12,  132.17, 5000.00,    0.01,    1.71,    0.00, 0
29, 971, 1, 29,  7.26,  3.46, 56.21,  132.18, 5000.00,    0.01,    1.73,    0.00, 0
29, 972, 1, 29,  7.17,  3.32, 56.46,  132.48, 5000.00,    0.01,    1.68,    0.00, 0
29, 973, 1, 29,  7.13,  3.35, 56.83,  132.49, 5000.00,    0.01,    1.79,    0.00, 0
29, 974, 1, 29,  7.15,  3.29, 57.31,  132.49, 5000.00,    0.01,    1.79,    0.00, 0
29, 975, 1, 29,  7.17,  3.28, 57.95,  132.40, 5000.00,    0.01,    1.79,    0.00, 0
29, 976, 1, 29,  7.18,  3.32, 58.82,  132.34, 5000.00,    0.01,    1.80,    0.00, 0
29, 977, 1, 29,  7.17,  3.39, 60.03,  132.30, 5000.00,    0.01,    1.81,    0.00, 0
29, 978, 1, 29,  7.16,  3.38, 61.76,  132.31, 5000.00,    0.01,    1.81,    0.00, 0
29, 979, 1, 29,  7.13,  3.39, 64.07,  132.35, 5000.00,    0.01,    1.81,    0.00, 0
29, 980, 1, 29,  7.09,  3.39, 67.20,  132.36, 5000.00,    0.01,    1.81,    0.00, 0
29, 981, 1, 29,  7.15,  3.41, 70.09,  132.19, 5000.00,    0.01,    1.83,    0.00, 0
29, 982, 1, 29,  7.19,  3.45, 71.89,  132.05, 5000.00,    0.01,    1.84,    0.00, 0
29, 983, 1, 29,  7.23,  3.45, 73.10,  131.93, 5000.00,    0.01,    1.85,    0.00, 0
29, 984, 1, 29,  7.26,  3.48, 73.97,  131.79, 5000.00,    0.01,    1.85,    0.00, 0
29, 985, 1, 29,  7.28,  3.50, 74.63,  131.67, 5000.00,    0.01,    1.85,    0.00, 0
29, 986, 1, 29,  7.31,  3.53, 75.18,  131.48, 5000.00,    0.01,    1.85,    0.00, 0
29, 987, 1, 29,  7.32,  3.63, 75.55,  131.32, 5000.00,    0.01,    1.88,    0.00, 0
29, 988, 1, 29,  7.42,  3.68, 75.79,  131.11, 5000.00,    0.01,    1.94,    0.00, 0
29, 989, 1, 29,  7.52,  3.76, 75.91,  131.13, 5000.00,    0.01,    1.86,    0.00, 0
29, 990, 1, 29,  7.35,  3.67, 76.01,  131.17, 5000.00,    0.01,    1.91,    0.00, 0
29, 991, 1, 29,  6.61,  4.80, 55.89,  132.90, 5000.00,    0.01,    2.63,    0.00, 0
29, 992, 1, 29,  6.55,  4.62, 55.93,  132.47, 5000.00,    0.01,    2.02,    0.00, 0
29, 993, 1, 29,  6.55,  4.55, 56.00,  132.07, 5000.00,    0.01,    1.75,    0.00, 0
29, 994, 1, 29,  6.39,  4.47, 56.23,  132.46, 5000.00,    0.01,    1.71,    0.00, 0
29, 995, 1, 29,  6.37,  4.54, 56.62,  132.36, 5000.00,    0.01,    1.70,    0.00, 0
29, 996, 1, 29,  6.43,  4.52, 57.09,  132.29, 5000.00,    0.01,    1.72,    0.00, 0
29, 997, 1, 29,  6.47,  4.50, 57.73,  132.21, 5000.00,    0.01,    1.72,    0.00, 0
29, 998, 1, 29,  6.46,  4.56, 58.60,  132.15, 5000.00,    0.01,    1.73,    0.00, 0
29, 999, 1, 29,  6.45,  4.60, 59.83,  132.08, 5000.00,    0.01,    1.75,    0.00, 0
29, 1000, 1, 29,  6.46,  4.60, 61.57,  132.07, 5000.00,    0.01,    1.75,    0.00, 0
29, 1001, 1, 29,  6.40,  4.60, 63.92,  132.11, 5000.00,    0.01,    1.75,    0.00, 0
29, 1002, 1, 29,  6.52,  4.74, 67.14,  132.15, 5000.00,    0.01,    1.74,    0.00, 0
29, 1003, 1, 29,  6.43,  4.67, 70.13,  131.92, 5000.00,    0.01,    1.78,    0.00, 0
29, 1004, 1, 29,  6.47,  4.73, 71.95,  131.74, 5000.00,    0.01,    1.79,    0.00, 0
29, 1005, 1, 29,  6.53,  4.74, 73.17,  131.57, 5000.00,    0.01,    1.80,    0.00, 0
29, 1006, 1, 29,  6.55,  4.79, 74.04,  131.41, 5000.00,    0.01,    1.81,    0.00, 0
29, 1007, 1, 29,  6.58,  4.83, 74.70,  131.25, 5000.00,    0.01,    1.82,    0.00, 0
29, 1008, 1, 29,  6.59,  4.88, 75.23,  131.09, 5000.00,    0.01,    1.82,    0.00, 0
29, 1009, 1, 29,  6.56,  4.95, 75.62,  131.00, 5000.00,    0.01,    1.82,    0.00, 0
29, 1010, 1, 29,  6.61,  5.01, 75.81,  130.84, 5000.00,    0.01,    1.87,    0.00, 0
29, 1011, 1, 29,  6.61,  5.03, 75.94,  130.75, 5000.00,    0.01,    1.86,    0.00, 0
29, 1012, 1, 29,  6.45,  4.95, 75.98,  131.32, 5000.00,    0.01,    1.89,    0.00, 0
29, 1013, 1, 29,  4.78,  5.99, 55.80,  132.52, 5000.00,    0.01,    1.66,    0.00, 0
29, 1014, 1, 29,  4.84,  6.15, 55.86,  132.19, 5000.00,    0.01,    1.74,    0.00, 0
29, 1015, 1, 29,  4.78,  6.19, 56.00,  132.20, 5000.00,    0.01,    1.72,    0.00, 0
29, 1016, 1, 29,  4.66,  6.19, 56.26,  132.37, 5000.00,    0.01,    1.70,    0.00, 0
29, 1017, 1, 29,  4.44,  6.36, 56.65,  132.42, 5000.00,    0.01,    1.70,    0.00, 0
29, 1018, 1, 29,  4.46,  6.37, 57.13,  132.33, 5000.00,    0.01,    1.72,    0.00, 0
29, 1019, 1, 29,  4.48,  6.36, 57.78,  132.30, 5000.00,    0.01,    1.72,    0.00, 0
29, 1020, 1, 29,  4.41,  6.44, 58.66,  132.25, 5000.00,    0.01,    1.72,    0.00, 0
29, 1021, 1, 29,  4.41,  6.44, 59.89,  132.22, 5000.00,    0.01,    1.72,    0.00, 0
29, 1022, 1, 29,  4.42,  6.40, 61.63,  132.22, 5000.00,    0.01,    1.72,    0.00, 0
29, 1023, 1, 29,  4.65,  6.22, 63.93,  132.07, 5000.00,    0.01,    1.74,    0.00, 0
29, 1024, 1, 29,  4.22,  6.45, 67.18,  132.32, 5000.00,    0.01,    1.70,    0.00, 0
29, 1025, 1, 29,  4.64,  6.33, 70.22,  131.82, 5000.00,    0.01,    1.76,    0.00, 0
29, 1026, 1, 29,  4.66,  6.42, 72.06,  131.60, 5000.00,    0.01,    1.77,    0.00, 0
29, 1027, 1, 29,  4.72,  6.43, 73.27,  131.41, 5000.00,    0.01,    1.78,    0.00, 0
29, 1028, 1, 29,  4.71,  6.48, 74.14,  131.26, 5000.00,    0.01,    1.78,    0.00, 0
29, 1029, 1, 29,  4.72,  6.53, 74.80,  131.10, 5000.00,    0.01,    1.78,    0.00, 0
29, 1030, 1, 29,  4.71,  6.58, 75.33,  130.98, 5000.00,    0.01,    1.78,    0.00, 0
29, 1031, 1, 29,  4.64,  6.62, 75.71,  130.95, 5000.00,    0.01,    1.77,    0.00, 0
29, 1032, 1, 29,  4.46,  6.88, 75.89,  130.81, 5000.00,    0.01,    1.81,    0.00, 0
29, 1033, 1, 29,  4.47,  6.88, 76.07,  130.65, 5000.00,    0.01,    1.77,    0.00, 0
29, 1034, 1, 29,  4.34,  6.92, 76.08,  131.20, 5000.00,    0.01,    1.90,    0.00, 0
29, 1035, 1, 29,  3.25,  7.11, 55.95,  132.49, 5000.00,    0.01,    1.99,    0.00, 0
29, 1036, 1, 29,  3.22,  7.15, 56.00,  132.23, 5000.00,    0.01,    1.95,    0.00, 0
29, 1037, 1, 29,  3.13,  7.22, 56.14,  132.22, 5000.00,    0.01,    1.97,    0.00, 0
29, 1038, 1, 29,  3.03,  7.24, 56.40,  132.37, 5000.00,    0.01,    1.78,    0.00, 0
29, 1039, 1, 29,  2.82,  7.28, 56.80,  132.32, 5000.00,    0.01,    1.73,    0.00, 0
29, 1040, 1, 29,  2.82,  7.30, 57.29,  132.32, 5000.00,    0.01,    1.71,    0.00, 0
29, 1041, 1, 29,  2.85,  7.33, 57.94,  132.28, 5000.00,    0.01,    1.73,    0.00, 0
29, 1042, 1, 29,  2.75,  7.40, 58.78,  132.20, 5000.00,    0.00,    1.74,    0.00, 0
29, 1043, 1, 29,  2.76,  7.42, 60.03,  132.22, 5000.00,    0.00,    1.74,    0.00, 0
29, 1044, 1, 29,  2.79,  7.44, 61.76,  132.19, 5000.00,    0.01,    1.75,    0.00, 0
29, 1045, 1, 29,  2.69,  7.46, 64.09,  132.26, 5000.00,    0.01,    1.75,    0.00, 0
29, 1046, 1, 29,  2.58,  7.48, 67.29,  132.30, 5000.00,    0.01,    1.74,    0.00, 0
29, 1047, 1, 29,  2.58,  7.60, 70.23,  131.99, 5000.00,    0.01,    1.77,    0.00, 0
29, 1048, 1, 29,  2.56,  7.68, 72.07,  131.72, 5000.00,    0.01,    1.79,    0.00, 0
29, 1049, 1, 29,  2.62,  7.72, 73.28,  131.51, 5000.00,    0.01,    1.79,    0.00, 0
29, 1050, 1, 29,  2.61,  7.77, 74.16,  131.31, 5000.00,    0.01,    1.80,    0.00, 0
29, 1051, 1, 29,  2.61,  7.83, 74.82,  131.11, 5000.00,    0.01,    1.81,    0.00, 0
29, 1052, 1, 29,  2.60,  7.88, 75.36,  130.96, 5000.00,    0.01,    1.81,    0.00, 0
29, 1053, 1, 29,  2.60,  7.93, 75.74,  130.81, 5000.00,    0.01,    1.83,    0.00, 0
29, 1054, 1, 29,  2.62,  7.96, 75.93,  130.77, 5000.00,    0.01,    1.88,    0.00, 0
29, 1055, 1, 29,  2.61,  7.95, 76.11,  130.60, 5000.00,    0.01,    1.80,    0.00, 0
29, 1056, 1, 29,  2.57,  7.89, 76.15,  131.14, 5000.00,    0.01,    1.90,    0.00, 0
29, 1057, 1, 29,  2.25,  7.05, 56.18,  133.19, 5000.00,    0.01,    1.70,    0.00, 0
29, 1058, 1, 29,  2.25,  7.08, 56.18,  132.84, 5000.00,    0.01,    1.70,    0.00, 0
29, 1059, 1, 29,  2.23,  7.27, 56.25,  132.47, 5000.00,    0.01,    1.85,    0.00, 0
29, 1060, 1, 29,  2.22,  7.34, 56.44,  132.27, 5000.00,    0.01,    1.90,    0.00, 0
29, 1061, 1, 29,  1.75,  6.48, 56.93,  133.34, 5000.00,    0.01,    1.02,    0.00, 0
29, 1062, 1, 29,  1.99,  7.30, 57.32,  132.67, 5000.00,    0.01,    2.00,    0.00, 0
29, 1063, 1, 29,  2.00,  7.31, 57.91,  132.49, 5000.00,    0.01,    1.71,    0.00, 0
29, 1064, 1, 29,  1.88,  7.41, 58.80,  132.40, 5000.00,    0.01,    1.72,    0.00, 0
29, 1065, 1, 29,  1.91,  7.49, 60.01,  132.18, 5000.00,    0.01,    1.76,    0.00, 0
29, 1066, 1, 29,  1.93,  7.57, 61.76,  132.07, 5000.00,    0.01,    1.77,    0.00, 0
29, 1067, 1, 29,  1.81,  7.61, 64.13,  132.12, 5000.00,    0.01,    1.76,    0.00, 0
29, 1068, 1, 29,  1.70,  7.73, 67.65,  132.14, 5000.00,    0.01,    1.76,    0.00, 0
29, 1069, 1, 29,  1.69,  7.89, 70.32,  131.93, 5000.00,    0.01,    1.78,    0.00, 0
29, 1070, 1, 29,  1.63,  7.98, 72.16,  131.69, 5000.00,    0.01,    1.79,    0.00, 0
29, 1071, 1, 29,  1.69,  8.03, 73.36,  131.48, 5000.00,    0.01,    1.80,    0.00, 0
29, 1072, 1, 29,  1.66,  8.10, 74.24,  131.28, 5000.00,    0.01,    1.81,    0.00, 0
29, 1073, 1, 29,  1.65,  8.15, 74.89,  131.09, 5000.00,    0.01,    1.81,    0.00, 0
29, 1074, 1, 29,  1.63,  8.19, 75.42,  130.92, 5000.00,    0.01,    1.81,    0.00, 0
29, 1075, 1, 29,  1.62,  8.21, 75.80,  130.83, 5000.00,    0.01,    1.80,    0.00, 0
29, 1076, 1, 29,  1.62,  8.23, 75.99,  130.79, 5000.00,    0.01,    1.85,    0.00, 0
29, 1077, 1, 29,  1.62,  8.35, 76.19,  130.39, 5000.00,    0.01,    1.83,    0.00, 0
29, 1078, 1, 29,  1.57,  8.08, 76.22,  131.28, 5000.00,    0.01,    2.23,    0.00, 0
29, 1079, 1, 29,  1.67,  6.23, 56.27,  133.80, 5000.00,    0.01,    1.00,    0.00, 0
29, 1080, 1, 29,  1.94,  7.19, 56.34,  132.93, 5000.00,    0.01,    1.92,    0.00, 0
29, 1081, 1, 29,  1.81,  7.29, 56.46,  132.74, 5000.00,    0.01,    1.92,    0.00, 0
29, 1082, 1, 29,  1.73,  7.51, 56.73,  132.26, 5000.00,    0.01,    1.97,    0.00, 0
29, 1083, 1, 29,  1.42,  7.49, 57.12,  132.73, 5000.00,    0.01,    1.82,    0.00, 0
29, 1084, 1, 29,  1.39,  7.55, 57.55,  132.39, 5000.00,    0.01,    1.74,    0.00, 0
29, 1085, 1, 29,  1.42,  7.53, 58.16,  132.36, 5000.00,    0.01,    1.71,    0.00, 0
29, 1086, 1, 29,  1.29,  7.60, 59.01,  132.30, 5000.00,    0.01,    1.73,    0.00, 0
29, 1087, 1, 29,  1.32,  7.50, 60.33,  132.49, 5000.00,    0.01,    1.70,    0.00, 0
29, 1088, 1, 29,  1.34,  7.52, 62.16,  132.46, 5000.00,    0.01,    1.70,    0.00, 0
29, 1089, 1, 29,  1.22,  7.59, 64.71,  132.50, 5000.00,    0.01,    1.70,    0.00, 0
29, 1090, 1, 29,  1.11,  7.71, 67.85,  132.35, 5000.00,    0.01,    1.74,    0.00, 0
29, 1091, 1, 29,  1.09,  7.86, 70.45,  132.11, 5000.00,    0.01,    1.77,    0.00, 0
29, 1092, 1, 29,  1.02,  7.91, 72.26,  131.98, 5000.00,    0.01,    1.77,    0.00, 0
29, 1093, 1, 29,  1.07,  8.01, 73.48,  131.76, 5000.00,    0.01,    1.75,    0.00, 0
29, 1094, 1, 29,  1.03,  8.05, 74.35,  131.64, 5000.00,    0.01,    1.75,    0.00, 0
29, 1095, 1, 29,  1.00,  8.09, 75.00,  131.48, 5000.00,    0.01,    1.79,    0.00, 0
29, 1096, 1, 29,  0.98,  8.13, 75.52,  131.49, 5000.00,    0.01,    2.11,    0.00, 0
29, 1097, 1, 29,  0.96,  8.13, 75.91,  131.51, 5000.00,    0.01,    2.10,    0.00, 0
29, 1098, 1, 29,  0.96,  8.19, 76.15,  131.24, 5000.00,    0.01,    2.10,    0.00, 0
29, 1099, 1, 29,  0.95,  8.22, 76.30,  131.14, 5000.00,    0.01,    2.11,    0.00, 0
29, 1100, 1, 29,  0.95,  8.04, 76.30,  131.71, 5000.00,    0.01,    2.09,    0.00, 0
29, 1101, 1, 29,  1.79,  7.33, 56.51,  132.63, 5000.00,    0.01,    1.96,    0.00, 0
29, 1102, 1, 29,  1.64,  7.19, 56.67,  132.99, 5000.00,    0.01,    1.84,    0.00, 0
29, 1103, 1, 29,  1.52,  7.15, 56.85,  133.20, 5000.00,    0.01,    1.80,    0.00, 0
29, 1104, 1, 29,  1.45,  7.43, 57.05,  132.83, 5000.00,    0.01,    2.02,    0.00, 0
29, 1105, 1, 29,  1.19,  7.92, 57.42,  132.85, 5000.00,    0.01,    1.83,    0.00, 0
29, 1106, 1, 29,  1.08,  7.58, 57.82,  132.51, 5000.00,    0.01,    1.77,    0.00, 0
29, 1107, 1, 29,  1.11,  7.56, 58.45,  132.45, 5000.00,    0.01,    1.73,    0.00, 0
29, 1108, 1, 29,  0.95,  7.55, 59.41,  132.64, 5000.00,    0.01,    1.72,    0.00, 0
29, 1109, 1, 29,  1.01,  7.60, 60.51,  132.48, 5000.00,    0.01,    1.74,    0.00, 0
29, 1110, 1, 29,  1.03,  7.55, 62.49,  132.66, 5000.00,    0.01,    1.76,    0.00, 0
29, 1111, 1, 29,  0.91,  7.61, 64.96,  132.73, 5000.00,    0.01,    1.75,    0.00, 0
29, 1112, 1, 29,  0.78,  7.63, 68.14,  132.88, 5000.00,    0.01,    1.70,    0.00, 0
29, 1113, 1, 29,  0.76,  7.82, 70.55,  132.43, 5000.00,    0.01,    1.78,    0.00, 0
29, 1114, 1, 29,  0.68,  7.82, 72.33,  132.48, 5000.00,    0.01,    1.74,    0.00, 0
29, 1115, 1, 29,  0.73,  7.97, 73.53,  132.10, 5000.00,    0.01,    1.77,    0.00, 0
29, 1116, 1, 29,  0.69,  8.05, 74.37,  131.92, 5000.00,    0.01,    1.80,    0.00, 0
29, 1117, 1, 29,  0.66,  8.13, 75.01,  131.77, 5000.00,    0.01,    1.82,    0.00, 0
29, 1118, 1, 29,  0.63,  8.16, 75.53,  131.65, 5000.00,    0.01,    2.10,    0.00, 0
29, 1119, 1, 29,  0.62,  8.21, 75.90,  131.51, 5000.00,    0.01,    2.09,    0.00, 0
29, 1120, 1, 29,  0.61,  8.22, 76.15,  131.49, 5000.00,    0.01,    2.13,    0.00, 0
29, 1121, 1, 29,  0.60,  8.20, 76.32,  131.51, 5000.00,    0.01,    2.11,    0.00, 0
29, 1122, 1, 29,  0.59,  8.18, 76.43,  131.59, 5000.00,    0.01,    2.11,    0.00, 0
29, 1123, 1, 29,  1.66,  7.18, 56.63,  133.09, 5000.00,    0.01,    1.87,    0.00, 0
29, 1124, 1, 29,  1.40,  6.67, 56.76,  133.45, 5000.00,    0.01,    1.19,    0.00, 0
29, 1125, 1, 29,  1.28,  6.64, 56.95,  133.51, 5000.00,    0.01,    1.09,    0.00, 0
29, 1126, 1, 29,  1.35,  7.50, 57.21,  133.05, 5000.00,    0.01,    1.98,    0.00, 0
29, 1127, 1, 29,  1.04,  8.10, 57.56,  132.88, 5000.00,    0.02,    2.74,    0.00, 0
29, 1128, 1, 29,  0.87,  6.50, 58.23,  134.12, 5000.00,    0.01,    0.82,    0.00, 0
29, 1129, 1, 29,  0.97,  7.39, 58.74,  133.01, 5000.00,    0.01,    1.67,    0.00, 0
29, 1130, 1, 29,  0.76,  6.16, 59.41,  133.82, 5000.00,    0.02,    0.20,    0.00, 0
29, 1131, 1, 29,  0.87,  7.38, 60.90,  133.27, 5000.00,    0.01,    1.70,    0.00, 0
29, 1132, 1, 29,  0.88,  7.32, 62.79,  133.27, 5000.00,    0.01,    1.58,    0.00, 0
29, 1133, 1, 29,  0.77,  7.52, 65.02,  133.12, 5000.00,    0.01,    1.72,    0.00, 0
29, 1134, 1, 29,  0.64,  7.47, 68.90,  133.95, 5000.00,    0.01,    1.70,    0.00, 0
29, 1135, 1, 29,  0.62,  7.68, 70.61,  132.93, 5000.00,    0.01,    1.74,    0.00, 0
29, 1136, 1, 29,  0.56,  7.49, 71.88,  133.85, 5000.00,    0.01,    1.86,    0.00, 0
29, 1137, 1, 29,  0.61,  7.63, 73.28,  133.40, 5000.00,    0.01,    1.88,    0.00, 0
29, 1138, 1, 29,  0.50,  6.60, 74.24,  134.03, 5000.00,    0.01,    0.81,    0.00, 0
29, 1139, 1, 29,  0.47,  6.61, 74.88,  133.98, 5000.00,    0.01,    0.81,    0.00, 0
29, 1140, 1, 29,  0.44,  6.60, 75.45,  133.83, 5000.00,    0.01,    0.73,    0.00, 0
29, 1141, 1, 29,  0.42,  6.60, 75.79,  133.78, 5000.00,    0.02,    0.77,    0.00, 0
29, 1142, 1, 29,  0.42,  6.62, 76.14,  133.57, 5000.00,    0.02,    0.74,    0.00, 0
29, 1143, 1, 29,  0.41,  6.62, 76.34,  133.42, 5000.00,    0.02,    0.69,    0.00, 0
29, 1144, 1, 29,  0.40,  6.63, 76.49,  133.05, 5000.00,    0.02,    0.59,    0.00, 0
29, 1145, 1, 29,  8.08,  2.45, 56.02,  133.48, 5000.00,    0.01,    1.74,    0.00, 0
29, 1146, 1, 29,  8.09,  2.45, 56.12,  133.47, 5000.00,    0.01,    1.75,    0.00, 0
29, 1147, 1, 29,  8.17,  2.45, 56.32,  133.26, 5000.00,    0.01,    1.72,    0.00, 0
29, 1148, 1, 29,  7.89,  2.20, 56.71,  134.03, 5000.00,    0.01,    1.55,    0.00, 0
29, 1149, 1, 29,  8.19,  2.28, 57.06,  133.41, 5000.00,    0.01,    1.72,    0.00, 0
29, 1150, 1, 29,  8.16,  2.16, 57.45,  133.76, 5000.00,    0.02,    1.79,    0.00, 0
29, 1151, 1, 29,  8.42,  2.33, 57.95,  132.87, 5000.00,    0.01,    1.73,    0.00, 0
29, 1152, 1, 29,  8.40,  2.33, 58.79,  132.96, 5000.00,    0.01,    1.72,    0.00, 0
29, 1153, 1, 29,  8.25,  2.28, 59.87,  133.39, 5000.00,    0.01,    1.69,    0.00, 0
29, 1154, 1, 29,  8.06,  2.23, 62.09,  134.17, 5000.00,    0.02,    1.79,    0.00, 0
29, 1155, 1, 29,  8.03,  2.22, 64.29,  134.26, 5000.00,    0.02,    1.81,    0.00, 0
29, 1156, 1, 29,  8.02,  2.21, 67.27,  134.31, 5000.00,    0.02,    1.82,    0.00, 0
29, 1157, 1, 29,  8.06,  2.22, 69.84,  134.17, 5000.00,    0.02,    1.83,    0.00, 0
29, 1158, 1, 29,  8.09,  2.23, 71.60,  134.01, 5000.00,    0.02,    1.83,    0.00, 0
29, 1159, 1, 29,  8.41,  2.41, 73.05,  132.71, 5000.00,    0.01,    1.73,    0.00, 0
29, 1160, 1, 29,  8.43,  2.43, 73.91,  132.59, 5000.00,    0.01,    1.72,    0.00, 0
29, 1161, 1, 29,  8.44,  2.43, 74.53,  132.55, 5000.00,    0.01,    1.73,    0.00, 0
29, 1162, 1, 29,  8.46,  2.43, 75.07,  132.49, 5000.00,    0.01,    1.72,    0.00, 0
29, 1163, 1, 29,  8.30,  2.38, 75.24,  132.86, 5000.00,    0.01,    1.69,    0.00, 0
29, 1164, 1, 29,  8.17,  2.37, 75.57,  133.38, 5000.00,    0.01,    1.81,    0.00, 0
29, 1165, 1, 29,  7.90,  2.24, 75.82,  133.64, 5000.00,    0.01,    1.45,    0.00, 0
29, 1166, 1, 29,  7.87,  2.22, 75.95,  133.40, 5000.00,    0.01,    1.32,    0.00, 0
29, 1167, 1, 29,  8.34,  2.57, 56.11,  132.65, 5000.00,    0.01,    1.71,    0.00, 0
29, 1168, 1, 29,  8.05,  2.51, 56.46,  133.46, 5000.00,    0.01,    1.71,    0.00, 0
29, 1169, 1, 29,  8.15,  2.53, 56.49,  133.20, 5000.00,    0.01,    1.72,    0.00, 0
29, 1170, 1, 29,  8.36,  2.45, 56.52,  132.68, 5000.00,    0.01,    1.71,    0.00, 0
29, 1171, 1, 29,  8.38,  2.43, 56.91,  132.67, 5000.00,    0.01,    1.71,    0.00, 0
29, 1172, 1, 29,  8.36,  2.29, 57.41,  132.96, 5000.00,    0.01,    1.70,    0.00, 0
29, 1173, 1, 29,  8.37,  2.41, 58.08,  132.89, 5000.00,    0.01,    1.71,    0.00, 0
29, 1174, 1, 29,  8.36,  2.40, 58.95,  132.96, 5000.00,    0.01,    1.70,    0.00, 0
29, 1175, 1, 29,  8.37,  2.40, 60.09,  132.93, 5000.00,    0.01,    1.71,    0.00, 0
29, 1176, 1, 29,  8.30,  2.37, 61.89,  133.15, 5000.00,    0.01,    1.72,    0.00, 0
29, 1177, 1, 29,  8.26,  2.36, 64.15,  133.29, 5000.00,    0.01,    1.72,    0.00, 0
29, 1178, 1, 29,  8.22,  2.34, 67.22,  133.33, 5000.00,    0.01,    1.73,    0.00, 0
29, 1179, 1, 29,  8.28,  2.36, 70.08,  133.13, 5000.00,    0.01,    1.73,    0.00, 0
29, 1180, 1, 29,  8.37,  2.39, 71.95,  132.84, 5000.00,    0.01,    1.74,    0.00, 0
29, 1181, 1, 29,  8.48,  2.53, 73.12,  132.43, 5000.00,    0.01,    1.75,    0.00, 0
29, 1182, 1, 29,  8.50,  2.54, 73.97,  132.33, 5000.00,    0.01,    1.74,    0.00, 0
29, 1183, 1, 29,  8.51,  2.54, 74.59,  132.29, 5000.00,    0.01,    1.74,    0.00, 0
29, 1184, 1, 29,  8.52,  2.53, 75.11,  132.26, 5000.00,    0.01,    1.74,    0.00, 0
29, 1185, 1, 29,  8.45,  2.51, 75.37,  132.42, 5000.00,    0.01,    1.74,    0.00, 0
29, 1186, 1, 29,  8.45,  2.51, 75.76,  132.38, 5000.00,    0.01,    1.74,    0.00, 0
29, 1187, 1, 29,  8.48,  2.52, 75.94,  132.28, 5000.00,    0.01,    1.76,    0.00, 0
29, 1188, 1, 29,  8.54,  2.55, 76.05,  132.13, 5000.00,    0.01,    1.81,    0.00, 0
29, 1189, 1, 29,  8.11,  2.66, 55.99,  133.42, 5000.00,    0.01,    1.71,    0.00, 0
29, 1190, 1, 29,  8.28,  2.70, 56.06,  132.95, 5000.00,    0.01,    1.70,    0.00, 0
29, 1191, 1, 29,  8.18,  2.67, 56.29,  133.24, 5000.00,    0.01,    1.70,    0.00, 0
29, 1192, 1, 29,  8.42,  2.59, 56.40,  132.68, 5000.00,    0.01,    1.69,    0.00, 0
29, 1193, 1, 29,  8.42,  2.57, 56.79,  132.71, 5000.00,    0.01,    1.69,    0.00, 0
29, 1194, 1, 29,  8.40,  2.44, 57.33,  132.91, 5000.00,    0.01,    1.70,    0.00, 0
29, 1195, 1, 29,  8.47,  2.55, 57.96,  132.71, 5000.00,    0.01,    1.72,    0.00, 0
29, 1196, 1, 29,  8.36,  2.54, 58.83,  132.98, 5000.00,    0.01,    1.69,    0.00, 0
29, 1197, 1, 29,  8.40,  2.55, 60.02,  132.87, 5000.00,    0.01,    1.69,    0.00, 0
29, 1198, 1, 29,  8.35,  2.53, 61.81,  133.05, 5000.00,    0.01,    1.70,    0.00, 0
29, 1199, 1, 29,  8.31,  2.52, 64.08,  133.13, 5000.00,    0.01,    1.71,    0.00, 0
29, 1200, 1, 29,  8.27,  2.50, 67.15,  133.14, 5000.00,    0.01,    1.72,    0.00, 0
29, 1201, 1, 29,  8.31,  2.51, 69.96,  132.96, 5000.00,    0.01,    1.73,    0.00, 0
29, 1202, 1, 29,  8.39,  2.54, 71.88,  132.68, 5000.00,    0.01,    1.73,    0.00, 0
29, 1203, 1, 29,  8.28,  2.60, 72.98,  132.82, 5000.00,    0.01,    1.72,    0.00, 0
29, 1204, 1, 29,  8.43,  2.64, 73.92,  132.38, 5000.00,    0.01,    1.73,    0.00, 0
29, 1205, 1, 29,  8.46,  2.65, 74.59,  132.29, 5000.00,    0.01,    1.74,    0.00, 0
29, 1206, 1, 29,  8.45,  2.64, 75.12,  132.29, 5000.00,    0.01,    1.73,    0.00, 0
29, 1207, 1, 29,  8.37,  2.62, 75.39,  132.48, 5000.00,    0.01,    1.73,    0.00, 0
29, 1208, 1, 29,  8.37,  2.62, 75.78,  132.41, 5000.00,    0.01,    1.72,    0.00, 0
29, 1209, 1, 29,  8.48,  2.67, 75.97,  132.03, 5000.00,    0.01,    1.74,    0.00, 0
29, 1210, 1, 29,  8.49,  2.69, 76.06,  132.00, 5000.00,    0.01,    1.79,    0.00, 0
29, 1211, 1, 29,  8.10,  2.84, 56.08,  133.00, 5000.00,    0.01,    1.70,    0.00, 0
29, 1212, 1, 29,  8.21,  2.88, 56.14,  132.70, 5000.00,    0.01,    1.70,    0.00, 0
29, 1213, 1, 29,  8.18,  2.88, 56.23,  132.76, 5000.00,    0.01,    1.70,    0.00, 0
29, 1214, 1, 29,  8.27,  2.78, 56.54,  132.64, 5000.00,    0.01,    1.70,    0.00, 0
29, 1215, 1, 29,  8.29,  2.76, 56.94,  132.65, 5000.00,    0.01,    1.70,    0.00, 0
29, 1216, 1, 29,  8.33,  2.65, 57.41,  132.68, 5000.00,    0.01,    1.70,    0.00, 0
29, 1217, 1, 29,  8.30,  2.73, 58.12,  132.71, 5000.00,    0.01,    1.72,    0.00, 0
29, 1218, 1, 29,  8.30,  2.75, 58.97,  132.71, 5000.00,    0.01,    1.72,    0.00, 0
29, 1219, 1, 29,  8.25,  2.74, 60.18,  132.83, 5000.00,    0.01,    1.71,    0.00, 0
29, 1220, 1, 29,  8.22,  2.73, 61.96,  132.94, 5000.00,    0.01,    1.72,    0.00, 0
29, 1221, 1, 29,  8.19,  2.72, 64.22,  133.02, 5000.00,    0.01,    1.72,    0.00, 0
29, 1222, 1, 29,  8.16,  2.71, 67.25,  133.03, 5000.00,    0.01,    1.73,    0.00, 0
29, 1223, 1, 29,  8.20,  2.72, 69.98,  132.89, 5000.00,    0.01,    1.74,    0.00, 0
29, 1224, 1, 29,  8.26,  2.74, 71.84,  132.70, 5000.00,    0.01,    1.74,    0.00, 0
29, 1225, 1, 29,  8.31,  2.85, 73.06,  132.45, 5000.00,    0.01,    1.74,    0.00, 0
29, 1226, 1, 29,  8.33,  2.86, 73.94,  132.37, 5000.00,    0.01,    1.74,    0.00, 0
29, 1227, 1, 29,  8.35,  2.86, 74.60,  132.30, 5000.00,    0.01,    1.73,    0.00, 0
29, 1228, 1, 29,  8.36,  2.87, 75.16,  132.21, 5000.00,    0.01,    1.73,    0.00, 0
29, 1229, 1, 29,  8.33,  2.87, 75.51,  132.23, 5000.00,    0.01,    1.73,    0.00, 0
29, 1230, 1, 29,  8.33,  2.88, 75.81,  132.18, 5000.00,    0.01,    1.74,    0.00, 0
29, 1231, 1, 29,  8.47,  2.94, 76.01,  131.68, 5000.00,    0.01,    1.74,    0.00, 0
29, 1232, 1, 29,  8.44,  2.95, 76.07,  131.79, 5000.00,    0.02,    1.79,    0.00, 0
29, 1233, 1, 29,  8.05,  3.19, 56.21,  132.80, 5000.00,    0.01,    1.69,    0.00, 0
29, 1234, 1, 29,  8.18,  3.25, 56.24,  132.41, 5000.00,    0.01,    1.70,    0.00, 0
29, 1235, 1, 29,  8.12,  3.23, 56.36,  132.56, 5000.00,    0.01,    1.70,    0.00, 0
29, 1236, 1, 29,  8.10,  3.14, 56.63,  132.70, 5000.00,    0.01,    1.69,    0.00, 0
29, 1237, 1, 29,  8.14,  3.13, 57.02,  132.60, 5000.00,    0.01,    1.69,    0.00, 0
29, 1238, 1, 29,  8.16,  3.02, 57.53,  132.68, 5000.00,    0.01,    1.70,    0.00, 0
29, 1239, 1, 29,  8.19,  3.12, 58.17,  132.56, 5000.00,    0.01,    1.70,    0.00, 0
29, 1240, 1, 29,  8.22,  3.14, 59.03,  132.50, 5000.00,    0.01,    1.71,    0.00, 0
29, 1241, 1, 29,  8.20,  3.15, 60.26,  132.53, 5000.00,    0.01,    1.71,    0.00, 0
29, 1242, 1, 29,  8.19,  3.14, 61.99,  132.57, 5000.00,    0.01,    1.71,    0.00, 0
29, 1243, 1, 29,  8.16,  3.14, 64.27,  132.63, 5000.00,    0.01,    1.72,    0.00, 0
29, 1244, 1, 29,  8.13,  3.13, 67.34,  132.65, 5000.00,    0.01,    1.72,    0.00, 0
29, 1245, 1, 29,  8.18,  3.15, 70.14,  132.49, 5000.00,    0.01,    1.73,    0.00, 0
29, 1246, 1, 29,  8.24,  3.17, 71.96,  132.32, 5000.00,    0.01,    1.73,    0.00, 0
29, 1247, 1, 29,  8.26,  3.26, 73.16,  132.15, 5000.00,    0.01,    1.74,    0.00, 0
29, 1248, 1, 29,  8.29,  3.29, 74.04,  132.03, 5000.00,    0.01,    1.73,    0.00, 0
29, 1249, 1, 29,  8.32,  3.30, 74.68,  131.93, 5000.00,    0.01,    1.74,    0.00, 0
29, 1250, 1, 29,  8.35,  3.32, 75.24,  131.76, 5000.00,    0.01,    1.73,    0.00, 0
29, 1251, 1, 29,  8.35,  3.34, 75.55,  131.68, 5000.00,    0.01,    1.74,    0.00, 0
29, 1252, 1, 29,  8.34,  3.34, 75.83,  131.66, 5000.00,    0.01,    1.75,    0.00, 0
29, 1253, 1, 29,  8.45,  3.39, 76.05,  131.20, 5000.00,    0.01,    1.72,    0.00, 0
29, 1254, 1, 29,  8.39,  3.39, 76.10,  131.53, 5000.00,    0.01,    1.82,    0.00, 0
29, 1255, 1, 29,  7.68,  3.84, 56.10,  132.89, 5000.00,    0.01,    1.56,    0.00, 0
29, 1256, 1, 29,  7.99,  3.93, 56.14,  132.18, 5000.00,    0.01,    1.59,    0.00, 0
29, 1257, 1, 29,  7.95,  3.92, 56.24,  132.27, 5000.00,    0.01,    1.59,    0.00, 0
29, 1258, 1, 29,  7.88,  3.84, 56.49,  132.48, 5000.00,    0.01,    1.58,    0.00, 0
29, 1259, 1, 29,  7.88,  3.83, 56.87,  132.47, 5000.00,    0.01,    1.58,    0.00, 0
29, 1260, 1, 29,  7.91,  3.75, 57.35,  132.49, 5000.00,    0.01,    1.58,    0.00, 0
29, 1261, 1, 29,  7.90,  3.82, 57.99,  132.40, 5000.00,    0.01,    1.58,    0.00, 0
29, 1262, 1, 29,  7.91,  3.85, 58.85,  132.33, 5000.00,    0.01,    1.59,    0.00, 0
29, 1263, 1, 29,  7.90,  3.87, 60.08,  132.32, 5000.00,    0.01,    1.59,    0.00, 0
29, 1264, 1, 29,  7.91,  3.87, 61.81,  132.32, 5000.00,    0.01,    1.59,    0.00, 0
29, 1265, 1, 29,  7.88,  3.88, 64.10,  132.35, 5000.00,    0.01,    1.71,    0.00, 0
29, 1266, 1, 29,  7.85,  3.86, 67.21,  132.38, 5000.00,    0.01,    1.72,    0.00, 0
29, 1267, 1, 29,  7.91,  3.90, 70.06,  132.21, 5000.00,    0.01,    1.62,    0.00, 0
29, 1268, 1, 29,  7.94,  3.93, 71.87,  132.07, 5000.00,    0.01,    1.62,    0.00, 0
29, 1269, 1, 29,  7.95,  4.00, 73.08,  131.93, 5000.00,    0.01,    1.62,    0.00, 0
29, 1270, 1, 29,  7.97,  4.03, 73.96,  131.79, 5000.00,    0.01,    1.61,    0.00, 0
29, 1271, 1, 29,  8.00,  4.05, 74.62,  131.66, 5000.00,    0.01,    1.61,    0.00, 0
29, 1272, 1, 29,  8.01,  4.07, 75.15,  131.53, 5000.00,    0.01,    1.60,    0.00, 0
29, 1273, 1, 29,  8.02,  4.09, 75.54,  131.42, 5000.00,    0.01,    1.60,    0.00, 0
29, 1274, 1, 29,  8.08,  4.12, 75.78,  131.25, 5000.00,    0.01,    1.61,    0.00, 0
29, 1275, 1, 29,  8.21,  4.21, 75.91,  131.22, 5000.00,    0.01,    1.56,    0.00, 0
29, 1276, 1, 29,  8.03,  4.11, 75.98,  131.36, 5000.00,    0.01,    1.62,    0.00, 0
29, 1277, 1, 29,  6.91,  5.07, 55.87,  132.71, 5000.00,    0.01,    1.58,    0.00, 0
29, 1278, 1, 29,  7.17,  5.13, 55.91,  132.18, 5000.00,    0.01,    1.62,    0.00, 0
29, 1279, 1, 29,  7.19,  5.16, 56.04,  132.12, 5000.00,    0.01,    1.62,    0.00, 0
29, 1280, 1, 29,  7.02,  5.16, 56.29,  132.39, 5000.00,    0.01,    1.61,    0.00, 0
29, 1281, 1, 29,  7.04,  5.15, 56.66,  132.36, 5000.00,    0.01,    1.61,    0.00, 0
29, 1282, 1, 29,  7.11,  5.11, 57.14,  132.30, 5000.00,    0.01,    1.62,    0.00, 0
29, 1283, 1, 29,  7.10,  5.16, 57.78,  132.20, 5000.00,    0.01,    1.62,    0.00, 0
29, 1284, 1, 29,  7.11,  5.19, 58.66,  132.16, 5000.00,    0.01,    1.62,    0.00, 0
29, 1285, 1, 29,  7.10,  5.21, 59.89,  132.12, 5000.00,    0.01,    1.63,    0.00, 0
29, 1286, 1, 29,  7.11,  5.22, 61.63,  132.10, 5000.00,    0.01,    1.63,    0.00, 0
29, 1287, 1, 29,  7.05,  5.23, 63.97,  132.13, 5000.00,    0.01,    1.64,    0.00, 0
29, 1288, 1, 29,  7.18,  5.34, 67.15,  132.17, 5000.00,    0.01,    1.61,    0.00, 0
29, 1289, 1, 29,  7.08,  5.28, 70.11,  131.94, 5000.00,    0.01,    1.65,    0.00, 0
29, 1290, 1, 29,  7.12,  5.33, 71.94,  131.77, 5000.00,    0.01,    1.66,    0.00, 0
29, 1291, 1, 29,  7.13,  5.39, 73.16,  131.60, 5000.00,    0.01,    1.66,    0.00, 0
29, 1292, 1, 29,  7.15,  5.44, 74.03,  131.45, 5000.00,    0.01,    1.66,    0.00, 0
29, 1293, 1, 29,  7.17,  5.48, 74.69,  131.31, 5000.00,    0.01,    1.65,    0.00, 0
29, 1294, 1, 29,  7.18,  5.51, 75.22,  131.17, 5000.00,    0.01,    1.64,    0.00, 0
29, 1295, 1, 29,  7.18,  5.53, 75.61,  131.08, 5000.00,    0.01,    1.64,    0.00, 0
29, 1296, 1, 29,  7.21,  5.58, 75.80,  130.93, 5000.00,    0.01,    1.65,    0.00, 0
29, 1297, 1, 29,  7.23,  5.60, 75.95,  130.82, 5000.00,    0.01,    1.65,    0.00, 0
29, 1298, 1, 29,  7.04,  5.54, 75.98,  131.38, 5000.00,    0.01,    1.69,    0.00, 0
29, 1299, 1, 29,  5.18,  6.92, 55.89,  132.47, 5000.00,    0.01,    1.62,    0.00, 0
29, 1300, 1, 29,  5.27,  6.96, 55.96,  132.25, 5000.00,    0.01,    1.63,    0.00, 0
29, 1301, 1, 29,  5.22,  6.99, 56.07,  132.28, 5000.00,    0.01,    1.63,    0.00, 0
29, 1302, 1, 29,  4.89,  7.13, 56.36,  132.52, 5000.00,    0.01,    1.63,    0.00, 0
29, 1303, 1, 29,  4.95,  7.13, 56.75,  132.41, 5000.00,    0.01,    1.63,    0.00, 0
29, 1304, 1, 29,  5.26,  6.91, 57.18,  132.25, 5000.00,    0.01,    1.64,    0.00, 0
29, 1305, 1, 29,  4.94,  7.15, 57.88,  132.33, 5000.00,    0.01,    1.63,    0.00, 0
29, 1306, 1, 29,  4.91,  7.19, 58.76,  132.28, 5000.00,    0.01,    1.63,    0.00, 0
29, 1307, 1, 29,  4.90,  7.21, 59.99,  132.26, 5000.00,    0.01,    1.63,    0.00, 0
29, 1308, 1, 29,  4.87,  7.20, 61.74,  132.25, 5000.00,    0.01,    1.63,    0.00, 0
29, 1309, 1, 29,  5.09,  7.03, 64.02,  132.12, 5000.00,    0.01,    1.65,    0.00, 0
29, 1310, 1, 29,  4.74,  7.22, 67.22,  132.33, 5000.00,    0.01,    1.63,    0.00, 0
29, 1311, 1, 29,  5.09,  7.12, 70.21,  131.87, 5000.00,    0.01,    1.66,    0.00, 0
29, 1312, 1, 29,  5.10,  7.20, 72.04,  131.66, 5000.00,    0.01,    1.65,    0.00, 0
29, 1313, 1, 29,  4.80,  7.41, 73.20,  131.64, 5000.00,    0.01,    1.63,    0.00, 0
29, 1314, 1, 29,  4.81,  7.48, 74.08,  131.45, 5000.00,    0.01,    1.63,    0.00, 0
29, 1315, 1, 29,  5.14,  7.33, 74.78,  131.15, 5000.00,    0.01,    1.65,    0.00, 0
29, 1316, 1, 29,  5.12,  7.37, 75.31,  131.05, 5000.00,    0.01,    1.64,    0.00, 0
29, 1317, 1, 29,  4.82,  7.60, 75.67,  131.03, 5000.00,    0.01,    1.61,    0.00, 0
29, 1318, 1, 29,  4.87,  7.64, 75.89,  130.86, 5000.00,    0.01,    1.63,    0.00, 0
29, 1319, 1, 29,  4.89,  7.66, 76.07,  130.73, 5000.00,    0.01,    1.63,    0.00, 0
29, 1320, 1, 29,  4.77,  7.63, 76.09,  131.20, 5000.00,    0.01,    1.69,    0.00, 0
29, 1321, 1, 29,  3.24,  8.04, 55.98,  132.85, 5000.00,    0.01,    1.94,    0.00, 0
29, 1322, 1, 29,  3.40,  7.97, 55.96,  132.43, 5000.00,    0.01,    1.85,    0.00, 0
29, 1323, 1, 29,  3.40,  7.97, 56.07,  132.35, 5000.00,    0.01,    1.63,    0.00, 0
29, 1324, 1, 29,  3.20,  8.09, 56.37,  132.24, 5000.00,    0.01,    1.64,    0.00, 0
29, 1325, 1, 29,  3.16,  8.04, 56.72,  132.39, 5000.00,    0.01,    1.61,    0.00, 0
29, 1326, 1, 29,  3.16,  8.11, 57.22,  132.33, 5000.00,    0.01,    1.62,    0.00, 0
29, 1327, 1, 29,  3.12,  8.13, 57.86,  132.32, 5000.00,    0.01,    1.62,    0.00, 0
29, 1328, 1, 29,  3.08,  8.19, 58.73,  132.23, 5000.00,    0.01,    1.63,    0.00, 0
29, 1329, 1, 29,  3.07,  8.23, 59.99,  132.21, 5000.00,    0.00,    1.62,    0.00, 0
29, 1330, 1, 29,  3.05,  8.27, 61.74,  132.21, 5000.00,    0.00,    1.61,    0.00, 0
29, 1331, 1, 29,  2.95,  8.31, 64.07,  132.26, 5000.00,    0.01,    1.61,    0.00, 0
29, 1332, 1, 29,  2.91,  8.32, 67.25,  132.29, 5000.00,    0.01,    1.62,    0.00, 0
29, 1333, 1, 29,  2.84,  8.43, 70.18,  132.01, 5000.00,    0.01,    1.62,    0.00, 0
29, 1334, 1, 29,  2.81,  8.53, 72.03,  131.75, 5000.00,    0.01,    1.63,    0.00, 0
29, 1335, 1, 29,  2.86,  8.58, 73.25,  131.53, 5000.00,    0.01,    1.62,    0.00, 0
29, 1336, 1, 29,  2.85,  8.63, 74.14,  131.31, 5000.00,    0.01,    1.63,    0.00, 0
29, 1337, 1, 29,  2.85,  8.69, 74.81,  131.12, 5000.00,    0.01,    1.63,    0.00, 0
29, 1338, 1, 29,  2.85,  8.74, 75.35,  130.95, 5000.00,    0.01,    1.63,    0.00, 0
29, 1339, 1, 29,  2.86,  8.77, 75.73,  130.84, 5000.00,    0.01,    1.63,    0.00, 0
29, 1340, 1, 29,  2.88,  8.80, 75.92,  130.80, 5000.00,    0.01,    1.68,    0.00, 0
29, 1341, 1, 29,  2.87,  8.80, 76.09,  130.65, 5000.00,    0.01,    1.63,    0.00, 0
29, 1342, 1, 29,  2.81,  8.69, 76.15,  131.12, 5000.00,    0.01,    1.65,    0.00, 0
29, 1343, 1, 29,  2.46,  7.81, 56.18,  133.32, 5000.00,    0.01,    1.78,    0.00, 0
29, 1344, 1, 29,  2.51,  8.01, 56.18,  132.61, 5000.00,    0.01,    1.79,    0.00, 0
29, 1345, 1, 29,  2.53,  8.16, 56.28,  132.26, 5000.00,    0.01,    1.86,    0.00, 0
29, 1346, 1, 29,  2.21,  8.20, 56.53,  132.33, 5000.00,    0.01,    1.65,    0.00, 0
29, 1347, 1, 29,  2.22,  8.09, 56.96,  132.74, 5000.00,    0.01,    1.65,    0.00, 0
29, 1348, 1, 29,  2.22,  8.18, 57.40,  132.50, 5000.00,    0.01,    1.66,    0.00, 0
29, 1349, 1, 29,  2.19,  8.17, 58.06,  132.50, 5000.00,    0.01,    1.64,    0.00, 0
29, 1350, 1, 29,  2.13,  8.25, 58.93,  132.39, 5000.00,    0.01,    1.65,    0.00, 0
29, 1351, 1, 29,  2.12,  8.30, 60.14,  132.26, 5000.00,    0.01,    1.66,    0.00, 0
29, 1352, 1, 29,  2.07,  8.40, 61.86,  132.09, 5000.00,    0.01,    1.66,    0.00, 0
29, 1353, 1, 29,  1.95,  8.45, 64.21,  132.13, 5000.00,    0.01,    1.65,    0.00, 0
29, 1354, 1, 29,  1.91,  8.55, 67.44,  132.23, 5000.00,    0.01,    1.64,    0.00, 0
29, 1355, 1, 29,  1.83,  8.74, 70.34,  131.94, 5000.00,    0.01,    1.62,    0.00, 0
29, 1356, 1, 29,  1.77,  8.83, 72.17,  131.71, 5000.00,    0.01,    1.62,    0.00, 0
29, 1357, 1, 29,  1.82,  8.88, 73.37,  131.51, 5000.00,    0.01,    1.62,    0.00, 0
29, 1358, 1, 29,  1.79,  8.95, 74.23,  131.32, 5000.00,    0.01,    1.62,    0.00, 0
29, 1359, 1, 29,  1.78,  8.98, 74.88,  131.14, 5000.00,    0.01,    1.61,    0.00, 0
29, 1360, 1, 29,  1.76,  9.02, 75.42,  130.98, 5000.00,    0.01,    1.60,    0.00, 0
29, 1361, 1, 29,  1.76,  9.05, 75.79,  130.87, 5000.00,    0.01,    1.59,    0.00, 0
29, 1362, 1, 29,  1.76,  9.05, 76.01,  130.79, 5000.00,    0.01,    1.59,    0.00, 0
29, 1363, 1, 29,  1.75,  9.07, 76.19,  130.66, 5000.00,    0.01,    1.56,    0.00, 0
29, 1364, 1, 29,  1.74,  8.96, 76.22,  131.23, 5000.00,    0.01,    1.65,    0.00, 0
29, 1365, 1, 29,  2.07,  7.92, 56.44,  133.29, 5000.00,    0.01,    1.83,    0.00, 0
29, 1366, 1, 29,  2.02,  7.99, 56.52,  133.10, 5000.00,    0.01,    1.83,    0.00, 0
29, 1367, 1, 29,  1.97,  8.15, 56.59,  132.65, 5000.00,    0.01,    1.65,    0.00, 0
29, 1368, 1, 29,  1.58,  8.16, 56.88,  132.93, 5000.00,    0.01,    1.64,    0.00, 0
29, 1369, 1, 29,  1.62,  8.22, 57.23,  132.69, 5000.00,    0.01,    1.63,    0.00, 0
29, 1370, 1, 29,  1.59,  8.39, 57.67,  132.28, 5000.00,    0.01,    1.65,    0.00, 0
29, 1371, 1, 29,  1.55,  8.34, 58.31,  132.42, 5000.00,    0.01,    1.63,    0.00, 0
29, 1372, 1, 29,  1.49,  8.25, 59.28,  132.73, 5000.00,    0.01,    1.61,    0.00, 0
29, 1373, 1, 29,  1.45,  8.35, 60.46,  132.51, 5000.00,    0.01,    1.62,    0.00, 0
29, 1374, 1, 29,  1.40,  8.37, 62.31,  132.56, 5000.00,    0.01,    1.62,    0.00, 0
29, 1375, 1, 29,  1.29,  8.45, 64.51,  132.49, 5000.00,    0.01,    1.61,    0.00, 0
29, 1376, 1, 29,  1.26,  8.58, 67.84,  132.38, 5000.00,    0.01,    1.62,    0.00, 0
29, 1377, 1, 29,  1.16,  8.70, 70.45,  132.20, 5000.00,    0.01,    1.61,    0.00, 0
29, 1378, 1, 29,  1.09,  8.78, 72.24,  132.07, 5000.00,    0.01,    1.61,    0.00, 0
29, 1379, 1, 29,  1.15,  8.87, 73.48,  131.81, 5000.00,    0.01,    1.61,    0.00, 0
29, 1380, 1, 29,  1.11,  8.91, 74.34,  131.71, 5000.00,    0.01,    1.60,    0.00, 0
29, 1381, 1, 29,  1.08,  8.93, 74.98,  131.59, 5000.00,    0.01,    1.59,    0.00, 0
29, 1382, 1, 29,  1.05,  8.96, 75.52,  131.51, 5000.00,    0.01,    1.59,    0.00, 0
29, 1383, 1, 29,  1.05,  8.97, 75.90,  131.47, 5000.00,    0.01,    1.58,    0.00, 0
29, 1384, 1, 29,  1.04,  9.03, 76.15,  131.21, 5000.00,    0.01,    1.57,    0.00, 0
29, 1385, 1, 29,  1.04,  9.05, 76.30,  131.14, 5000.00,    0.01,    1.58,    0.00, 0
29, 1386, 1, 29,  1.05,  8.98, 76.30,  131.58, 5000.00,    0.01,    2.00,    0.00, 0
29, 1387, 1, 29,  1.71,  8.06, 56.73,  133.04, 5000.00,    0.01,    1.64,    0.00, 0
29, 1388, 1, 29,  1.67,  8.12, 56.78,  132.87, 5000.00,    0.01,    1.64,    0.00, 0
29, 1389, 1, 29,  1.64,  8.14, 56.91,  132.88, 5000.00,    0.01,    1.66,    0.00, 0
29, 1390, 1, 29,  1.17,  7.12, 57.39,  134.52, 5000.00,    0.02,    0.70,    0.00, 0
29, 1391, 1, 29,  1.33,  8.70, 57.51,  132.51, 5000.00,    0.01,    1.57,    0.00, 0
29, 1392, 1, 29,  1.25,  8.31, 57.99,  132.63, 5000.00,    0.01,    1.64,    0.00, 0
29, 1393, 1, 29,  1.21,  8.39, 58.58,  132.45, 5000.00,    0.01,    1.63,    0.00, 0
29, 1394, 1, 29,  1.15,  8.33, 59.52,  132.73, 5000.00,    0.01,    1.62,    0.00, 0
29, 1395, 1, 29,  1.11,  8.40, 60.67,  132.58, 5000.00,    0.01,    1.63,    0.00, 0
29, 1396, 1, 29,  1.05,  8.37, 62.66,  132.85, 5000.00,    0.01,    1.64,    0.00, 0
29, 1397, 1, 29,  0.93,  8.39, 65.07,  133.02, 5000.00,    0.01,    1.64,    0.00, 0
29, 1398, 1, 29,  0.90,  8.56, 68.06,  132.69, 5000.00,    0.01,    1.67,    0.00, 0
29, 1399, 1, 29,  0.80,  8.59, 70.51,  132.74, 5000.00,    0.01,    1.63,    0.00, 0
29, 1400, 1, 29,  0.72,  8.68, 72.31,  132.57, 5000.00,    0.01,    1.63,    0.00, 0
29, 1401, 1, 29,  0.78,  8.82, 73.52,  132.18, 5000.00,    0.01,    1.64,    0.00, 0
29, 1402, 1, 29,  0.74,  8.90, 74.36,  132.00, 5000.00,    0.01,    1.64,    0.00, 0
29, 1403, 1, 29,  0.71,  8.97, 74.99,  131.90, 5000.00,    0.01,    1.64,    0.00, 0
29, 1404, 1, 29,  0.68,  8.99, 75.52,  131.76, 5000.00,    0.01,    1.65,    0.00, 0
29, 1405, 1, 29,  0.67,  9.04, 75.89,  131.61, 5000.00,    0.01,    1.65,    0.00, 0
29, 1406, 1, 29,  0.67,  9.05, 76.15,  131.57, 5000.00,    0.01,    1.65,    0.00, 0
29, 1407, 1, 29,  0.65,  9.05, 76.31,  131.53, 5000.00,    0.01,    1.63,    0.00, 0
29, 1408, 1, 29,  0.65,  9.03, 76.43,  131.60, 5000.00,    0.01,    1.90,    0.00, 0
29, 1409, 1, 29,  1.60,  8.00, 56.82,  133.43, 5000.00,    0.01,    1.68,    0.00, 0
29, 1410, 1, 29,  1.54,  8.08, 56.92,  133.17, 5000.00,    0.01,    1.67,    0.00, 0
29, 1411, 1, 29,  1.48,  7.93, 57.15,  133.48, 5000.00,    0.01,    1.54,    0.00, 0
29, 1412, 1, 29,  0.99,  6.78, 57.53,  134.60, 5000.00,    0.02,    0.28,    0.00, 0
29, 1413, 1, 29,  1.13,  8.35, 57.58,  132.59, 5000.00,    0.01,    1.64,    0.00, 0
29, 1414, 1, 29,  1.10,  8.35, 58.03,  132.59, 5000.00,    0.01,    1.64,    0.00, 0
29, 1415, 1, 29,  1.08,  8.31, 58.58,  132.76, 5000.00,    0.01,    1.60,    0.00, 0
29, 1416, 1, 29,  1.01,  8.42, 59.54,  132.61, 5000.00,    0.01,    1.62,    0.00, 0
29, 1417, 1, 29,  0.96,  8.13, 61.00,  133.46, 5000.00,    0.01,    1.56,    0.00, 0
29, 1418, 1, 29,  0.94,  8.77, 63.44,  133.01, 5000.00,    0.02,    2.24,    0.00, 0
29, 1419, 1, 29,  0.84,  8.90, 65.05,  133.06, 5000.00,    0.02,    2.40,    0.00, 0
29, 1420, 1, 29,  0.75,  8.46, 68.17,  133.13, 5000.00,    0.01,    1.65,    0.00, 0
29, 1421, 1, 29,  0.62,  7.92, 70.51,  134.25, 5000.00,    0.01,    1.23,    0.00, 0
29, 1422, 1, 29,  0.60,  8.43, 72.33,  133.87, 5000.00,    0.01,    1.83,    0.00, 0
29, 1423, 1, 29,  0.65,  8.48, 73.25,  133.43, 5000.00,    0.01,    1.75,    0.00, 0
29, 1424, 1, 29,  0.62,  8.75, 74.51,  132.88, 5000.00,    0.01,    1.84,    0.00, 0
29, 1425, 1, 29,  0.58,  8.78, 75.16,  132.74, 5000.00,    0.01,    1.80,    0.00, 0
29, 1426, 1, 29,  0.55,  8.72, 75.59,  132.88, 5000.00,    0.01,    2.05,    0.00, 0
29, 1427, 1, 29,  0.54,  8.74, 75.96,  132.81, 5000.00,    0.01,    2.03,    0.00, 0
29, 1428, 1, 29,  0.53,  8.81, 76.28,  132.59, 5000.00,    0.02,    2.06,    0.00, 0
29, 1429, 1, 29,  0.52,  8.92, 76.50,  132.21, 5000.00,    0.02,    2.07,    0.00, 0
29, 1430, 1, 29,  0.51,  8.88, 76.57,  132.34, 5000.00,    0.02,    2.13,    0.00, 0
29, 1431, 1, 29,  8.83,  2.74, 56.30,  133.49, 5000.00,    0.01,    1.54,    0.00, 0
29, 1432, 1, 29,  9.04,  2.83, 56.34,  132.85, 5000.00,    0.01,    1.56,    0.00, 0
29, 1433, 1, 29,  9.11,  2.86, 56.37,  132.73, 5000.00,    0.01,    1.55,    0.00, 0
29, 1434, 1, 29,  8.97,  2.64, 56.72,  133.59, 5000.00,    0.02,    1.69,    0.00, 0
29, 1435, 1, 29,  9.14,  2.67, 57.13,  132.87, 5000.00,    0.01,    1.58,    0.00, 0
29, 1436, 1, 29,  9.18,  2.64, 57.48,  132.91, 5000.00,    0.01,    1.57,    0.00, 0
29, 1437, 1, 29,  9.14,  2.63, 57.87,  133.15, 5000.00,    0.01,    1.58,    0.00, 0
29, 1438, 1, 29,  8.91,  2.58, 59.28,  133.99, 5000.00,    0.02,    1.68,    0.00, 0
29, 1439, 1, 29,  8.86,  2.56, 60.63,  134.12, 5000.00,    0.02,    1.65,    0.00, 0
29, 1440, 1, 29,  8.82,  2.54, 62.28,  134.36, 5000.00,    0.02,    1.67,    0.00, 0
29, 1441, 1, 29,  8.79,  2.52, 64.50,  134.42, 5000.00,    0.02,    1.67,    0.00, 0
29, 1442, 1, 29,  9.10,  2.72, 67.29,  133.20, 5000.00,    0.01,    1.62,    0.00, 0
29, 1443, 1, 29,  9.15,  2.73, 70.09,  133.03, 5000.00,    0.01,    1.61,    0.00, 0
29, 1444, 1, 29,  9.18,  2.74, 71.83,  132.90, 5000.00,    0.01,    1.59,    0.00, 0
29, 1445, 1, 29,  8.85,  2.62, 72.67,  133.53, 5000.00,    0.01,    1.48,    0.00, 0
29, 1446, 1, 29,  8.96,  2.70, 73.59,  133.59, 5000.00,    0.02,    1.72,    0.00, 0
29, 1447, 1, 29,  9.00,  2.72, 74.34,  133.47, 5000.00,    0.02,    1.73,    0.00, 0
29, 1448, 1, 29,  9.01,  2.72, 74.85,  133.40, 5000.00,    0.02,    1.72,    0.00, 0
29, 1449, 1, 29,  9.05,  2.73, 75.25,  133.29, 5000.00,    0.02,    1.73,    0.00, 0
29, 1450, 1, 29,  9.01,  2.71, 75.56,  133.37, 5000.00,    0.02,    1.71,    0.00, 0
29, 1451, 1, 29,  8.89,  2.66, 75.79,  133.63, 5000.00,    0.01,    1.68,    0.00, 0
29, 1452, 1, 29,  8.88,  2.66, 75.88,  133.59, 5000.00,    0.02,    1.66,    0.00, 0
29, 1453, 1, 29,  8.69,  2.82, 56.41,  133.94, 5000.00,    0.01,    1.63,    0.00, 0
29, 1454, 1, 29,  9.14,  2.92, 56.24,  132.65, 5000.00,    0.01,    1.56,    0.00, 0
29, 1455, 1, 29,  8.97,  2.89, 56.49,  133.10, 5000.00,    0.01,    1.58,    0.00, 0
29, 1456, 1, 29,  9.20,  2.80, 56.54,  132.61, 5000.00,    0.01,    1.56,    0.00, 0
29, 1457, 1, 29,  9.22,  2.78, 56.90,  132.57, 5000.00,    0.01,    1.56,    0.00, 0
29, 1458, 1, 29,  9.15,  2.73, 57.51,  132.93, 5000.00,    0.01,    1.55,    0.00, 0
29, 1459, 1, 29,  9.24,  2.74, 58.01,  132.72, 5000.00,    0.01,    1.56,    0.00, 0
29, 1460, 1, 29,  9.17,  2.73, 59.00,  132.95, 5000.00,    0.01,    1.57,    0.00, 0
29, 1461, 1, 29,  9.15,  2.72, 60.22,  133.04, 5000.00,    0.01,    1.57,    0.00, 0
29, 1462, 1, 29,  9.11,  2.70, 61.94,  133.20, 5000.00,    0.01,    1.58,    0.00, 0
29, 1463, 1, 29,  9.07,  2.69, 64.19,  133.33, 5000.00,    0.01,    1.59,    0.00, 0
29, 1464, 1, 29,  9.08,  2.81, 67.27,  133.13, 5000.00,    0.01,    1.61,    0.00, 0
29, 1465, 1, 29,  9.11,  2.82, 70.01,  133.01, 5000.00,    0.01,    1.60,    0.00, 0
29, 1466, 1, 29,  9.25,  2.86, 71.90,  132.59, 5000.00,    0.01,    1.60,    0.00, 0
29, 1467, 1, 29,  9.20,  2.83, 72.98,  132.67, 5000.00,    0.01,    1.59,    0.00, 0
29, 1468, 1, 29,  9.26,  2.86, 73.91,  132.47, 5000.00,    0.01,    1.58,    0.00, 0
29, 1469, 1, 29,  9.28,  2.86, 74.55,  132.40, 5000.00,    0.01,    1.58,    0.00, 0
29, 1470, 1, 29,  9.31,  2.87, 75.08,  132.29, 5000.00,    0.01,    1.58,    0.00, 0
29, 1471, 1, 29,  9.33,  2.87, 75.46,  132.23, 5000.00,    0.01,    1.58,    0.00, 0
29, 1472, 1, 29,  9.28,  2.85, 75.74,  132.35, 5000.00,    0.01,    1.57,    0.00, 0
29, 1473, 1, 29,  9.23,  2.84, 75.92,  132.44, 5000.00,    0.01,    1.57,    0.00, 0
29, 1474, 1, 29,  9.30,  2.87, 76.06,  132.17, 5000.00,    0.01,    1.58,    0.00, 0
29, 1475, 1, 29,  8.91,  3.03, 55.99,  133.32, 5000.00,    0.01,    1.59,    0.00, 0
29, 1476, 1, 29,  9.09,  3.07, 56.05,  132.85, 5000.00,    0.01,    1.57,    0.00, 0
29, 1477, 1, 29,  9.21,  3.09, 56.17,  132.55, 5000.00,    0.01,    1.55,    0.00, 0
29, 1478, 1, 29,  9.21,  2.93, 56.42,  132.68, 5000.00,    0.01,    1.54,    0.00, 0
29, 1479, 1, 29,  9.22,  2.91, 56.80,  132.69, 5000.00,    0.01,    1.55,    0.00, 0
29, 1480, 1, 29,  9.24,  2.90, 57.30,  132.67, 5000.00,    0.01,    1.55,    0.00, 0
29, 1481, 1, 29,  9.24,  2.89, 57.93,  132.77, 5000.00,    0.01,    1.54,    0.00, 0
29, 1482, 1, 29,  9.22,  2.90, 58.85,  132.84, 5000.00,    0.01,    1.56,    0.00, 0
29, 1483, 1, 29,  9.20,  2.90, 60.09,  132.89, 5000.00,    0.01,    1.56,    0.00, 0
29, 1484, 1, 29,  9.18,  2.88, 61.83,  133.00, 5000.00,    0.01,    1.57,    0.00, 0
29, 1485, 1, 29,  9.14,  2.87, 64.10,  133.08, 5000.00,    0.01,    1.58,    0.00, 0
29, 1486, 1, 29,  9.01,  2.96, 67.17,  133.19, 5000.00,    0.01,    1.60,    0.00, 0
29, 1487, 1, 29,  9.04,  2.96, 69.87,  133.07, 5000.00,    0.01,    1.60,    0.00, 0
29, 1488, 1, 29,  9.07,  2.97, 71.72,  132.92, 5000.00,    0.01,    1.59,    0.00, 0
29, 1489, 1, 29,  9.18,  2.98, 72.95,  132.60, 5000.00,    0.01,    1.58,    0.00, 0
29, 1490, 1, 29,  9.22,  3.00, 73.89,  132.44, 5000.00,    0.01,    1.58,    0.00, 0
29, 1491, 1, 29,  9.24,  3.00, 74.56,  132.36, 5000.00,    0.01,    1.58,    0.00, 0
29, 1492, 1, 29,  9.25,  3.00, 75.09,  132.30, 5000.00,    0.01,    1.58,    0.00, 0
29, 1493, 1, 29,  9.26,  3.00, 75.46,  132.27, 5000.00,    0.01,    1.58,    0.00, 0
29, 1494, 1, 29,  9.23,  2.99, 75.79,  132.29, 5000.00,    0.01,    1.57,    0.00, 0
29, 1495, 1, 29,  9.28,  3.02, 75.96,  132.09, 5000.00,    0.01,    1.57,    0.00, 0
29, 1496, 1, 29,  9.29,  3.03, 76.07,  131.97, 5000.00,    0.01,    1.58,    0.00, 0
29, 1497, 1, 29,  8.62,  3.13, 56.09,  133.84, 5000.00,    0.01,    1.61,    0.00, 0
29, 1498, 1, 29,  8.94,  3.26, 56.03,  132.94, 5000.00,    0.01,    1.62,    0.00, 0
29, 1499, 1, 29,  9.00,  3.27, 56.10,  132.67, 5000.00,    0.01,    1.56,    0.00, 0
29, 1500, 1, 29,  9.10,  3.16, 56.41,  132.53, 5000.00,    0.01,    1.56,    0.00, 0
29, 1501, 1, 29,  9.10,  3.13, 56.77,  132.60, 5000.00,    0.01,    1.56,    0.00, 0
29, 1502, 1, 29,  9.12,  3.12, 57.27,  132.60, 5000.00,    0.01,    1.56,    0.00, 0
29, 1503, 1, 29,  9.09,  3.11, 57.96,  132.68, 5000.00,    0.01,    1.56,    0.00, 0
29, 1504, 1, 29,  9.07,  3.11, 58.85,  132.75, 5000.00,    0.01,    1.57,    0.00, 0
29, 1505, 1, 29,  9.04,  3.11, 60.12,  132.84, 5000.00,    0.01,    1.57,    0.00, 0
29, 1506, 1, 29,  9.03,  3.09, 61.87,  132.93, 5000.00,    0.01,    1.58,    0.00, 0
29, 1507, 1, 29,  9.00,  3.10, 64.14,  132.99, 5000.00,    0.01,    1.59,    0.00, 0
29, 1508, 1, 29,  8.93,  3.19, 67.17,  133.00, 5000.00,    0.01,    1.59,    0.00, 0
29, 1509, 1, 29,  8.96,  3.20, 69.86,  132.90, 5000.00,    0.01,    1.59,    0.00, 0
29, 1510, 1, 29,  9.09,  3.22, 71.79,  132.56, 5000.00,    0.01,    1.59,    0.00, 0
29, 1511, 1, 29,  9.07,  3.21, 72.96,  132.53, 5000.00,    0.01,    1.58,    0.00, 0
29, 1512, 1, 29,  9.10,  3.23, 73.89,  132.42, 5000.00,    0.01,    1.58,    0.00, 0
29, 1513, 1, 29,  9.11,  3.23, 74.56,  132.37, 5000.00,    0.01,    1.58,    0.00, 0
29, 1514, 1, 29,  9.12,  3.23, 75.13,  132.29, 5000.00,    0.01,    1.57,    0.00, 0
29, 1515, 1, 29,  9.11,  3.24, 75.49,  132.27, 5000.00,    0.01,    1.57,    0.00, 0
29, 1516, 1, 29,  9.11,  3.25, 75.80,  132.21, 5000.00,    0.01,    1.57,    0.00, 0
29, 1517, 1, 29,  9.26,  3.31, 76.01,  131.72, 5000.00,    0.01,    1.57,    0.00, 0
29, 1518, 1, 29,  9.23,  3.32, 76.08,  131.78, 5000.00,    0.02,    1.59,    0.00, 0
29, 1519, 1, 29,  8.85,  3.63, 56.18,  132.70, 5000.00,    0.01,    1.48,    0.00, 0
29, 1520, 1, 29,  8.91,  3.67, 56.24,  132.47, 5000.00,    0.01,    1.45,    0.00, 0
29, 1521, 1, 29,  8.89,  3.66, 56.36,  132.52, 5000.00,    0.01,    1.45,    0.00, 0
29, 1522, 1, 29,  8.85,  3.54, 56.65,  132.72, 5000.00,    0.01,    1.46,    0.00, 0
29, 1523, 1, 29,  8.91,  3.54, 57.04,  132.59, 5000.00,    0.01,    1.45,    0.00, 0
29, 1524, 1, 29,  8.93,  3.52, 57.55,  132.61, 5000.00,    0.01,    1.56,    0.00, 0
29, 1525, 1, 29,  8.95,  3.53, 58.19,  132.57, 5000.00,    0.01,    1.56,    0.00, 0
29, 1526, 1, 29,  8.98,  3.55, 59.07,  132.52, 5000.00,    0.01,    1.56,    0.00, 0
29, 1527, 1, 29,  8.98,  3.56, 60.30,  132.52, 5000.00,    0.01,    1.57,    0.00, 0
29, 1528, 1, 29,  8.97,  3.54, 62.02,  132.58, 5000.00,    0.01,    1.57,    0.00, 0
29, 1529, 1, 29,  8.95,  3.55, 64.30,  132.61, 5000.00,    0.01,    1.58,    0.00, 0
29, 1530, 1, 29,  8.92,  3.64, 67.36,  132.54, 5000.00,    0.01,    1.59,    0.00, 0
29, 1531, 1, 29,  8.97,  3.66, 70.13,  132.39, 5000.00,    0.01,    1.59,    0.00, 0
29, 1532, 1, 29,  9.00,  3.67, 71.93,  132.28, 5000.00,    0.01,    1.58,    0.00, 0
29, 1533, 1, 29,  9.02,  3.67, 73.13,  132.18, 5000.00,    0.01,    1.58,    0.00, 0
29, 1534, 1, 29,  9.05,  3.70, 74.02,  132.06, 5000.00,    0.01,    1.57,    0.00, 0
29, 1535, 1, 29,  9.08,  3.71, 74.66,  131.95, 5000.00,    0.01,    1.46,    0.00, 0
29, 1536, 1, 29,  9.12,  3.73, 75.23,  131.76, 5000.00,    0.01,    1.45,    0.00, 0
29, 1537, 1, 29,  9.11,  3.74, 75.54,  131.74, 5000.00,    0.01,    1.45,    0.00, 0
29, 1538, 1, 29,  9.11,  3.75, 75.84,  131.68, 5000.00,    0.01,    1.44,    0.00, 0
29, 1539, 1, 29,  9.22,  3.79, 76.05,  131.25, 5000.00,    0.01,    1.42,    0.00, 0
29, 1540, 1, 29,  9.13,  3.77, 76.10,  131.51, 5000.00,    0.01,    1.45,    0.00, 0
29, 1541, 1, 29,  8.44,  4.34, 56.11,  132.81, 5000.00,    0.01,    1.46,    0.00, 0
29, 1542, 1, 29,  8.70,  4.41, 56.15,  132.20, 5000.00,    0.01,    1.45,    0.00, 0
29, 1543, 1, 29,  8.68,  4.41, 56.26,  132.27, 5000.00,    0.01,    1.45,    0.00, 0
29, 1544, 1, 29,  8.63,  4.32, 56.51,  132.45, 5000.00,    0.01,    1.46,    0.00, 0
29, 1545, 1, 29,  8.62,  4.31, 56.89,  132.44, 5000.00,    0.01,    1.45,    0.00, 0
29, 1546, 1, 29,  8.63,  4.31, 57.37,  132.44, 5000.00,    0.01,    1.46,    0.00, 0
29, 1547, 1, 29,  8.63,  4.31, 58.02,  132.38, 5000.00,    0.01,    1.46,    0.00, 0
29, 1548, 1, 29,  8.64,  4.34, 58.89,  132.34, 5000.00,    0.01,    1.46,    0.00, 0
29, 1549, 1, 29,  8.65,  4.35, 60.12,  132.31, 5000.00,    0.01,    1.46,    0.00, 0
29, 1550, 1, 29,  8.66,  4.33, 61.85,  132.32, 5000.00,    0.01,    1.46,    0.00, 0
29, 1551, 1, 29,  8.63,  4.36, 64.14,  132.35, 5000.00,    0.01,    1.47,    0.00, 0
29, 1552, 1, 29,  8.57,  4.43, 67.22,  132.32, 5000.00,    0.01,    1.48,    0.00, 0
29, 1553, 1, 29,  8.62,  4.46, 70.04,  132.18, 5000.00,    0.01,    1.48,    0.00, 0
29, 1554, 1, 29,  8.66,  4.47, 71.84,  132.06, 5000.00,    0.01,    1.47,    0.00, 0
29, 1555, 1, 29,  8.68,  4.48, 73.06,  131.95, 5000.00,    0.01,    1.47,    0.00, 0
29, 1556, 1, 29,  8.70,  4.51, 73.94,  131.81, 5000.00,    0.01,    1.46,    0.00, 0
29, 1557, 1, 29,  8.73,  4.53, 74.60,  131.70, 5000.00,    0.01,    1.46,    0.00, 0
29, 1558, 1, 29,  8.76,  4.56, 75.14,  131.54, 5000.00,    0.01,    1.45,    0.00, 0
29, 1559, 1, 29,  8.78,  4.58, 75.53,  131.42, 5000.00,    0.01,    1.45,    0.00, 0
29, 1560, 1, 29,  8.82,  4.60, 75.77,  131.28, 5000.00,    0.01,    1.45,    0.00, 0
29, 1561, 1, 29,  8.96,  4.70, 75.91,  131.23, 5000.00,    0.01,    1.41,    0.00, 0
29, 1562, 1, 29,  8.77,  4.59, 75.98,  131.34, 5000.00,    0.01,    1.45,    0.00, 0
29, 1563, 1, 29,  7.49,  5.72, 55.90,  132.83, 5000.00,    0.01,    1.49,    0.00, 0
29, 1564, 1, 29,  7.80,  5.75, 55.93,  132.20, 5000.00,    0.01,    1.46,    0.00, 0
29, 1565, 1, 29,  7.82,  5.77, 56.05,  132.13, 5000.00,    0.01,    1.46,    0.00, 0
29, 1566, 1, 29,  7.66,  5.76, 56.32,  132.42, 5000.00,    0.01,    1.47,    0.00, 0
29, 1567, 1, 29,  7.68,  5.77, 56.70,  132.35, 5000.00,    0.01,    1.47,    0.00, 0
29, 1568, 1, 29,  7.73,  5.77, 57.18,  132.27, 5000.00,    0.01,    1.47,    0.00, 0
29, 1569, 1, 29,  7.74,  5.77, 57.82,  132.21, 5000.00,    0.01,    1.47,    0.00, 0
29, 1570, 1, 29,  7.74,  5.81, 58.70,  132.17, 5000.00,    0.01,    1.47,    0.00, 0
29, 1571, 1, 29,  7.74,  5.82, 59.93,  132.13, 5000.00,    0.01,    1.47,    0.00, 0
29, 1572, 1, 29,  7.77,  5.81, 61.67,  132.11, 5000.00,    0.01,    1.47,    0.00, 0
29, 1573, 1, 29,  7.69,  5.85, 64.00,  132.14, 5000.00,    0.01,    1.48,    0.00, 0
29, 1574, 1, 29,  7.78,  6.01, 67.17,  132.14, 5000.00,    0.01,    1.46,    0.00, 0
29, 1575, 1, 29,  7.68,  5.95, 70.08,  131.94, 5000.00,    0.01,    1.49,    0.00, 0
29, 1576, 1, 29,  7.73,  5.97, 71.91,  131.79, 5000.00,    0.01,    1.48,    0.00, 0
29, 1577, 1, 29,  7.76,  6.00, 73.14,  131.63, 5000.00,    0.01,    1.48,    0.00, 0
29, 1578, 1, 29,  7.79,  6.05, 74.01,  131.48, 5000.00,    0.01,    1.47,    0.00, 0
29, 1579, 1, 29,  7.81,  6.09, 74.67,  131.32, 5000.00,    0.01,    1.47,    0.00, 0
29, 1580, 1, 29,  7.83,  6.12, 75.21,  131.19, 5000.00,    0.01,    1.46,    0.00, 0
29, 1581, 1, 29,  7.84,  6.15, 75.60,  131.10, 5000.00,    0.01,    1.45,    0.00, 0
29, 1582, 1, 29,  7.85,  6.18, 75.80,  130.99, 5000.00,    0.01,    1.46,    0.00, 0
29, 1583, 1, 29,  7.87,  6.20, 75.95,  130.88, 5000.00,    0.01,    1.45,    0.00, 0
29, 1584, 1, 29,  7.69,  6.15, 75.99,  131.34, 5000.00,    0.01,    1.49,    0.00, 0
29, 1585, 1, 29,  5.55,  7.73, 55.93,  132.57, 5000.00,    0.01,    1.48,    0.00, 0
29, 1586, 1, 29,  5.70,  7.74, 55.99,  132.30, 5000.00,    0.01,    1.49,    0.00, 0
29, 1587, 1, 29,  5.90,  7.59, 56.07,  132.25, 5000.00,    0.01,    1.50,    0.00, 0
29, 1588, 1, 29,  5.42,  7.86, 56.41,  132.48, 5000.00,    0.01,    1.48,    0.00, 0
29, 1589, 1, 29,  5.43,  7.90, 56.79,  132.39, 5000.00,    0.01,    1.49,    0.00, 0
29, 1590, 1, 29,  5.41,  7.89, 57.28,  132.35, 5000.00,    0.01,    1.49,    0.00, 0
29, 1591, 1, 29,  5.41,  7.92, 57.92,  132.30, 5000.00,    0.01,    1.48,    0.00, 0
29, 1592, 1, 29,  5.37,  7.96, 58.81,  132.27, 5000.00,    0.01,    1.48,    0.00, 0
29, 1593, 1, 29,  5.36,  7.98, 60.05,  132.25, 5000.00,    0.01,    1.48,    0.00, 0
29, 1594, 1, 29,  5.39,  7.94, 61.79,  132.24, 5000.00,    0.01,    1.49,    0.00, 0
29, 1595, 1, 29,  5.24,  8.00, 64.10,  132.26, 5000.00,    0.01,    1.49,    0.00, 0
29, 1596, 1, 29,  5.19,  8.03, 67.24,  132.28, 5000.00,    0.01,    1.49,    0.00, 0
29, 1597, 1, 29,  5.17,  8.11, 70.12,  132.06, 5000.00,    0.01,    1.49,    0.00, 0
29, 1598, 1, 29,  5.23,  8.16, 71.95,  131.85, 5000.00,    0.01,    1.48,    0.00, 0
29, 1599, 1, 29,  5.24,  8.19, 73.18,  131.65, 5000.00,    0.01,    1.48,    0.00, 0
29, 1600, 1, 29,  5.25,  8.26, 74.06,  131.47, 5000.00,    0.01,    1.47,    0.00, 0
29, 1601, 1, 29,  5.27,  8.31, 74.72,  131.29, 5000.00,    0.01,    1.47,    0.00, 0
29, 1602, 1, 29,  5.27,  8.36, 75.27,  131.13, 5000.00,    0.01,    1.46,    0.00, 0
29, 1603, 1, 29,  5.29,  8.39, 75.66,  131.02, 5000.00,    0.01,    1.46,    0.00, 0
29, 1604, 1, 29,  5.31,  8.41, 75.88,  130.92, 5000.00,    0.01,    1.46,    0.00, 0
29, 1605, 1, 29,  5.31,  8.42, 76.07,  130.83, 5000.00,    0.01,    1.44,    0.00, 0
29, 1606, 1, 29,  5.21,  8.36, 76.09,  131.20, 5000.00,    0.01,    1.47,    0.00, 0
29, 1607, 1, 29,  3.70,  8.65, 55.93,  132.64, 5000.00,    0.01,    1.49,    0.00, 0
29, 1608, 1, 29,  3.74,  8.75, 56.00,  132.30, 5000.00,    0.01,    1.49,    0.00, 0
29, 1609, 1, 29,  3.74,  8.77, 56.13,  132.25, 5000.00,    0.01,    1.48,    0.00, 0
29, 1610, 1, 29,  3.52,  8.86, 56.36,  132.25, 5000.00,    0.01,    1.49,    0.00, 0
29, 1611, 1, 29,  3.42,  8.81, 56.75,  132.47, 5000.00,    0.01,    1.49,    0.00, 0
29, 1612, 1, 29,  3.43,  8.88, 57.23,  132.34, 5000.00,    0.01,    1.48,    0.00, 0
29, 1613, 1, 29,  3.41,  8.91, 57.88,  132.30, 5000.00,    0.01,    1.48,    0.00, 0
29, 1614, 1, 29,  3.36,  8.97, 58.77,  132.24, 5000.00,    0.01,    1.48,    0.00, 0
29, 1615, 1, 29,  3.35,  9.04, 60.02,  132.20, 5000.00,    0.01,    1.47,    0.00, 0
29, 1616, 1, 29,  3.40,  9.09, 61.77,  132.18, 5000.00,    0.01,    1.46,    0.00, 0
29, 1617, 1, 29,  3.23,  9.16, 64.09,  132.21, 5000.00,    0.01,    1.46,    0.00, 0
29, 1618, 1, 29,  3.17,  9.17, 67.26,  132.23, 5000.00,    0.01,    1.46,    0.00, 0
29, 1619, 1, 29,  3.09,  9.28, 70.17,  131.98, 5000.00,    0.01,    1.45,    0.00, 0
29, 1620, 1, 29,  3.12,  9.34, 72.01,  131.75, 5000.00,    0.01,    1.45,    0.00, 0
29, 1621, 1, 29,  3.12,  9.42, 73.24,  131.54, 5000.00,    0.01,    1.44,    0.00, 0
29, 1622, 1, 29,  3.10,  9.47, 74.13,  131.34, 5000.00,    0.01,    1.43,    0.00, 0
29, 1623, 1, 29,  3.10,  9.52, 74.80,  131.17, 5000.00,    0.01,    1.42,    0.00, 0
29, 1624, 1, 29,  3.09,  9.56, 75.34,  131.03, 5000.00,    0.01,    1.41,    0.00, 0
29, 1625, 1, 29,  3.09,  9.58, 75.73,  130.94, 5000.00,    0.01,    1.40,    0.00, 0
29, 1626, 1, 29,  3.10,  9.60, 75.92,  130.87, 5000.00,    0.01,    1.42,    0.00, 0
29, 1627, 1, 29,  3.11,  9.63, 76.10,  130.72, 5000.00,    0.01,    1.40,    0.00, 0
29, 1628, 1, 29,  3.06,  9.51, 76.15,  131.16, 5000.00,    0.01,    1.43,    0.00, 0
29, 1629, 1, 29,  2.88,  8.57, 56.11,  133.38, 5000.00,    0.01,    1.84,    0.00, 0
29, 1630, 1, 29,  2.85,  8.68, 56.14,  132.94, 5000.00,    0.01,    1.79,    0.00, 0
29, 1631, 1, 29,  2.78,  8.90, 56.25,  132.38, 5000.00,    0.01,    1.58,    0.00, 0
29, 1632, 1, 29,  2.50,  9.00, 56.60,  132.35, 5000.00,    0.01,    1.52,    0.00, 0
29, 1633, 1, 29,  2.40,  8.95, 57.00,  132.57, 5000.00,    0.01,    1.51,    0.00, 0
29, 1634, 1, 29,  2.39,  9.00, 57.47,  132.46, 5000.00,    0.01,    1.50,    0.00, 0
29, 1635, 1, 29,  2.36,  9.00, 58.12,  132.49, 5000.00,    0.01,    1.50,    0.00, 0
29, 1636, 1, 29,  2.31,  9.06, 59.01,  132.46, 5000.00,    0.01,    1.50,    0.00, 0
29, 1637, 1, 29,  2.29,  9.10, 60.24,  132.34, 5000.00,    0.01,    1.51,    0.00, 0
29, 1638, 1, 29,  2.31,  9.21, 61.95,  132.20, 5000.00,    0.01,    1.49,    0.00, 0
29, 1639, 1, 29,  2.11,  9.28, 64.27,  132.16, 5000.00,    0.01,    1.50,    0.00, 0
29, 1640, 1, 29,  2.07,  9.39, 67.45,  132.24, 5000.00,    0.01,    1.48,    0.00, 0
29, 1641, 1, 29,  1.98,  9.60, 70.32,  131.98, 5000.00,    0.01,    1.45,    0.00, 0
29, 1642, 1, 29,  2.01,  9.69, 72.14,  131.73, 5000.00,    0.01,    1.45,    0.00, 0
29, 1643, 1, 29,  1.98,  9.74, 73.36,  131.53, 5000.00,    0.01,    1.44,    0.00, 0
29, 1644, 1, 29,  1.95,  9.82, 74.23,  131.34, 5000.00,    0.01,    1.43,    0.00, 0
29, 1645, 1, 29,  1.93,  9.86, 74.89,  131.14, 5000.00,    0.01,    1.44,    0.00, 0
29, 1646, 1, 29,  1.92,  9.93, 75.43,  130.95, 5000.00,    0.01,    1.43,    0.00, 0
29, 1647, 1, 29,  1.92,  9.96, 75.81,  130.83, 5000.00,    0.01,    1.43,    0.00, 0
29, 1648, 1, 29,  1.92,  9.96, 76.00,  130.78, 5000.00,    0.01,    1.43,    0.00, 0
29, 1649, 1, 29,  1.91, 10.05, 76.20,  130.51, 5000.00,    0.01,    1.41,    0.00, 0
29, 1650, 1, 29,  1.89,  9.81, 76.21,  131.19, 5000.00,    0.01,    1.44,    0.00, 0
29, 1651, 1, 29,  2.16,  9.00, 56.57,  132.47, 5000.00,    0.01,    1.52,    0.00, 0
29, 1652, 1, 29,  2.15,  8.93, 56.76,  132.62, 5000.00,    0.01,    1.49,    0.00, 0
29, 1653, 1, 29,  2.14,  8.97, 56.79,  132.58, 5000.00,    0.01,    1.53,    0.00, 0
29, 1654, 1, 29,  1.77,  9.09, 57.08,  132.52, 5000.00,    0.01,    1.53,    0.00, 0
29, 1655, 1, 29,  1.71,  9.15, 57.44,  132.41, 5000.00,    0.01,    1.52,    0.00, 0
29, 1656, 1, 29,  1.69,  9.18, 57.89,  132.34, 5000.00,    0.01,    1.51,    0.00, 0
29, 1657, 1, 29,  1.65,  9.17, 58.52,  132.40, 5000.00,    0.01,    1.51,    0.00, 0
29, 1658, 1, 29,  1.59,  9.19, 59.40,  132.42, 5000.00,    0.01,    1.50,    0.00, 0
29, 1659, 1, 29,  1.56,  9.19, 60.67,  132.49, 5000.00,    0.01,    1.50,    0.00, 0
29, 1660, 1, 29,  1.60,  9.23, 62.46,  132.44, 5000.00,    0.01,    1.50,    0.00, 0
29, 1661, 1, 29,  1.39,  9.32, 64.62,  132.44, 5000.00,    0.01,    1.49,    0.00, 0
29, 1662, 1, 29,  1.36,  9.42, 67.90,  132.43, 5000.00,    0.01,    1.48,    0.00, 0
29, 1663, 1, 29,  1.26,  9.56, 70.48,  132.24, 5000.00,    0.01,    1.47,    0.00, 0
29, 1664, 1, 29,  1.28,  9.67, 72.28,  132.00, 5000.00,    0.01,    1.46,    0.00, 0
29, 1665, 1, 29,  1.25,  9.74, 73.47,  131.85, 5000.00,    0.01,    1.45,    0.00, 0
29, 1666, 1, 29,  1.21,  9.79, 74.33,  131.73, 5000.00,    0.01,    1.44,    0.00, 0
29, 1667, 1, 29,  1.18,  9.82, 74.98,  131.59, 5000.00,    0.01,    1.44,    0.00, 0
29, 1668, 1, 29,  1.15,  9.86, 75.51,  131.48, 5000.00,    0.01,    1.43,    0.00, 0
29, 1669, 1, 29,  1.14,  9.87, 75.89,  131.43, 5000.00,    0.01,    1.42,    0.00, 0
29, 1670, 1, 29,  1.14,  9.92, 76.14,  131.22, 5000.00,    0.01,    1.41,    0.00, 0
29, 1671, 1, 29,  1.13,  9.95, 76.30,  131.07, 5000.00,    0.01,    1.40,    0.00, 0
29, 1672, 1, 29,  1.13,  9.81, 76.30,  131.56, 5000.00,    0.01,    1.44,    0.00, 0
29, 1673, 1, 29,  1.85,  8.78, 56.88,  133.24, 5000.00,    0.01,    1.48,    0.00, 0
29, 1674, 1, 29,  1.79,  8.85, 56.94,  133.02, 5000.00,    0.01,    1.47,    0.00, 0
29, 1675, 1, 29,  1.76,  8.97, 57.00,  132.74, 5000.00,    0.01,    1.50,    0.00, 0
29, 1676, 1, 29,  1.44,  9.03, 57.22,  132.80, 5000.00,    0.01,    1.51,    0.00, 0
29, 1677, 1, 29,  1.39,  9.49, 57.58,  132.55, 5000.00,    0.01,    1.46,    0.00, 0
29, 1678, 1, 29,  1.31,  9.16, 58.04,  132.53, 5000.00,    0.01,    1.53,    0.00, 0
29, 1679, 1, 29,  1.27,  9.21, 58.65,  132.45, 5000.00,    0.01,    1.52,    0.00, 0
29, 1680, 1, 29,  1.20,  9.19, 59.57,  132.64, 5000.00,    0.01,    1.52,    0.00, 0
29, 1681, 1, 29,  1.17,  9.19, 60.81,  132.72, 5000.00,    0.01,    1.51,    0.00, 0
29, 1682, 1, 29,  1.22,  9.28, 62.67,  132.58, 5000.00,    0.01,    1.53,    0.00, 0
29, 1683, 1, 29,  1.00,  9.27, 64.71,  132.83, 5000.00,    0.01,    1.51,    0.00, 0
29, 1684, 1, 29,  0.97,  9.33, 67.89,  132.86, 5000.00,    0.01,    1.49,    0.00, 0
29, 1685, 1, 29,  0.86,  9.47, 70.50,  132.70, 5000.00,    0.01,    1.51,    0.00, 0
29, 1686, 1, 29,  0.90,  9.49, 72.19,  132.64, 5000.00,    0.01,    1.47,    0.00, 0
29, 1687, 1, 29,  0.85,  9.68, 73.49,  132.21, 5000.00,    0.01,    1.46,    0.00, 0
29, 1688, 1, 29,  0.80,  9.76, 74.33,  132.06, 5000.00,    0.01,    1.45,    0.00, 0
29, 1689, 1, 29,  0.78,  9.83, 74.97,  131.96, 5000.00,    0.01,    1.45,    0.00, 0
29, 1690, 1, 29,  0.74,  9.85, 75.50,  131.83, 5000.00,    0.01,    1.44,    0.00, 0
29, 1691, 1, 29,  0.73,  9.89, 75.88,  131.68, 5000.00,    0.01,    1.44,    0.00, 0
29, 1692, 1, 29,  0.72,  9.92, 76.15,  131.57, 5000.00,    0.01,    1.43,    0.00, 0
29, 1693, 1, 29,  0.71,  9.91, 76.31,  131.59, 5000.00,    0.01,    1.46,    0.00, 0
29, 1694, 1, 29,  0.70,  9.90, 76.42,  131.59, 5000.00,    0.01,    1.47,    0.00, 0
29, 1695, 1, 29,  1.69,  8.98, 57.05,  132.77, 5000.00,    0.01,    1.49,    0.00, 0
29, 1696, 1, 29,  1.64,  9.04, 57.10,  132.61, 5000.00,    0.01,    1.51,    0.00, 0
29, 1697, 1, 29,  1.59,  9.11, 57.18,  132.45, 5000.00,    0.01,    1.53,    0.00, 0
29, 1698, 1, 29,  1.25,  9.13, 57.45,  132.62, 5000.00,    0.01,    1.54,    0.00, 0
29, 1699, 1, 29,  1.21,  9.00, 58.01,  133.24, 5000.00,    0.01,    1.65,    0.00, 0
29, 1700, 1, 29,  1.18,  9.01, 58.46,  133.30, 5000.00,    0.01,    1.69,    0.00, 0
29, 1701, 1, 29,  1.10,  8.82, 59.26,  133.53, 5000.00,    0.01,    1.39,    0.00, 0
29, 1702, 1, 29,  1.03,  8.78, 59.92,  133.57, 5000.00,    0.01,    1.28,    0.00, 0
29, 1703, 1, 29,  1.02,  8.98, 61.51,  133.55, 5000.00,    0.01,    1.49,    0.00, 0
29, 1704, 1, 29,  1.07,  9.23, 62.81,  132.80, 5000.00,    0.01,    1.52,    0.00, 0
29, 1705, 1, 29,  0.84,  9.07, 65.06,  133.75, 5000.00,    0.01,    1.62,    0.00, 0
29, 1706, 1, 29,  0.83,  9.14, 67.65,  133.65, 5000.00,    0.01,    1.64,    0.00, 0
29, 1707, 1, 29,  0.70,  9.21, 70.61,  133.75, 5000.00,    0.01,    1.59,    0.00, 0
29, 1708, 1, 29,  0.72,  9.54, 72.45,  132.68, 5000.00,    0.01,    1.52,    0.00, 0
29, 1709, 1, 29,  0.69,  9.34, 73.35,  133.27, 5000.00,    0.01,    1.53,    0.00, 0
29, 1710, 1, 29,  0.66,  9.45, 74.42,  133.14, 5000.00,    0.01,    1.57,    0.00, 0
29, 1711, 1, 29,  0.63,  9.50, 75.07,  133.01, 5000.00,    0.01,    1.56,    0.00, 0
29, 1712, 1, 29,  0.59,  9.57, 75.60,  132.86, 5000.00,    0.01,    1.58,    0.00, 0
29, 1713, 1, 29,  0.58,  9.54, 75.90,  132.86, 5000.00,    0.01,    1.55,    0.00, 0
29, 1714, 1, 29,  0.57,  9.61, 76.24,  132.63, 5000.00,    0.01,    1.56,    0.00, 0
29, 1715, 1, 29,  0.57,  9.72, 76.47,  132.27, 5000.00,    0.02,    1.56,    0.00, 0
29, 1716, 1, 29,  0.56,  9.72, 76.56,  132.26, 5000.00,    0.02,    1.55,    0.00, 0
29, 1717, 1, 29,  9.74,  3.17, 56.21,  133.17, 5000.00,    0.01,    1.51,    0.00, 0
29, 1718, 1, 29,  9.77,  3.19, 56.31,  133.07, 5000.00,    0.01,    1.50,    0.00, 0
29, 1719, 1, 29,  9.86,  3.19, 56.48,  132.88, 5000.00,    0.01,    1.48,    0.00, 0
29, 1720, 1, 29,  9.75,  2.97, 56.73,  133.44, 5000.00,    0.01,    1.49,    0.00, 0
29, 1721, 1, 29,  9.79,  2.96, 57.17,  133.41, 5000.00,    0.01,    1.53,    0.00, 0
29, 1722, 1, 29,  9.79,  2.94, 57.66,  133.44, 5000.00,    0.01,    1.53,    0.00, 0
29, 1723, 1, 29,  9.82,  2.94, 58.29,  133.51, 5000.00,    0.02,    1.53,    0.00, 0
29, 1724, 1, 29,  9.80,  2.94, 59.21,  133.61, 5000.00,    0.02,    1.54,    0.00, 0
29, 1725, 1, 29,  9.77,  2.93, 60.52,  133.72, 5000.00,    0.02,    1.55,    0.00, 0
29, 1726, 1, 29,  9.76,  2.91, 62.22,  133.85, 5000.00,    0.02,    1.55,    0.00, 0
29, 1727, 1, 29,  9.71,  2.89, 64.41,  133.95, 5000.00,    0.02,    1.57,    0.00, 0
29, 1728, 1, 29,  9.79,  3.04, 66.93,  133.51, 5000.00,    0.02,    1.53,    0.00, 0
29, 1729, 1, 29,  9.60,  2.96, 69.75,  133.86, 5000.00,    0.02,    1.42,    0.00, 0
29, 1730, 1, 29,  9.74,  3.03, 71.57,  133.64, 5000.00,    0.02,    1.57,    0.00, 0
29, 1731, 1, 29,  9.77,  3.04, 72.81,  133.55, 5000.00,    0.02,    1.58,    0.00, 0
29, 1732, 1, 29,  9.79,  3.05, 73.60,  133.41, 5000.00,    0.02,    1.56,    0.00, 0
29, 1733, 1, 29,  9.82,  3.06, 74.33,  133.33, 5000.00,    0.02,    1.58,    0.00, 0
29, 1734, 1, 29,  9.83,  3.06, 74.84,  133.27, 5000.00,    0.02,    1.56,    0.00, 0
29, 1735, 1, 29,  9.86,  3.07, 75.25,  133.17, 5000.00,    0.02,    1.57,    0.00, 0
29, 1736, 1, 29,  9.82,  3.05, 75.56,  133.26, 5000.00,    0.01,    1.56,    0.00, 0
29, 1737, 1, 29,  9.73,  3.01, 75.79,  133.45, 5000.00,    0.01,    1.54,    0.00, 0
29, 1738, 1, 29,  9.72,  3.00, 75.89,  133.43, 5000.00,    0.01,    1.52,    0.00, 0
29, 1739, 1, 29,  9.83,  3.28, 56.16,  132.84, 5000.00,    0.01,    1.48,    0.00, 0
29, 1740, 1, 29,  9.94,  3.32, 56.23,  132.57, 5000.00,    0.01,    1.46,    0.00, 0
29, 1741, 1, 29,  9.81,  3.29, 56.45,  132.89, 5000.00,    0.01,    1.48,    0.00, 0
29, 1742, 1, 29, 10.00,  3.18, 56.59,  132.59, 5000.00,    0.01,    1.46,    0.00, 0
29, 1743, 1, 29, 10.05,  3.15, 56.90,  132.49, 5000.00,    0.01,    1.45,    0.00, 0
29, 1744, 1, 29, 10.05,  3.12, 57.42,  132.64, 5000.00,    0.01,    1.46,    0.00, 0
29, 1745, 1, 29, 10.03,  3.10, 58.11,  132.75, 5000.00,    0.01,    1.47,    0.00, 0
29, 1746, 1, 29, 10.01,  3.10, 59.01,  132.85, 5000.00,    0.01,    1.47,    0.00, 0
29, 1747, 1, 29,  9.98,  3.09, 60.24,  132.96, 5000.00,    0.01,    1.48,    0.00, 0
29, 1748, 1, 29,  9.95,  3.07, 61.95,  133.11, 5000.00,    0.01,    1.49,    0.00, 0
29, 1749, 1, 29,  9.92,  3.05, 64.20,  133.23, 5000.00,    0.02,    1.50,    0.00, 0
29, 1750, 1, 29,  9.89,  3.17, 67.20,  133.07, 5000.00,    0.01,    1.50,    0.00, 0
29, 1751, 1, 29,  9.93,  3.18, 69.98,  132.93, 5000.00,    0.01,    1.49,    0.00, 0
29, 1752, 1, 29, 10.00,  3.20, 71.83,  132.72, 5000.00,    0.01,    1.48,    0.00, 0
29, 1753, 1, 29, 10.04,  3.20, 73.03,  132.58, 5000.00,    0.01,    1.47,    0.00, 0
29, 1754, 1, 29, 10.09,  3.22, 73.91,  132.43, 5000.00,    0.01,    1.46,    0.00, 0
29, 1755, 1, 29, 10.12,  3.23, 74.56,  132.34, 5000.00,    0.01,    1.46,    0.00, 0
29, 1756, 1, 29, 10.14,  3.23, 75.08,  132.25, 5000.00,    0.01,    1.45,    0.00, 0
29, 1757, 1, 29, 10.17,  3.23, 75.45,  132.19, 5000.00,    0.01,    1.45,    0.00, 0
29, 1758, 1, 29, 10.11,  3.21, 75.73,  132.31, 5000.00,    0.01,    1.45,    0.00, 0
29, 1759, 1, 29, 10.03,  3.19, 75.91,  132.47, 5000.00,    0.01,    1.45,    0.00, 0
29, 1760, 1, 29, 10.12,  3.22, 76.07,  132.18, 5000.00,    0.01,    1.45,    0.00, 0
29, 1761, 1, 29,  9.79,  3.45, 55.98,  132.97, 5000.00,    0.01,    1.36,    0.00, 0
29, 1762, 1, 29,  9.94,  3.49, 56.04,  132.61, 5000.00,    0.01,    1.34,    0.00, 0
29, 1763, 1, 29, 10.01,  3.50, 56.17,  132.46, 5000.00,    0.01,    1.33,    0.00, 0
29, 1764, 1, 29,  9.93,  3.30, 56.52,  132.84, 5000.00,    0.01,    1.47,    0.00, 0
29, 1765, 1, 29, 10.03,  3.29, 56.80,  132.60, 5000.00,    0.01,    1.46,    0.00, 0
29, 1766, 1, 29, 10.02,  3.27, 57.33,  132.66, 5000.00,    0.01,    1.46,    0.00, 0
29, 1767, 1, 29, 10.03,  3.27, 58.01,  132.75, 5000.00,    0.01,    1.47,    0.00, 0
29, 1768, 1, 29, 10.05,  3.28, 58.87,  132.75, 5000.00,    0.01,    1.47,    0.00, 0
29, 1769, 1, 29, 10.04,  3.28, 60.09,  132.78, 5000.00,    0.01,    1.47,    0.00, 0
29, 1770, 1, 29, 10.02,  3.26, 61.83,  132.88, 5000.00,    0.01,    1.48,    0.00, 0
29, 1771, 1, 29,  9.98,  3.25, 64.11,  132.97, 5000.00,    0.01,    1.48,    0.00, 0
29, 1772, 1, 29,  9.89,  3.34, 67.15,  132.96, 5000.00,    0.01,    1.49,    0.00, 0
29, 1773, 1, 29,  9.92,  3.35, 69.90,  132.83, 5000.00,    0.01,    1.48,    0.00, 0
29, 1774, 1, 29,  9.99,  3.37, 71.80,  132.62, 5000.00,    0.01,    1.47,    0.00, 0
29, 1775, 1, 29, 10.04,  3.37, 73.02,  132.45, 5000.00,    0.01,    1.46,    0.00, 0
29, 1776, 1, 29, 10.07,  3.38, 73.90,  132.34, 5000.00,    0.01,    1.46,    0.00, 0
29, 1777, 1, 29, 10.10,  3.38, 74.56,  132.23, 5000.00,    0.01,    1.45,    0.00, 0
29, 1778, 1, 29, 10.11,  3.39, 75.10,  132.19, 5000.00,    0.01,    1.45,    0.00, 0
29, 1779, 1, 29, 10.12,  3.39, 75.47,  132.14, 5000.00,    0.01,    1.44,    0.00, 0
29, 1780, 1, 29, 10.08,  3.37, 75.78,  132.19, 5000.00,    0.01,    1.45,    0.00, 0
29, 1781, 1, 29, 10.12,  3.40, 75.96,  132.04, 5000.00,    0.01,    1.45,    0.00, 0
29, 1782, 1, 29, 10.16,  3.42, 76.08,  131.85, 5000.00,    0.01,    1.45,    0.00, 0
29, 1783, 1, 29,  9.78,  3.70, 56.05,  132.55, 5000.00,    0.01,    1.35,    0.00, 0
29, 1784, 1, 29,  9.82,  3.72, 56.17,  132.53, 5000.00,    0.01,    1.35,    0.00, 0
29, 1785, 1, 29,  9.80,  3.71, 56.28,  132.58, 5000.00,    0.01,    1.35,    0.00, 0
29, 1786, 1, 29,  9.93,  3.57, 56.52,  132.39, 5000.00,    0.01,    1.35,    0.00, 0
29, 1787, 1, 29,  9.92,  3.54, 56.98,  132.51, 5000.00,    0.01,    1.34,    0.00, 0
29, 1788, 1, 29,  9.90,  3.51, 57.49,  132.58, 5000.00,    0.01,    1.46,    0.00, 0
29, 1789, 1, 29,  9.90,  3.51, 58.12,  132.60, 5000.00,    0.01,    1.47,    0.00, 0
29, 1790, 1, 29,  9.88,  3.51, 59.02,  132.69, 5000.00,    0.01,    1.47,    0.00, 0
29, 1791, 1, 29,  9.85,  3.51, 60.28,  132.78, 5000.00,    0.01,    1.48,    0.00, 0
29, 1792, 1, 29,  9.84,  3.50, 62.01,  132.85, 5000.00,    0.01,    1.49,    0.00, 0
29, 1793, 1, 29,  9.82,  3.50, 64.26,  132.92, 5000.00,    0.01,    1.49,    0.00, 0
29, 1794, 1, 29,  9.76,  3.60, 67.23,  132.86, 5000.00,    0.01,    1.50,    0.00, 0
29, 1795, 1, 29,  9.80,  3.61, 69.94,  132.75, 5000.00,    0.01,    1.49,    0.00, 0
29, 1796, 1, 29,  9.85,  3.62, 71.80,  132.58, 5000.00,    0.01,    1.48,    0.00, 0
29, 1797, 1, 29,  9.89,  3.62, 73.02,  132.46, 5000.00,    0.01,    1.47,    0.00, 0
29, 1798, 1, 29,  9.91,  3.63, 73.90,  132.37, 5000.00,    0.01,    1.46,    0.00, 0
29, 1799, 1, 29,  9.93,  3.63, 74.57,  132.32, 5000.00,    0.01,    1.46,    0.00, 0
29, 1800, 1, 29,  9.93,  3.63, 75.13,  132.25, 5000.00,    0.01,    1.45,    0.00, 0
29, 1801, 1, 29,  9.93,  3.63, 75.49,  132.23, 5000.00,    0.01,    1.46,    0.00, 0
29, 1802, 1, 29,  9.93,  3.64, 75.81,  132.16, 5000.00,    0.01,    1.45,    0.00, 0
29, 1803, 1, 29, 10.09,  3.71, 76.03,  131.65, 5000.00,    0.01,    1.32,    0.00, 0
29, 1804, 1, 29, 10.04,  3.71, 76.09,  131.73, 5000.00,    0.02,    1.34,    0.00, 0
29, 1805, 1, 29,  9.61,  4.13, 56.20,  132.56, 5000.00,    0.01,    1.36,    0.00, 0
29, 1806, 1, 29,  9.67,  4.16, 56.27,  132.40, 5000.00,    0.01,    1.35,    0.00, 0
29, 1807, 1, 29,  9.65,  4.15, 56.39,  132.46, 5000.00,    0.01,    1.36,    0.00, 0
29, 1808, 1, 29,  9.63,  3.99, 56.69,  132.64, 5000.00,    0.01,    1.37,    0.00, 0
29, 1809, 1, 29,  9.70,  3.98, 57.06,  132.52, 5000.00,    0.01,    1.36,    0.00, 0
29, 1810, 1, 29,  9.70,  3.96, 57.56,  132.54, 5000.00,    0.01,    1.36,    0.00, 0
29, 1811, 1, 29,  9.74,  3.97, 58.21,  132.50, 5000.00,    0.01,    1.36,    0.00, 0
29, 1812, 1, 29,  9.77,  3.98, 59.08,  132.47, 5000.00,    0.01,    1.36,    0.00, 0
29, 1813, 1, 29,  9.76,  3.99, 60.29,  132.47, 5000.00,    0.01,    1.36,    0.00, 0
29, 1814, 1, 29,  9.76,  3.98, 62.00,  132.52, 5000.00,    0.01,    1.36,    0.00, 0
29, 1815, 1, 29,  9.74,  3.99, 64.25,  132.56, 5000.00,    0.01,    1.37,    0.00, 0
29, 1816, 1, 29,  9.68,  4.08, 67.25,  132.53, 5000.00,    0.01,    1.37,    0.00, 0
29, 1817, 1, 29,  9.72,  4.09, 69.92,  132.42, 5000.00,    0.01,    1.36,    0.00, 0
29, 1818, 1, 29,  9.78,  4.11, 71.76,  132.26, 5000.00,    0.01,    1.35,    0.00, 0
29, 1819, 1, 29,  9.82,  4.11, 72.97,  132.14, 5000.00,    0.01,    1.35,    0.00, 0
29, 1820, 1, 29,  9.85,  4.13, 73.84,  132.03, 5000.00,    0.01,    1.34,    0.00, 0
29, 1821, 1, 29,  9.88,  4.14, 74.52,  131.92, 5000.00,    0.01,    1.33,    0.00, 0
29, 1822, 1, 29,  9.91,  4.16, 75.03,  131.80, 5000.00,    0.01,    1.33,    0.00, 0
29, 1823, 1, 29,  9.93,  4.17, 75.42,  131.70, 5000.00,    0.01,    1.32,    0.00, 0
29, 1824, 1, 29, 10.02,  4.22, 75.71,  131.46, 5000.00,    0.01,    1.34,    0.00, 0
29, 1825, 1, 29,  9.97,  4.20, 75.82,  131.55, 5000.00,    0.01,    1.34,    0.00, 0
29, 1826, 1, 29, 10.04,  4.23, 75.97,  131.30, 5000.00,    0.01,    1.33,    0.00, 0
29, 1827, 1, 29,  9.21,  4.95, 56.11,  132.56, 5000.00,    0.01,    1.36,    0.00, 0
29, 1828, 1, 29,  9.39,  5.00, 56.18,  132.17, 5000.00,    0.01,    1.35,    0.00, 0
29, 1829, 1, 29,  9.36,  4.98, 56.29,  132.27, 5000.00,    0.01,    1.35,    0.00, 0
29, 1830, 1, 29,  9.37,  4.85, 56.55,  132.36, 5000.00,    0.01,    1.36,    0.00, 0
29, 1831, 1, 29,  9.37,  4.82, 56.93,  132.37, 5000.00,    0.01,    1.36,    0.00, 0
29, 1832, 1, 29,  9.37,  4.82, 57.42,  132.39, 5000.00,    0.01,    1.36,    0.00, 0
29, 1833, 1, 29,  9.36,  4.83, 58.06,  132.34, 5000.00,    0.01,    1.37,    0.00, 0
29, 1834, 1, 29,  9.39,  4.84, 58.94,  132.30, 5000.00,    0.01,    1.36,    0.00, 0
29, 1835, 1, 29,  9.39,  4.85, 60.17,  132.28, 5000.00,    0.01,    1.36,    0.00, 0
29, 1836, 1, 29,  9.40,  4.84, 61.90,  132.28, 5000.00,    0.01,    1.37,    0.00, 0
29, 1837, 1, 29,  9.37,  4.87, 64.18,  132.31, 5000.00,    0.01,    1.37,    0.00, 0
29, 1838, 1, 29,  9.29,  4.94, 67.23,  132.31, 5000.00,    0.01,    1.37,    0.00, 0
29, 1839, 1, 29,  9.34,  4.96, 70.01,  132.18, 5000.00,    0.01,    1.36,    0.00, 0
29, 1840, 1, 29,  9.39,  4.98, 71.83,  132.05, 5000.00,    0.01,    1.35,    0.00, 0
29, 1841, 1, 29,  9.42,  4.99, 73.04,  131.92, 5000.00,    0.01,    1.35,    0.00, 0
29, 1842, 1, 29,  9.45,  5.02, 73.93,  131.80, 5000.00,    0.01,    1.34,    0.00, 0
29, 1843, 1, 29,  9.49,  5.04, 74.59,  131.67, 5000.00,    0.01,    1.33,    0.00, 0
29, 1844, 1, 29,  9.52,  5.06, 75.14,  131.53, 5000.00,    0.01,    1.32,    0.00, 0
29, 1845, 1, 29,  9.54,  5.08, 75.54,  131.41, 5000.00,    0.01,    1.32,    0.00, 0
29, 1846, 1, 29,  9.60,  5.10, 75.78,  131.26, 5000.00,    0.01,    1.32,    0.00, 0
29, 1847, 1, 29,  9.70,  5.19, 75.91,  131.26, 5000.00,    0.01,    1.29,    0.00, 0
29, 1848, 1, 29,  9.46,  5.10, 75.96,  131.47, 5000.00,    0.01,    1.33,    0.00, 0
29, 1849, 1, 29,  8.24,  6.48, 55.93,  132.36, 5000.00,    0.01,    1.34,    0.00, 0
29, 1850, 1, 29,  8.37,  6.52, 56.00,  132.10, 5000.00,    0.01,    1.33,    0.00, 0
29, 1851, 1, 29,  8.36,  6.49, 56.11,  132.15, 5000.00,    0.01,    1.33,    0.00, 0
29, 1852, 1, 29,  8.29,  6.42, 56.40,  132.36, 5000.00,    0.01,    1.35,    0.00, 0
29, 1853, 1, 29,  8.34,  6.41, 56.78,  132.29, 5000.00,    0.01,    1.35,    0.00, 0
29, 1854, 1, 29,  8.38,  6.41, 57.26,  132.24, 5000.00,    0.01,    1.34,    0.00, 0
29, 1855, 1, 29,  8.36,  6.43, 57.89,  132.18, 5000.00,    0.01,    1.34,    0.00, 0
29, 1856, 1, 29,  8.39,  6.43, 58.78,  132.14, 5000.00,    0.01,    1.34,    0.00, 0
29, 1857, 1, 29,  8.40,  6.44, 60.01,  132.11, 5000.00,    0.01,    1.34,    0.00, 0
29, 1858, 1, 29,  8.41,  6.45, 61.75,  132.08, 5000.00,    0.01,    1.34,    0.00, 0
29, 1859, 1, 29,  8.32,  6.49, 64.07,  132.12, 5000.00,    0.01,    1.35,    0.00, 0
29, 1860, 1, 29,  8.41,  6.65, 67.20,  132.12, 5000.00,    0.01,    1.33,    0.00, 0
29, 1861, 1, 29,  8.31,  6.57, 70.08,  131.95, 5000.00,    0.01,    1.34,    0.00, 0
29, 1862, 1, 29,  8.36,  6.61, 71.91,  131.79, 5000.00,    0.01,    1.33,    0.00, 0
29, 1863, 1, 29,  8.40,  6.64, 73.14,  131.64, 5000.00,    0.01,    1.32,    0.00, 0
29, 1864, 1, 29,  8.43,  6.68, 74.01,  131.49, 5000.00,    0.01,    1.31,    0.00, 0
29, 1865, 1, 29,  8.45,  6.71, 74.67,  131.36, 5000.00,    0.01,    1.30,    0.00, 0
29, 1866, 1, 29,  8.47,  6.75, 75.21,  131.22, 5000.00,    0.01,    1.29,    0.00, 0
29, 1867, 1, 29,  8.48,  6.77, 75.60,  131.13, 5000.00,    0.01,    1.29,    0.00, 0
29, 1868, 1, 29,  8.48,  6.80, 75.80,  131.05, 5000.00,    0.01,    1.29,    0.00, 0
29, 1869, 1, 29,  8.50,  6.81, 75.95,  130.97, 5000.00,    0.01,    1.28,    0.00, 0
29, 1870, 1, 29,  8.34,  6.78, 76.00,  131.31, 5000.00,    0.01,    1.32,    0.00, 0
29, 1871, 1, 29,  5.66,  8.68, 55.94,  132.71, 5000.00,    0.01,    1.37,    0.00, 0
29, 1872, 1, 29,  5.89,  8.69, 55.95,  132.31, 5000.00,    0.01,    1.36,    0.00, 0
29, 1873, 1, 29,  5.93,  8.66, 56.09,  132.30, 5000.00,    0.01,    1.36,    0.00, 0
29, 1874, 1, 29,  5.84,  8.66, 56.37,  132.44, 5000.00,    0.01,    1.36,    0.00, 0
29, 1875, 1, 29,  6.13,  8.50, 56.72,  132.31, 5000.00,    0.01,    1.37,    0.00, 0
29, 1876, 1, 29,  5.89,  8.66, 57.25,  132.31, 5000.00,    0.01,    1.36,    0.00, 0
29, 1877, 1, 29,  5.82,  8.73, 57.90,  132.27, 5000.00,    0.01,    1.36,    0.00, 0
29, 1878, 1, 29,  5.85,  8.73, 58.79,  132.25, 5000.00,    0.01,    1.36,    0.00, 0
29, 1879, 1, 29,  5.85,  8.74, 60.04,  132.22, 5000.00,    0.01,    1.36,    0.00, 0
29, 1880, 1, 29,  5.84,  8.73, 61.79,  132.20, 5000.00,    0.01,    1.36,    0.00, 0
29, 1881, 1, 29,  5.69,  8.79, 64.10,  132.22, 5000.00,    0.01,    1.37,    0.00, 0
29, 1882, 1, 29,  5.66,  8.81, 67.22,  132.22, 5000.00,    0.01,    1.36,    0.00, 0
29, 1883, 1, 29,  5.64,  8.88, 70.08,  132.04, 5000.00,    0.01,    1.36,    0.00, 0
29, 1884, 1, 29,  5.66,  8.95, 71.92,  131.84, 5000.00,    0.01,    1.34,    0.00, 0
29, 1885, 1, 29,  5.67,  8.99, 73.15,  131.65, 5000.00,    0.01,    1.34,    0.00, 0
29, 1886, 1, 29,  5.69,  9.05, 74.04,  131.47, 5000.00,    0.01,    1.33,    0.00, 0
29, 1887, 1, 29,  5.71,  9.10, 74.71,  131.31, 5000.00,    0.01,    1.32,    0.00, 0
29, 1888, 1, 29,  5.72,  9.14, 75.26,  131.15, 5000.00,    0.01,    1.31,    0.00, 0
29, 1889, 1, 29,  6.04,  8.94, 75.68,  131.03, 5000.00,    0.01,    1.31,    0.00, 0
29, 1890, 1, 29,  6.08,  8.98, 75.89,  130.86, 5000.00,    0.01,    1.31,    0.00, 0
29, 1891, 1, 29,  6.07,  9.00, 76.06,  130.79, 5000.00,    0.01,    1.30,    0.00, 0
29, 1892, 1, 29,  5.78,  9.03, 76.09,  131.22, 5000.00,    0.01,    1.33,    0.00, 0
29, 1893, 1, 29,  3.75,  9.58, 56.04,  132.38, 5000.00,    0.01,    1.37,    0.00, 0
29, 1894, 1, 29,  3.72,  9.68, 56.15,  132.21, 5000.00,    0.01,    1.36,    0.00, 0
29, 1895, 1, 29,  3.78,  9.67, 56.28,  132.20, 5000.00,    0.01,    1.37,    0.00, 0
29, 1896, 1, 29,  3.72,  9.64, 56.50,  132.30, 5000.00,    0.01,    1.37,    0.00, 0
29, 1897, 1, 29,  3.75,  9.60, 56.92,  132.39, 5000.00,    0.01,    1.38,    0.00, 0
29, 1898, 1, 29,  3.75,  9.69, 57.38,  132.27, 5000.00,    0.01,    1.37,    0.00, 0
29, 1899, 1, 29,  3.65,  9.74, 58.03,  132.25, 5000.00,    0.01,    1.36,    0.00, 0
29, 1900, 1, 29,  3.68,  9.77, 58.93,  132.20, 5000.00,    0.01,    1.36,    0.00, 0
29, 1901, 1, 29,  3.67,  9.86, 60.17,  132.17, 5000.00,    0.01,    1.35,    0.00, 0
29, 1902, 1, 29,  3.67,  9.93, 61.91,  132.15, 5000.00,    0.01,    1.34,    0.00, 0
29, 1903, 1, 29,  3.50, 10.01, 64.21,  132.17, 5000.00,    0.01,    1.34,    0.00, 0
29, 1904, 1, 29,  3.47, 10.03, 67.53,  132.16, 5000.00,    0.01,    1.33,    0.00, 0
29, 1905, 1, 29,  3.39, 10.12, 70.21,  131.95, 5000.00,    0.01,    1.32,    0.00, 0
29, 1906, 1, 29,  3.36, 10.20, 72.04,  131.73, 5000.00,    0.01,    1.30,    0.00, 0
29, 1907, 1, 29,  3.36, 10.28, 73.26,  131.54, 5000.00,    0.01,    1.29,    0.00, 0
29, 1908, 1, 29,  3.34, 10.32, 74.14,  131.35, 5000.00,    0.01,    1.28,    0.00, 0
29, 1909, 1, 29,  3.33, 10.37, 74.79,  131.20, 5000.00,    0.01,    1.27,    0.00, 0
29, 1910, 1, 29,  3.32, 10.41, 75.34,  131.08, 5000.00,    0.01,    1.26,    0.00, 0
29, 1911, 1, 29,  3.33, 10.42, 75.72,  130.99, 5000.00,    0.01,    1.25,    0.00, 0
29, 1912, 1, 29,  3.34, 10.43, 75.93,  130.93, 5000.00,    0.01,    1.25,    0.00, 0
29, 1913, 1, 29,  3.35, 10.48, 76.11,  130.77, 5000.00,    0.01,    1.24,    0.00, 0
29, 1914, 1, 29,  3.32, 10.35, 76.15,  131.17, 5000.00,    0.01,    1.28,    0.00, 0
29, 1915, 1, 29,  2.71,  9.69, 56.39,  132.77, 5000.00,    0.01,    1.44,    0.00, 0
29, 1916, 1, 29,  2.63,  9.74, 56.44,  132.66, 5000.00,    0.01,    1.42,    0.00, 0
29, 1917, 1, 29,  2.64,  9.84, 56.53,  132.34, 5000.00,    0.01,    1.38,    0.00, 0
29, 1918, 1, 29,  2.56,  9.86, 56.83,  132.34, 5000.00,    0.01,    1.37,    0.00, 0
29, 1919, 1, 29,  2.60,  9.80, 57.18,  132.45, 5000.00,    0.01,    1.38,    0.00, 0
29, 1920, 1, 29,  2.58,  9.82, 57.65,  132.41, 5000.00,    0.01,    1.38,    0.00, 0
29, 1921, 1, 29,  2.46,  9.89, 58.30,  132.36, 5000.00,    0.01,    1.38,    0.00, 0
29, 1922, 1, 29,  2.51,  9.90, 59.20,  132.39, 5000.00,    0.01,    1.38,    0.00, 0
29, 1923, 1, 29,  2.50,  9.92, 60.45,  132.36, 5000.00,    0.01,    1.38,    0.00, 0
29, 1924, 1, 29,  2.47, 10.04, 62.10,  132.15, 5000.00,    0.01,    1.37,    0.00, 0
29, 1925, 1, 29,  2.27, 10.12, 64.42,  132.18, 5000.00,    0.01,    1.37,    0.00, 0
29, 1926, 1, 29,  2.26, 10.25, 67.54,  132.19, 5000.00,    0.01,    1.35,    0.00, 0
29, 1927, 1, 29,  2.19, 10.47, 70.36,  131.95, 5000.00,    0.01,    1.32,    0.00, 0
29, 1928, 1, 29,  2.14, 10.55, 72.17,  131.76, 5000.00,    0.01,    1.31,    0.00, 0
29, 1929, 1, 29,  2.11, 10.62, 73.38,  131.55, 5000.00,    0.01,    1.30,    0.00, 0
29, 1930, 1, 29,  2.09, 10.69, 74.25,  131.37, 5000.00,    0.01,    1.29,    0.00, 0
29, 1931, 1, 29,  2.07, 10.73, 74.91,  131.19, 5000.00,    0.01,    1.29,    0.00, 0
29, 1932, 1, 29,  2.06, 10.78, 75.44,  131.04, 5000.00,    0.01,    1.28,    0.00, 0
29, 1933, 1, 29,  2.06, 10.81, 75.82,  130.93, 5000.00,    0.01,    1.28,    0.00, 0
29, 1934, 1, 29,  2.07, 10.83, 75.99,  130.86, 5000.00,    0.01,    1.29,    0.00, 0
29, 1935, 1, 29,  2.06, 10.83, 76.17,  130.77, 5000.00,    0.01,    1.26,    0.00, 0
29, 1936, 1, 29,  2.05, 10.67, 76.21,  131.23, 5000.00,    0.01,    1.30,    0.00, 0
29, 1937, 1, 29,  1.84,  9.57, 57.04,  133.29, 5000.00,    0.01,    1.35,    0.00, 0
29, 1938, 1, 29,  1.82,  9.88, 56.99,  132.63, 5000.00,    0.01,    1.41,    0.00, 0
29, 1939, 1, 29,  1.91,  9.78, 57.13,  132.78, 5000.00,    0.01,    1.38,    0.00, 0
29, 1940, 1, 29,  1.81,  9.97, 57.30,  132.37, 5000.00,    0.01,    1.39,    0.00, 0
29, 1941, 1, 29,  1.84, 10.01, 57.66,  132.26, 5000.00,    0.01,    1.39,    0.00, 0
29, 1942, 1, 29,  1.82,  9.99, 58.11,  132.33, 5000.00,    0.01,    1.39,    0.00, 0
29, 1943, 1, 29,  1.69, 10.03, 58.74,  132.35, 5000.00,    0.01,    1.40,    0.00, 0
29, 1944, 1, 29,  1.73, 10.02, 59.61,  132.38, 5000.00,    0.01,    1.40,    0.00, 0
29, 1945, 1, 29,  1.72, 10.03, 60.85,  132.39, 5000.00,    0.01,    1.40,    0.00, 0
29, 1946, 1, 29,  1.69, 10.06, 62.66,  132.47, 5000.00,    0.01,    1.39,    0.00, 0
29, 1947, 1, 29,  1.48, 10.17, 64.75,  132.43, 5000.00,    0.01,    1.39,    0.00, 0
29, 1948, 1, 29,  1.49, 10.30, 67.97,  132.37, 5000.00,    0.01,    1.37,    0.00, 0
29, 1949, 1, 29,  1.40, 10.44, 70.52,  132.19, 5000.00,    0.01,    1.35,    0.00, 0
29, 1950, 1, 29,  1.34, 10.53, 72.29,  132.06, 5000.00,    0.01,    1.34,    0.00, 0
29, 1951, 1, 29,  1.32, 10.63, 73.48,  131.87, 5000.00,    0.01,    1.33,    0.00, 0
29, 1952, 1, 29,  1.28, 10.70, 74.33,  131.72, 5000.00,    0.01,    1.32,    0.00, 0
29, 1953, 1, 29,  1.26, 10.73, 74.98,  131.57, 5000.00,    0.01,    1.32,    0.00, 0
29, 1954, 1, 29,  1.23, 10.78, 75.50,  131.43, 5000.00,    0.01,    1.31,    0.00, 0
29, 1955, 1, 29,  1.23, 10.80, 75.89,  131.35, 5000.00,    0.01,    1.30,    0.00, 0
29, 1956, 1, 29,  1.23, 10.83, 76.13,  131.20, 5000.00,    0.01,    1.29,    0.00, 0
29, 1957, 1, 29,  1.22, 10.86, 76.29,  131.08, 5000.00,    0.01,    1.28,    0.00, 0
29, 1958, 1, 29,  1.22, 10.73, 76.30,  131.49, 5000.00,    0.01,    1.32,    0.00, 0
29, 1959, 1, 29,  1.45,  9.70, 57.44,  133.06, 5000.00,    0.01,    1.38,    0.00, 0
29, 1960, 1, 29,  1.41,  9.77, 57.53,  132.93, 5000.00,    0.01,    1.39,    0.00, 0
29, 1961, 1, 29,  1.51,  9.96, 57.52,  132.45, 5000.00,    0.01,    1.41,    0.00, 0
29, 1962, 1, 29,  1.39,  9.95, 57.86,  132.53, 5000.00,    0.01,    1.41,    0.00, 0
29, 1963, 1, 29,  1.49, 10.35, 58.13,  132.35, 5000.00,    0.01,    1.37,    0.00, 0
29, 1964, 1, 29,  1.42, 10.06, 58.58,  132.28, 5000.00,    0.01,    1.41,    0.00, 0
29, 1965, 1, 29,  1.27, 10.03, 59.25,  132.50, 5000.00,    0.01,    1.42,    0.00, 0
29, 1966, 1, 29,  1.32, 10.04, 60.13,  132.55, 5000.00,    0.01,    1.42,    0.00, 0
29, 1967, 1, 29,  1.31, 10.03, 61.48,  132.68, 5000.00,    0.01,    1.41,    0.00, 0
29, 1968, 1, 29,  1.27, 10.09, 63.06,  132.63, 5000.00,    0.01,    1.41,    0.00, 0
29, 1969, 1, 29,  1.04, 10.16, 65.36,  132.78, 5000.00,    0.01,    1.41,    0.00, 0
29, 1970, 1, 29,  1.06, 10.26, 68.26,  132.64, 5000.00,    0.01,    1.41,    0.00, 0
29, 1971, 1, 29,  0.97, 10.38, 70.66,  132.52, 5000.00,    0.01,    1.39,    0.00, 0
29, 1972, 1, 29,  0.91, 10.44, 72.39,  132.47, 5000.00,    0.01,    1.37,    0.00, 0
29, 1973, 1, 29,  0.88, 10.53, 73.56,  132.28, 5000.00,    0.01,    1.36,    0.00, 0
29, 1974, 1, 29,  0.84, 10.62, 74.38,  132.11, 5000.00,    0.01,    1.35,    0.00, 0
29, 1975, 1, 29,  0.82, 10.70, 75.00,  132.01, 5000.00,    0.01,    1.34,    0.00, 0
29, 1976, 1, 29,  0.79, 10.72, 75.52,  131.89, 5000.00,    0.01,    1.33,    0.00, 0
29, 1977, 1, 29,  0.78, 10.76, 75.89,  131.75, 5000.00,    0.01,    1.32,    0.00, 0
29, 1978, 1, 29,  0.78, 10.80, 76.16,  131.59, 5000.00,    0.01,    1.32,    0.00, 0
29, 1979, 1, 29,  0.77, 10.78, 76.31,  131.63, 5000.00,    0.01,    1.31,    0.00, 0
29, 1980, 1, 29,  0.76, 10.79, 76.42,  131.59, 5000.00,    0.01,    1.31,    0.00, 0
29, 1981, 1, 29,  1.34,  9.81, 57.62,  133.17, 5000.00,    0.01,    1.61,    0.00, 0
29, 1982, 1, 29,  1.27,  9.54, 57.84,  133.90, 5000.00,    0.02,    1.54,    0.00, 0
29, 1983, 1, 29,  1.33,  9.91, 57.67,  132.71, 5000.00,    0.01,    1.47,    0.00, 0
29, 1984, 1, 29,  1.25,  9.68, 58.19,  133.51, 5000.00,    0.01,    1.54,    0.00, 0
29, 1985, 1, 29,  1.27,  9.83, 58.32,  132.89, 5000.00,    0.01,    1.41,    0.00, 0
29, 1986, 1, 29,  1.25,  9.98, 58.72,  132.57, 5000.00,    0.01,    1.42,    0.00, 0
29, 1987, 1, 29,  1.06,  8.90, 59.90,  135.07, 5000.00,    0.03,    1.00,    0.00, 0
29, 1988, 1, 29,  1.14,  9.98, 60.23,  132.81, 5000.00,    0.01,    1.43,    0.00, 0
29, 1989, 1, 29,  1.13, 10.00, 61.57,  132.88, 5000.00,    0.01,    1.42,    0.00, 0
29, 1990, 1, 29,  1.08, 10.03, 63.62,  133.09, 5000.00,    0.01,    1.47,    0.00, 0
29, 1991, 1, 29,  0.88,  9.97, 65.22,  133.76, 5000.00,    0.02,    1.73,    0.00, 0
29, 1992, 1, 29,  0.88, 10.09, 68.15,  133.22, 5000.00,    0.01,    1.45,    0.00, 0
29, 1993, 1, 29,  0.80, 10.27, 70.69,  132.95, 5000.00,    0.01,    1.44,    0.00, 0
29, 1994, 1, 29,  0.79, 10.37, 72.52,  133.23, 5000.00,    0.01,    1.66,    0.00, 0
29, 1995, 1, 29,  0.74, 10.50, 73.80,  132.84, 5000.00,    0.01,    1.56,    0.00, 0
29, 1996, 1, 29,  0.70, 10.39, 74.45,  133.12, 5000.00,    0.01,    1.57,    0.00, 0
29, 1997, 1, 29,  0.67, 10.41, 75.07,  133.01, 5000.00,    0.01,    1.54,    0.00, 0
29, 1998, 1, 29,  0.64, 10.48, 75.61,  132.84, 5000.00,    0.01,    1.51,    0.00, 0
29, 1999, 1, 29,  0.63, 10.45, 75.89,  132.82, 5000.00,    0.01,    1.48,    0.00, 0
29, 2000, 1, 29,  0.62, 10.51, 76.23,  132.57, 5000.00,    0.02,    1.46,    0.00, 0
29, 2001, 1, 29,  0.61, 10.62, 76.47,  132.20, 5000.00,    0.02,    1.44,    0.00, 0
29, 2002, 1, 29,  0.61, 10.63, 76.56,  132.16, 5000.00,    0.02,    1.44,    0.00, 0
29, 2003, 1, 29, 10.40,  3.68, 56.09,  133.16, 5000.00,    0.01,    1.34,    0.00, 0
29, 2004, 1, 29, 10.49,  3.55, 56.19,  133.14, 5000.00,    0.01,    1.47,    0.00, 0
29, 2005, 1, 29, 10.56,  3.58, 56.32,  133.00, 5000.00,    0.01,    1.48,    0.00, 0
29, 2006, 1, 29, 10.53,  3.33, 56.71,  133.54, 5000.00,    0.02,    1.50,    0.00, 0
29, 2007, 1, 29, 10.64,  3.36, 56.92,  133.20, 5000.00,    0.02,    1.52,    0.00, 0
29, 2008, 1, 29, 10.65,  3.34, 57.49,  133.22, 5000.00,    0.01,    1.51,    0.00, 0
29, 2009, 1, 29, 10.69,  3.33, 58.18,  133.25, 5000.00,    0.02,    1.51,    0.00, 0
29, 2010, 1, 29, 10.69,  3.34, 59.08,  133.32, 5000.00,    0.02,    1.51,    0.00, 0
29, 2011, 1, 29, 10.67,  3.33, 60.33,  133.41, 5000.00,    0.02,    1.52,    0.00, 0
29, 2012, 1, 29, 10.65,  3.30, 62.09,  133.53, 5000.00,    0.02,    1.52,    0.00, 0
29, 2013, 1, 29, 10.79,  3.49, 64.17,  132.97, 5000.00,    0.01,    1.48,    0.00, 0
29, 2014, 1, 29, 10.66,  3.43, 67.00,  133.28, 5000.00,    0.02,    1.49,    0.00, 0
29, 2015, 1, 29, 10.61,  3.42, 69.80,  133.40, 5000.00,    0.02,    1.51,    0.00, 0
29, 2016, 1, 29, 10.64,  3.43, 71.60,  133.28, 5000.00,    0.02,    1.50,    0.00, 0
29, 2017, 1, 29, 10.66,  3.43, 72.84,  133.21, 5000.00,    0.02,    1.49,    0.00, 0
29, 2018, 1, 29, 10.68,  3.45, 73.66,  133.09, 5000.00,    0.02,    1.48,    0.00, 0
29, 2019, 1, 29, 10.70,  3.45, 74.37,  133.03, 5000.00,    0.02,    1.47,    0.00, 0
29, 2020, 1, 29, 10.71,  3.45, 74.87,  132.96, 5000.00,    0.01,    1.46,    0.00, 0
29, 2021, 1, 29, 10.73,  3.46, 75.28,  132.89, 5000.00,    0.01,    1.46,    0.00, 0
29, 2022, 1, 29, 10.69,  3.43, 75.58,  132.95, 5000.00,    0.01,    1.45,    0.00, 0
29, 2023, 1, 29, 10.62,  3.40, 75.80,  133.09, 5000.00,    0.01,    1.45,    0.00, 0
29, 2024, 1, 29, 10.64,  3.41, 75.91,  133.03, 5000.00,    0.01,    1.44,    0.00, 0
29, 2025, 1, 29, 10.71,  3.86, 56.17,  132.46, 5000.00,    0.01,    1.31,    0.00, 0
29, 2026, 1, 29, 10.74,  3.72, 56.27,  132.49, 5000.00,    0.01,    1.31,    0.00, 0
29, 2027, 1, 29, 10.64,  3.71, 56.46,  132.71, 5000.00,    0.01,    1.33,    0.00, 0
29, 2028, 1, 29, 10.85,  3.58, 56.58,  132.41, 5000.00,    0.01,    1.43,    0.00, 0
29, 2029, 1, 29, 10.87,  3.54, 56.95,  132.43, 5000.00,    0.01,    1.43,    0.00, 0
29, 2030, 1, 29, 10.88,  3.51, 57.47,  132.56, 5000.00,    0.01,    1.44,    0.00, 0
29, 2031, 1, 29, 10.86,  3.49, 58.15,  132.67, 5000.00,    0.01,    1.45,    0.00, 0
29, 2032, 1, 29, 10.85,  3.49, 59.05,  132.75, 5000.00,    0.01,    1.46,    0.00, 0
29, 2033, 1, 29, 10.81,  3.49, 60.29,  132.86, 5000.00,    0.01,    1.46,    0.00, 0
29, 2034, 1, 29, 10.78,  3.46, 62.00,  133.02, 5000.00,    0.02,    1.48,    0.00, 0
29, 2035, 1, 29, 10.78,  3.62, 64.26,  132.91, 5000.00,    0.01,    1.47,    0.00, 0
29, 2036, 1, 29, 10.72,  3.57, 67.21,  132.95, 5000.00,    0.01,    1.46,    0.00, 0
29, 2037, 1, 29, 10.76,  3.58, 69.99,  132.83, 5000.00,    0.01,    1.45,    0.00, 0
29, 2038, 1, 29, 10.83,  3.60, 71.84,  132.65, 5000.00,    0.01,    1.43,    0.00, 0
29, 2039, 1, 29, 10.88,  3.60, 73.04,  132.50, 5000.00,    0.01,    1.42,    0.00, 0
29, 2040, 1, 29, 10.92,  3.62, 73.91,  132.36, 5000.00,    0.01,    1.41,    0.00, 0
29, 2041, 1, 29, 10.95,  3.62, 74.57,  132.26, 5000.00,    0.01,    1.40,    0.00, 0
29, 2042, 1, 29, 10.98,  3.63, 75.09,  132.19, 5000.00,    0.01,    1.40,    0.00, 0
29, 2043, 1, 29, 11.00,  3.63, 75.46,  132.13, 5000.00,    0.01,    1.39,    0.00, 0
29, 2044, 1, 29, 10.94,  3.61, 75.73,  132.25, 5000.00,    0.01,    1.40,    0.00, 0
29, 2045, 1, 29, 10.88,  3.59, 75.92,  132.37, 5000.00,    0.01,    1.41,    0.00, 0
29, 2046, 1, 29, 10.99,  3.63, 76.08,  132.07, 5000.00,    0.01,    1.41,    0.00, 0
29, 2047, 1, 29, 10.66,  4.03, 55.98,  132.58, 5000.00,    0.01,    1.32,    0.00, 0
29, 2048, 1, 29, 10.67,  3.89, 56.10,  132.66, 5000.00,    0.01,    1.32,    0.00, 0
29, 2049, 1, 29, 10.68,  3.89, 56.28,  132.65, 5000.00,    0.01,    1.33,    0.00, 0
29, 2050, 1, 29, 10.76,  3.71, 56.53,  132.67, 5000.00,    0.01,    1.33,    0.00, 0
29, 2051, 1, 29, 10.85,  3.70, 56.84,  132.49, 5000.00,    0.01,    1.43,    0.00, 0
29, 2052, 1, 29, 10.85,  3.68, 57.36,  132.56, 5000.00,    0.01,    1.44,    0.00, 0
29, 2053, 1, 29, 10.87,  3.68, 58.04,  132.63, 5000.00,    0.01,    1.45,    0.00, 0
29, 2054, 1, 29, 10.89,  3.69, 58.90,  132.62, 5000.00,    0.01,    1.44,    0.00, 0
29, 2055, 1, 29, 10.87,  3.69, 60.14,  132.68, 5000.00,    0.01,    1.45,    0.00, 0
29, 2056, 1, 29, 10.85,  3.66, 61.87,  132.78, 5000.00,    0.01,    1.46,    0.00, 0
29, 2057, 1, 29, 10.72,  3.80, 64.21,  132.92, 5000.00,    0.01,    1.47,    0.00, 0
29, 2058, 1, 29, 10.73,  3.76, 67.16,  132.83, 5000.00,    0.01,    1.46,    0.00, 0
29, 2059, 1, 29, 10.76,  3.77, 69.92,  132.70, 5000.00,    0.01,    1.44,    0.00, 0
29, 2060, 1, 29, 10.83,  3.78, 71.82,  132.50, 5000.00,    0.01,    1.43,    0.00, 0
29, 2061, 1, 29, 10.88,  3.78, 73.03,  132.34, 5000.00,    0.01,    1.41,    0.00, 0
29, 2062, 1, 29, 10.90,  3.80, 73.91,  132.25, 5000.00,    0.01,    1.40,    0.00, 0
29, 2063, 1, 29, 10.94,  3.80, 74.57,  132.13, 5000.00,    0.01,    1.40,    0.00, 0
29, 2064, 1, 29, 10.95,  3.80, 75.10,  132.10, 5000.00,    0.01,    1.39,    0.00, 0
29, 2065, 1, 29, 10.96,  3.80, 75.48,  132.07, 5000.00,    0.01,    1.28,    0.00, 0
29, 2066, 1, 29, 10.91,  3.78, 75.78,  132.13, 5000.00,    0.01,    1.28,    0.00, 0
29, 2067, 1, 29, 10.98,  3.82, 75.99,  131.88, 5000.00,    0.01,    1.27,    0.00, 0
29, 2068, 1, 29, 10.98,  3.83, 76.09,  131.82, 5000.00,    0.02,    1.28,    0.00, 0
29, 2069, 1, 29, 10.11,  4.13, 56.14,  133.46, 5000.00,    0.01,    1.34,    0.00, 0
29, 2070, 1, 29, 10.58,  4.15, 56.03,  132.53, 5000.00,    0.01,    1.33,    0.00, 0
29, 2071, 1, 29, 10.60,  4.15, 56.17,  132.48, 5000.00,    0.01,    1.33,    0.00, 0
29, 2072, 1, 29, 10.71,  4.00, 56.45,  132.35, 5000.00,    0.01,    1.31,    0.00, 0
29, 2073, 1, 29, 10.72,  3.96, 56.81,  132.43, 5000.00,    0.01,    1.32,    0.00, 0
29, 2074, 1, 29, 10.73,  3.95, 57.32,  132.46, 5000.00,    0.01,    1.32,    0.00, 0
29, 2075, 1, 29, 10.71,  3.94, 58.01,  132.54, 5000.00,    0.01,    1.33,    0.00, 0
29, 2076, 1, 29, 10.70,  3.94, 58.91,  132.60, 5000.00,    0.01,    1.34,    0.00, 0
29, 2077, 1, 29, 10.67,  3.94, 60.14,  132.66, 5000.00,    0.01,    1.46,    0.00, 0
29, 2078, 1, 29, 10.67,  3.93, 61.88,  132.73, 5000.00,    0.01,    1.46,    0.00, 0
29, 2079, 1, 29, 10.59,  4.07, 64.15,  132.80, 5000.00,    0.01,    1.47,    0.00, 0
29, 2080, 1, 29, 10.58,  4.04, 67.06,  132.75, 5000.00,    0.01,    1.46,    0.00, 0
29, 2081, 1, 29, 10.61,  4.04, 69.72,  132.66, 5000.00,    0.01,    1.45,    0.00, 0
29, 2082, 1, 29, 10.68,  4.06, 71.58,  132.49, 5000.00,    0.01,    1.32,    0.00, 0
29, 2083, 1, 29, 10.71,  4.05, 72.80,  132.39, 5000.00,    0.01,    1.31,    0.00, 0
29, 2084, 1, 29, 10.74,  4.07, 73.69,  132.28, 5000.00,    0.01,    1.30,    0.00, 0
29, 2085, 1, 29, 10.75,  4.06, 74.38,  132.23, 5000.00,    0.01,    1.30,    0.00, 0
29, 2086, 1, 29, 10.76,  4.06, 74.91,  132.17, 5000.00,    0.01,    1.29,    0.00, 0
29, 2087, 1, 29, 10.78,  4.07, 75.34,  132.11, 5000.00,    0.01,    1.29,    0.00, 0
29, 2088, 1, 29, 10.82,  4.08, 75.60,  132.01, 5000.00,    0.01,    1.29,    0.00, 0
29, 2089, 1, 29, 10.75,  4.06, 75.75,  132.10, 5000.00,    0.01,    1.28,    0.00, 0
29, 2090, 1, 29, 10.90,  4.12, 75.93,  131.73, 5000.00,    0.01,    1.28,    0.00, 0
29, 2091, 1, 29, 10.43,  4.75, 56.23,  132.29, 5000.00,    0.01,    1.31,    0.00, 0
29, 2092, 1, 29, 10.41,  4.63, 56.29,  132.40, 5000.00,    0.01,    1.33,    0.00, 0
29, 2093, 1, 29, 10.39,  4.62, 56.43,  132.43, 5000.00,    0.01,    1.33,    0.00, 0
29, 2094, 1, 29, 10.41,  4.46, 56.75,  132.56, 5000.00,    0.01,    1.34,    0.00, 0
29, 2095, 1, 29, 10.48,  4.44, 57.11,  132.45, 5000.00,    0.01,    1.33,    0.00, 0
29, 2096, 1, 29, 10.50,  4.42, 57.61,  132.46, 5000.00,    0.01,    1.34,    0.00, 0
29, 2097, 1, 29, 10.53,  4.44, 58.25,  132.43, 5000.00,    0.01,    1.33,    0.00, 0
29, 2098, 1, 29, 10.56,  4.44, 59.12,  132.40, 5000.00,    0.01,    1.33,    0.00, 0
29, 2099, 1, 29, 10.55,  4.45, 60.34,  132.42, 5000.00,    0.01,    1.33,    0.00, 0
29, 2100, 1, 29, 10.55,  4.44, 62.05,  132.46, 5000.00,    0.01,    1.33,    0.00, 0
29, 2101, 1, 29, 10.52,  4.58, 64.30,  132.42, 5000.00,    0.01,    1.33,    0.00, 0
29, 2102, 1, 29, 10.46,  4.55, 67.25,  132.46, 5000.00,    0.01,    1.33,    0.00, 0
29, 2103, 1, 29, 10.50,  4.56, 69.93,  132.36, 5000.00,    0.01,    1.32,    0.00, 0
29, 2104, 1, 29, 10.55,  4.58, 71.75,  132.23, 5000.00,    0.01,    1.30,    0.00, 0
29, 2105, 1, 29, 10.59,  4.58, 72.95,  132.12, 5000.00,    0.01,    1.29,    0.00, 0
29, 2106, 1, 29, 10.62,  4.59, 73.82,  132.03, 5000.00,    0.01,    1.29,    0.00, 0
29, 2107, 1, 29, 10.64,  4.60, 74.47,  131.94, 5000.00,    0.01,    1.28,    0.00, 0
29, 2108, 1, 29, 10.69,  4.62, 75.02,  131.81, 5000.00,    0.01,    1.27,    0.00, 0
29, 2109, 1, 29, 10.73,  4.64, 75.42,  131.67, 5000.00,    0.01,    1.27,    0.00, 0
29, 2110, 1, 29, 10.70,  4.64, 75.66,  131.69, 5000.00,    0.01,    1.28,    0.00, 0
29, 2111, 1, 29, 10.71,  4.66, 75.82,  131.63, 5000.00,    0.01,    1.28,    0.00, 0
29, 2112, 1, 29, 10.71,  4.66, 75.94,  131.57, 5000.00,    0.01,    1.27,    0.00, 0
29, 2113, 1, 29,  9.81,  5.64, 56.13,  132.53, 5000.00,    0.01,    1.34,    0.00, 0
29, 2114, 1, 29, 10.13,  5.54, 56.22,  132.13, 5000.00,    0.01,    1.30,    0.00, 0
29, 2115, 1, 29, 10.06,  5.52, 56.32,  132.26, 5000.00,    0.01,    1.31,    0.00, 0
29, 2116, 1, 29, 10.11,  5.39, 56.59,  132.31, 5000.00,    0.01,    1.32,    0.00, 0
29, 2117, 1, 29, 10.12,  5.36, 56.98,  132.31, 5000.00,    0.01,    1.32,    0.00, 0
29, 2118, 1, 29, 10.12,  5.35, 57.47,  132.32, 5000.00,    0.01,    1.32,    0.00, 0
29, 2119, 1, 29, 10.11,  5.36, 58.11,  132.28, 5000.00,    0.01,    1.32,    0.00, 0
29, 2120, 1, 29, 10.14,  5.37, 58.99,  132.24, 5000.00,    0.01,    1.32,    0.00, 0
29, 2121, 1, 29, 10.14,  5.37, 60.22,  132.24, 5000.00,    0.01,    1.32,    0.00, 0
29, 2122, 1, 29, 10.15,  5.37, 61.94,  132.24, 5000.00,    0.01,    1.32,    0.00, 0
29, 2123, 1, 29, 10.08,  5.50, 64.22,  132.24, 5000.00,    0.01,    1.32,    0.00, 0
29, 2124, 1, 29, 10.04,  5.48, 67.24,  132.25, 5000.00,    0.01,    1.32,    0.00, 0
29, 2125, 1, 29, 10.08,  5.50, 70.01,  132.13, 5000.00,    0.01,    1.30,    0.00, 0
29, 2126, 1, 29, 10.13,  5.52, 71.82,  132.01, 5000.00,    0.01,    1.29,    0.00, 0
29, 2127, 1, 29, 10.17,  5.52, 73.04,  131.89, 5000.00,    0.01,    1.27,    0.00, 0
29, 2128, 1, 29, 10.20,  5.55, 73.92,  131.77, 5000.00,    0.01,    1.27,    0.00, 0
29, 2129, 1, 29, 10.23,  5.57, 74.59,  131.65, 5000.00,    0.01,    1.26,    0.00, 0
29, 2130, 1, 29, 10.26,  5.59, 75.13,  131.52, 5000.00,    0.01,    1.25,    0.00, 0
29, 2131, 1, 29, 10.29,  5.61, 75.54,  131.41, 5000.00,    0.01,    1.24,    0.00, 0
29, 2132, 1, 29, 10.33,  5.62, 75.78,  131.29, 5000.00,    0.01,    1.24,    0.00, 0
29, 2133, 1, 29, 10.43,  5.71, 75.91,  131.28, 5000.00,    0.01,    1.23,    0.00, 0
29, 2134, 1, 29, 10.19,  5.63, 75.96,  131.46, 5000.00,    0.01,    1.26,    0.00, 0
29, 2135, 1, 29,  8.65,  7.29, 55.97,  132.44, 5000.00,    0.01,    1.31,    0.00, 0
29, 2136, 1, 29,  9.01,  7.16, 56.03,  132.06, 5000.00,    0.01,    1.26,    0.00, 0
29, 2137, 1, 29,  8.94,  7.16, 56.14,  132.18, 5000.00,    0.01,    1.28,    0.00, 0
29, 2138, 1, 29,  8.91,  7.08, 56.44,  132.32, 5000.00,    0.01,    1.30,    0.00, 0
29, 2139, 1, 29,  8.99,  7.06, 56.81,  132.23, 5000.00,    0.01,    1.29,    0.00, 0
29, 2140, 1, 29,  9.02,  7.05, 57.30,  132.20, 5000.00,    0.01,    1.29,    0.00, 0
29, 2141, 1, 29,  8.99,  7.08, 57.94,  132.15, 5000.00,    0.01,    1.28,    0.00, 0
29, 2142, 1, 29,  9.03,  7.08, 58.82,  132.11, 5000.00,    0.01,    1.28,    0.00, 0
29, 2143, 1, 29,  9.03,  7.09, 60.06,  132.09, 5000.00,    0.01,    1.28,    0.00, 0
29, 2144, 1, 29,  9.05,  7.10, 61.80,  132.07, 5000.00,    0.01,    1.27,    0.00, 0
29, 2145, 1, 29,  8.91,  7.21, 64.11,  132.08, 5000.00,    0.01,    1.28,    0.00, 0
29, 2146, 1, 29,  9.04,  7.31, 67.39,  132.07, 5000.00,    0.01,    1.27,    0.00, 0
29, 2147, 1, 29,  8.94,  7.22, 70.07,  131.93, 5000.00,    0.01,    1.26,    0.00, 0
29, 2148, 1, 29,  8.99,  7.27, 71.90,  131.77, 5000.00,    0.01,    1.24,    0.00, 0
29, 2149, 1, 29,  9.04,  7.29, 73.13,  131.63, 5000.00,    0.01,    1.23,    0.00, 0
29, 2150, 1, 29,  9.07,  7.33, 74.01,  131.49, 5000.00,    0.01,    1.21,    0.00, 0
29, 2151, 1, 29,  9.10,  7.36, 74.67,  131.36, 5000.00,    0.01,    1.21,    0.00, 0
29, 2152, 1, 29,  9.12,  7.40, 75.21,  131.22, 5000.00,    0.01,    1.20,    0.00, 0
29, 2153, 1, 29,  9.13,  7.42, 75.60,  131.14, 5000.00,    0.01,    1.19,    0.00, 0
29, 2154, 1, 29,  9.11,  7.44, 75.79,  131.10, 5000.00,    0.01,    1.20,    0.00, 0
29, 2155, 1, 29,  9.13,  7.47, 75.95,  130.99, 5000.00,    0.01,    1.19,    0.00, 0
29, 2156, 1, 29,  8.98,  7.44, 76.00,  131.29, 5000.00,    0.01,    1.22,    0.00, 0
29, 2157, 1, 29,  6.21,  9.46, 55.91,  132.50, 5000.00,    0.01,    1.31,    0.00, 0
29, 2158, 1, 29,  6.36,  9.46, 55.97,  132.28, 5000.00,    0.01,    1.31,    0.00, 0
29, 2159, 1, 29,  6.64,  9.30, 56.07,  132.14, 5000.00,    0.01,    1.31,    0.00, 0
29, 2160, 1, 29,  6.53,  9.30, 56.37,  132.32, 5000.00,    0.01,    1.32,    0.00, 0
29, 2161, 1, 29,  6.62,  9.28, 56.75,  132.23, 5000.00,    0.01,    1.31,    0.00, 0
29, 2162, 1, 29,  6.37,  9.43, 57.27,  132.26, 5000.00,    0.01,    1.31,    0.00, 0
29, 2163, 1, 29,  6.29,  9.52, 57.92,  132.21, 5000.00,    0.01,    1.30,    0.00, 0
29, 2164, 1, 29,  6.33,  9.51, 58.82,  132.20, 5000.00,    0.01,    1.30,    0.00, 0
29, 2165, 1, 29,  6.33,  9.52, 60.07,  132.17, 5000.00,    0.01,    1.30,    0.00, 0
29, 2166, 1, 29,  6.31,  9.52, 61.82,  132.15, 5000.00,    0.01,    1.30,    0.00, 0
29, 2167, 1, 29,  6.10,  9.62, 64.12,  132.16, 5000.00,    0.01,    1.30,    0.00, 0
29, 2168, 1, 29,  6.12,  9.61, 67.39,  132.16, 5000.00,    0.01,    1.30,    0.00, 0
29, 2169, 1, 29,  6.10,  9.67, 70.06,  132.00, 5000.00,    0.01,    1.28,    0.00, 0
29, 2170, 1, 29,  6.11,  9.76, 71.90,  131.82, 5000.00,    0.01,    1.27,    0.00, 0
29, 2171, 1, 29,  6.12,  9.78, 73.14,  131.64, 5000.00,    0.01,    1.25,    0.00, 0
29, 2172, 1, 29,  6.12,  9.85, 74.03,  131.47, 5000.00,    0.01,    1.24,    0.00, 0
29, 2173, 1, 29,  6.13,  9.90, 74.70,  131.32, 5000.00,    0.01,    1.23,    0.00, 0
29, 2174, 1, 29,  6.14,  9.95, 75.25,  131.17, 5000.00,    0.01,    1.22,    0.00, 0
29, 2175, 1, 29,  6.49,  9.72, 75.67,  131.06, 5000.00,    0.01,    1.23,    0.00, 0
29, 2176, 1, 29,  6.50,  9.76, 75.89,  130.93, 5000.00,    0.01,    1.22,    0.00, 0
29, 2177, 1, 29,  6.51,  9.78, 76.06,  130.84, 5000.00,    0.01,    1.21,    0.00, 0
29, 2178, 1, 29,  6.23,  9.85, 76.09,  131.15, 5000.00,    0.01,    1.24,    0.00, 0
29, 2179, 1, 29,  3.99, 10.24, 56.09,  132.76, 5000.00,    0.01,    1.36,    0.00, 0
29, 2180, 1, 29,  4.04, 10.48, 56.16,  132.21, 5000.00,    0.01,    1.31,    0.00, 0
29, 2181, 1, 29,  4.03, 10.51, 56.30,  132.17, 5000.00,    0.01,    1.30,    0.00, 0
29, 2182, 1, 29,  4.00, 10.42, 56.55,  132.36, 5000.00,    0.01,    1.32,    0.00, 0
29, 2183, 1, 29,  4.05, 10.42, 56.94,  132.34, 5000.00,    0.01,    1.32,    0.00, 0
29, 2184, 1, 29,  4.06, 10.49, 57.42,  132.27, 5000.00,    0.01,    1.32,    0.00, 0
29, 2185, 1, 29,  3.95, 10.55, 58.05,  132.24, 5000.00,    0.01,    1.31,    0.00, 0
29, 2186, 1, 29,  3.98, 10.58, 58.96,  132.20, 5000.00,    0.01,    1.30,    0.00, 0
29, 2187, 1, 29,  3.97, 10.68, 60.20,  132.14, 5000.00,    0.01,    1.30,    0.00, 0
29, 2188, 1, 29,  3.96, 10.78, 61.94,  132.11, 5000.00,    0.01,    1.29,    0.00, 0
29, 2189, 1, 29,  3.76, 10.88, 64.23,  132.14, 5000.00,    0.01,    1.28,    0.00, 0
29, 2190, 1, 29,  3.76, 10.88, 67.35,  132.13, 5000.00,    0.01,    1.28,    0.00, 0
29, 2191, 1, 29,  3.67, 10.98, 70.19,  131.92, 5000.00,    0.01,    1.25,    0.00, 0
29, 2192, 1, 29,  3.63, 11.06, 72.03,  131.71, 5000.00,    0.01,    1.23,    0.00, 0
29, 2193, 1, 29,  3.62, 11.15, 73.25,  131.52, 5000.00,    0.01,    1.21,    0.00, 0
29, 2194, 1, 29,  3.60, 11.19, 74.14,  131.34, 5000.00,    0.01,    1.20,    0.00, 0
29, 2195, 1, 29,  3.59, 11.25, 74.80,  131.19, 5000.00,    0.01,    1.19,    0.00, 0
29, 2196, 1, 29,  3.59, 11.31, 75.34,  131.04, 5000.00,    0.01,    1.18,    0.00, 0
29, 2197, 1, 29,  3.59, 11.34, 75.72,  130.94, 5000.00,    0.01,    1.18,    0.00, 0
29, 2198, 1, 29,  3.60, 11.33, 75.92,  130.92, 5000.00,    0.01,    1.18,    0.00, 0
29, 2199, 1, 29,  3.60, 11.36, 76.10,  130.80, 5000.00,    0.01,    1.17,    0.00, 0
29, 2200, 1, 29,  3.58, 11.22, 76.15,  131.14, 5000.00,    0.01,    1.19,    0.00, 0
29, 2201, 1, 29,  2.74, 10.61, 56.51,  132.44, 5000.00,    0.01,    1.31,    0.00, 0
29, 2202, 1, 29,  2.81, 10.64, 56.58,  132.31, 5000.00,    0.01,    1.31,    0.00, 0
29, 2203, 1, 29,  2.78, 10.72, 56.72,  132.15, 5000.00,    0.01,    1.29,    0.00, 0
29, 2204, 1, 29,  2.72, 10.62, 57.02,  132.43, 5000.00,    0.01,    1.31,    0.00, 0
29, 2205, 1, 29,  2.79, 10.63, 57.38,  132.39, 5000.00,    0.01,    1.31,    0.00, 0
29, 2206, 1, 29,  2.78, 10.65, 57.85,  132.35, 5000.00,    0.01,    1.32,    0.00, 0
29, 2207, 1, 29,  2.63, 10.74, 58.46,  132.25, 5000.00,    0.01,    1.31,    0.00, 0
29, 2208, 1, 29,  2.70, 10.74, 59.39,  132.35, 5000.00,    0.01,    1.31,    0.00, 0
29, 2209, 1, 29,  2.69, 10.76, 60.63,  132.33, 5000.00,    0.01,    1.31,    0.00, 0
29, 2210, 1, 29,  2.66, 10.87, 62.29,  132.18, 5000.00,    0.01,    1.30,    0.00, 0
29, 2211, 1, 29,  2.42, 10.98, 64.55,  132.18, 5000.00,    0.01,    1.30,    0.00, 0
29, 2212, 1, 29,  2.44, 11.14, 67.78,  132.12, 5000.00,    0.01,    1.29,    0.00, 0
29, 2213, 1, 29,  2.37, 11.34, 70.40,  131.93, 5000.00,    0.01,    1.26,    0.00, 0
29, 2214, 1, 29,  2.30, 11.43, 72.20,  131.74, 5000.00,    0.01,    1.25,    0.00, 0
29, 2215, 1, 29,  2.27, 11.49, 73.40,  131.57, 5000.00,    0.01,    1.23,    0.00, 0
29, 2216, 1, 29,  2.24, 11.56, 74.26,  131.42, 5000.00,    0.01,    1.22,    0.00, 0
29, 2217, 1, 29,  2.22, 11.59, 74.91,  131.27, 5000.00,    0.01,    1.22,    0.00, 0
29, 2218, 1, 29,  2.20, 11.62, 75.44,  131.17, 5000.00,    0.01,    1.21,    0.00, 0
29, 2219, 1, 29,  2.20, 11.64, 75.81,  131.10, 5000.00,    0.01,    1.20,    0.00, 0
29, 2220, 1, 29,  2.21, 11.68, 76.01,  130.96, 5000.00,    0.01,    1.20,    0.00, 0
29, 2221, 1, 29,  2.21, 11.70, 76.17,  130.85, 5000.00,    0.01,    1.19,    0.00, 0
29, 2222, 1, 29,  2.21, 11.54, 76.21,  131.28, 5000.00,    0.01,    1.24,    0.00, 0
29, 2223, 1, 29,  1.97, 10.60, 56.92,  132.79, 5000.00,    0.01,    1.36,    0.00, 0
29, 2224, 1, 29,  2.07, 10.66, 56.93,  132.55, 5000.00,    0.01,    1.34,    0.00, 0
29, 2225, 1, 29,  2.01, 10.71, 57.03,  132.47, 5000.00,    0.01,    1.35,    0.00, 0
29, 2226, 1, 29,  1.92, 10.76, 57.32,  132.42, 5000.00,    0.01,    1.34,    0.00, 0
29, 2227, 1, 29,  1.97, 10.79, 57.66,  132.31, 5000.00,    0.01,    1.34,    0.00, 0
29, 2228, 1, 29,  1.96, 10.78, 58.13,  132.37, 5000.00,    0.01,    1.34,    0.00, 0
29, 2229, 1, 29,  1.81, 10.87, 58.76,  132.27, 5000.00,    0.01,    1.33,    0.00, 0
29, 2230, 1, 29,  1.86, 10.85, 59.65,  132.34, 5000.00,    0.01,    1.33,    0.00, 0
29, 2231, 1, 29,  1.85, 10.87, 60.89,  132.37, 5000.00,    0.01,    1.33,    0.00, 0
29, 2232, 1, 29,  1.81, 10.92, 62.66,  132.38, 5000.00,    0.01,    1.33,    0.00, 0
29, 2233, 1, 29,  1.58, 11.04, 64.76,  132.37, 5000.00,    0.01,    1.33,    0.00, 0
29, 2234, 1, 29,  1.61, 11.16, 67.92,  132.35, 5000.00,    0.01,    1.32,    0.00, 0
29, 2235, 1, 29,  1.52, 11.31, 70.48,  132.20, 5000.00,    0.01,    1.30,    0.00, 0
29, 2236, 1, 29,  1.45, 11.43, 72.27,  132.04, 5000.00,    0.01,    1.29,    0.00, 0
29, 2237, 1, 29,  1.42, 11.54, 73.47,  131.84, 5000.00,    0.01,    1.27,    0.00, 0
29, 2238, 1, 29,  1.38, 11.63, 74.32,  131.68, 5000.00,    0.01,    1.26,    0.00, 0
29, 2239, 1, 29,  1.35, 11.67, 74.98,  131.50, 5000.00,    0.01,    1.26,    0.00, 0
29, 2240, 1, 29,  1.33, 11.75, 75.51,  131.32, 5000.00,    0.01,    1.26,    0.00, 0
29, 2241, 1, 29,  1.32, 11.78, 75.89,  131.20, 5000.00,    0.01,    1.25,    0.00, 0
29, 2242, 1, 29,  1.32, 11.79, 76.08,  131.15, 5000.00,    0.01,    1.25,    0.00, 0
29, 2243, 1, 29,  1.31, 11.80, 76.25,  131.06, 5000.00,    0.01,    1.23,    0.00, 0
29, 2244, 1, 29,  1.32, 11.67, 76.30,  131.39, 5000.00,    0.01,    1.27,    0.00, 0
29, 2245, 1, 29,  1.55, 10.57, 57.39,  132.89, 5000.00,    0.01,    1.35,    0.00, 0
29, 2246, 1, 29,  1.63, 10.72, 57.42,  132.52, 5000.00,    0.01,    1.34,    0.00, 0
29, 2247, 1, 29,  1.58, 10.77, 57.53,  132.41, 5000.00,    0.01,    1.34,    0.00, 0
29, 2248, 1, 29,  1.48, 10.79, 57.82,  132.45, 5000.00,    0.01,    1.35,    0.00, 0
29, 2249, 1, 29,  1.59, 11.11, 58.17,  132.41, 5000.00,    0.01,    1.33,    0.00, 0
29, 2250, 1, 29,  1.52, 10.83, 58.59,  132.35, 5000.00,    0.01,    1.35,    0.00, 0
29, 2251, 1, 29,  1.37, 10.89, 59.20,  132.34, 5000.00,    0.01,    1.35,    0.00, 0
29, 2252, 1, 29,  1.42, 10.88, 60.10,  132.47, 5000.00,    0.01,    1.35,    0.00, 0
29, 2253, 1, 29,  1.40, 10.87, 61.35,  132.58, 5000.00,    0.01,    1.35,    0.00, 0
29, 2254, 1, 29,  1.36, 10.95, 63.11,  132.57, 5000.00,    0.01,    1.35,    0.00, 0
29, 2255, 1, 29,  1.14, 11.07, 64.93,  132.53, 5000.00,    0.01,    1.35,    0.00, 0
29, 2256, 1, 29,  1.15, 11.11, 68.15,  132.64, 5000.00,    0.01,    1.35,    0.00, 0
29, 2257, 1, 29,  1.05, 11.25, 70.63,  132.52, 5000.00,    0.01,    1.34,    0.00, 0
29, 2258, 1, 29,  0.98, 11.35, 72.37,  132.39, 5000.00,    0.01,    1.33,    0.00, 0
29, 2259, 1, 29,  0.95, 11.43, 73.54,  132.24, 5000.00,    0.01,    1.32,    0.00, 0
29, 2260, 1, 29,  0.91, 11.53, 74.36,  132.07, 5000.00,    0.01,    1.30,    0.00, 0
29, 2261, 1, 29,  0.88, 11.60, 74.98,  131.99, 5000.00,    0.01,    1.30,    0.00, 0
29, 2262, 1, 29,  0.85, 11.62, 75.51,  131.87, 5000.00,    0.01,    1.28,    0.00, 0
29, 2263, 1, 29,  0.84, 11.66, 75.88,  131.75, 5000.00,    0.01,    1.27,    0.00, 0
29, 2264, 1, 29,  0.84, 11.68, 76.15,  131.67, 5000.00,    0.01,    1.27,    0.00, 0
29, 2265, 1, 29,  0.82, 11.70, 76.31,  131.59, 5000.00,    0.01,    1.27,    0.00, 0
29, 2266, 1, 29,  0.82, 11.71, 76.42,  131.56, 5000.00,    0.01,    1.27,    0.00, 0
29, 2267, 1, 29,  1.38, 10.46, 57.75,  133.50, 5000.00,    0.01,    1.48,    0.00, 0
29, 2268, 1, 29,  1.44, 10.73, 57.48,  132.54, 5000.00,    0.01,    1.35,    0.00, 0
29, 2269, 1, 29,  1.40, 10.77, 57.55,  132.44, 5000.00,    0.01,    1.34,    0.00, 0
29, 2270, 1, 29,  1.31, 10.65, 57.95,  132.85, 5000.00,    0.01,    1.40,    0.00, 0
29, 2271, 1, 29,  1.36, 10.78, 58.17,  132.51, 5000.00,    0.01,    1.36,    0.00, 0
29, 2272, 1, 29,  1.35, 10.67, 58.79,  132.83, 5000.00,    0.01,    1.38,    0.00, 0
29, 2273, 1, 29,  1.16, 10.70, 59.46,  133.04, 5000.00,    0.01,    1.39,    0.00, 0
29, 2274, 1, 29,  1.23, 10.91, 60.03,  132.49, 5000.00,    0.01,    1.36,    0.00, 0
29, 2275, 1, 29,  1.22, 10.79, 61.71,  132.96, 5000.00,    0.01,    1.38,    0.00, 0
29, 2276, 1, 29,  1.16, 10.88, 63.43,  132.93, 5000.00,    0.01,    1.38,    0.00, 0
29, 2277, 1, 29,  0.92, 10.85, 65.45,  133.31, 5000.00,    0.01,    1.39,    0.00, 0
29, 2278, 1, 29,  0.96, 11.01, 68.00,  132.97, 5000.00,    0.01,    1.38,    0.00, 0
29, 2279, 1, 29,  0.87, 11.07, 70.72,  133.14, 5000.00,    0.01,    1.39,    0.00, 0
29, 2280, 1, 29,  0.80, 11.13, 72.35,  133.08, 5000.00,    0.01,    1.38,    0.00, 0
29, 2281, 1, 29,  0.77, 11.19, 73.54,  132.99, 5000.00,    0.01,    1.38,    0.00, 0
29, 2282, 1, 29,  0.73, 11.27, 74.47,  132.91, 5000.00,    0.01,    1.37,    0.00, 0
29, 2283, 1, 29,  0.71, 11.25, 74.99,  132.93, 5000.00,    0.01,    1.39,    0.00, 0
29, 2284, 1, 29,  0.68, 11.32, 75.54,  132.78, 5000.00,    0.01,    1.38,    0.00, 0
29, 2285, 1, 29,  0.67, 11.33, 75.85,  132.73, 5000.00,    0.01,    1.37,    0.00, 0
29, 2286, 1, 29,  0.67, 11.38, 76.19,  132.54, 5000.00,    0.01,    1.37,    0.00, 0
29, 2287, 1, 29,  0.66, 11.47, 76.42,  132.29, 5000.00,    0.02,    1.37,    0.00, 0
29, 2288, 1, 29,  0.65, 11.54, 76.56,  132.09, 5000.00,    0.02,    1.36,    0.00, 0
29, 2289, 1, 29, 11.22,  4.10, 56.39,  133.03, 5000.00,    0.01,    1.41,    0.00, 0
29, 2290, 1, 29, 11.36,  4.14, 56.45,  132.76, 5000.00,    0.01,    1.37,    0.00, 0
29, 2291, 1, 29, 11.44,  4.16, 56.50,  132.62, 5000.00,    0.01,    1.36,    0.00, 0
29, 2292, 1, 29, 11.68,  4.01, 56.62,  132.37, 5000.00,    0.01,    1.45,    0.00, 0
29, 2293, 1, 29, 11.52,  3.76, 57.10,  132.92, 5000.00,    0.01,    1.53,    0.00, 0
29, 2294, 1, 29, 11.48,  3.72, 57.69,  133.08, 5000.00,    0.02,    1.54,    0.00, 0
29, 2295, 1, 29, 11.50,  3.72, 58.36,  133.20, 5000.00,    0.02,    1.57,    0.00, 0
29, 2296, 1, 29, 11.50,  3.72, 59.27,  133.27, 5000.00,    0.02,    1.58,    0.00, 0
29, 2297, 1, 29, 11.47,  3.71, 60.54,  133.35, 5000.00,    0.02,    1.57,    0.00, 0
29, 2298, 1, 29, 11.65,  3.90, 62.04,  132.85, 5000.00,    0.01,    1.52,    0.00, 0
29, 2299, 1, 29, 11.48,  3.84, 64.08,  133.18, 5000.00,    0.02,    1.55,    0.00, 0
29, 2300, 1, 29, 11.41,  3.82, 67.33,  133.38, 5000.00,    0.02,    1.58,    0.00, 0
29, 2301, 1, 29, 11.43,  3.81, 69.84,  133.32, 5000.00,    0.02,    1.56,    0.00, 0
29, 2302, 1, 29, 11.46,  3.83, 71.61,  133.22, 5000.00,    0.02,    1.55,    0.00, 0
29, 2303, 1, 29, 11.48,  3.82, 72.84,  133.13, 5000.00,    0.02,    1.54,    0.00, 0
29, 2304, 1, 29, 11.51,  3.84, 73.66,  133.02, 5000.00,    0.02,    1.53,    0.00, 0
29, 2305, 1, 29, 11.52,  3.84, 74.36,  132.96, 5000.00,    0.02,    1.52,    0.00, 0
29, 2306, 1, 29, 11.54,  3.84, 74.86,  132.89, 5000.00,    0.02,    1.51,    0.00, 0
29, 2307, 1, 29, 11.56,  3.85, 75.27,  132.82, 5000.00,    0.02,    1.51,    0.00, 0
29, 2308, 1, 29, 11.52,  3.83, 75.58,  132.88, 5000.00,    0.01,    1.51,    0.00, 0
29, 2309, 1, 29, 11.49,  3.81, 75.80,  132.93, 5000.00,    0.01,    1.51,    0.00, 0
29, 2310, 1, 29, 11.47,  3.80, 75.90,  132.93, 5000.00,    0.01,    1.49,    0.00, 0
29, 2311, 1, 29, 11.24,  4.23, 56.28,  132.88, 5000.00,    0.01,    1.41,    0.00, 0
29, 2312, 1, 29, 11.41,  4.27, 56.36,  132.57, 5000.00,    0.01,    1.36,    0.00, 0
29, 2313, 1, 29, 11.49,  4.29, 56.40,  132.42, 5000.00,    0.01,    1.35,    0.00, 0
29, 2314, 1, 29, 11.65,  4.11, 56.57,  132.32, 5000.00,    0.01,    1.34,    0.00, 0
29, 2315, 1, 29, 11.72,  3.96, 56.89,  132.29, 5000.00,    0.01,    1.46,    0.00, 0
29, 2316, 1, 29, 11.70,  3.90, 57.46,  132.50, 5000.00,    0.01,    1.48,    0.00, 0
29, 2317, 1, 29, 11.68,  3.88, 58.17,  132.63, 5000.00,    0.01,    1.49,    0.00, 0
29, 2318, 1, 29, 11.66,  3.88, 59.08,  132.71, 5000.00,    0.01,    1.50,    0.00, 0
29, 2319, 1, 29, 11.63,  3.87, 60.32,  132.82, 5000.00,    0.01,    1.51,    0.00, 0
29, 2320, 1, 29, 11.62,  4.03, 62.03,  132.76, 5000.00,    0.01,    1.51,    0.00, 0
29, 2321, 1, 29, 11.60,  4.01, 64.21,  132.84, 5000.00,    0.01,    1.51,    0.00, 0
29, 2322, 1, 29, 11.54,  3.97, 67.26,  132.89, 5000.00,    0.01,    1.51,    0.00, 0
29, 2323, 1, 29, 11.59,  3.98, 69.98,  132.77, 5000.00,    0.01,    1.49,    0.00, 0
29, 2324, 1, 29, 11.66,  4.00, 71.85,  132.58, 5000.00,    0.01,    1.47,    0.00, 0
29, 2325, 1, 29, 11.71,  4.01, 73.04,  132.42, 5000.00,    0.01,    1.45,    0.00, 0
29, 2326, 1, 29, 11.75,  4.02, 73.92,  132.31, 5000.00,    0.01,    1.44,    0.00, 0
29, 2327, 1, 29, 11.78,  4.03, 74.58,  132.22, 5000.00,    0.01,    1.43,    0.00, 0
29, 2328, 1, 29, 11.81,  4.03, 75.08,  132.15, 5000.00,    0.01,    1.42,    0.00, 0
29, 2329, 1, 29, 11.83,  4.03, 75.46,  132.09, 5000.00,    0.01,    1.42,    0.00, 0
29, 2330, 1, 29, 11.76,  4.00, 75.72,  132.22, 5000.00,    0.01,    1.31,    0.00, 0
29, 2331, 1, 29, 11.68,  3.98, 75.91,  132.35, 5000.00,    0.01,    1.32,    0.00, 0
29, 2332, 1, 29, 11.81,  4.03, 76.08,  132.04, 5000.00,    0.01,    1.31,    0.00, 0
29, 2333, 1, 29, 11.33,  4.45, 56.01,  132.72, 5000.00,    0.01,    1.39,    0.00, 0
29, 2334, 1, 29, 11.45,  4.47, 56.09,  132.50, 5000.00,    0.01,    1.36,    0.00, 0
29, 2335, 1, 29, 11.47,  4.48, 56.25,  132.46, 5000.00,    0.01,    1.36,    0.00, 0
29, 2336, 1, 29, 11.57,  4.28, 56.49,  132.46, 5000.00,    0.01,    1.36,    0.00, 0
29, 2337, 1, 29, 11.69,  4.12, 56.80,  132.38, 5000.00,    0.01,    1.35,    0.00, 0
29, 2338, 1, 29, 11.68,  4.09, 57.34,  132.44, 5000.00,    0.01,    1.36,    0.00, 0
29, 2339, 1, 29, 11.71,  4.10, 58.00,  132.51, 5000.00,    0.01,    1.37,    0.00, 0
29, 2340, 1, 29, 11.72,  4.10, 58.88,  132.53, 5000.00,    0.01,    1.37,    0.00, 0
29, 2341, 1, 29, 11.70,  4.10, 60.11,  132.60, 5000.00,    0.01,    1.38,    0.00, 0
29, 2342, 1, 29, 11.58,  4.23, 61.92,  132.75, 5000.00,    0.01,    1.40,    0.00, 0
29, 2343, 1, 29, 11.60,  4.21, 64.08,  132.71, 5000.00,    0.01,    1.39,    0.00, 0
29, 2344, 1, 29, 11.55,  4.18, 67.07,  132.74, 5000.00,    0.01,    1.38,    0.00, 0
29, 2345, 1, 29, 11.59,  4.18, 69.76,  132.62, 5000.00,    0.01,    1.36,    0.00, 0
29, 2346, 1, 29, 11.66,  4.20, 71.64,  132.44, 5000.00,    0.01,    1.34,    0.00, 0
29, 2347, 1, 29, 11.71,  4.20, 72.86,  132.29, 5000.00,    0.01,    1.32,    0.00, 0
29, 2348, 1, 29, 11.75,  4.22, 73.74,  132.17, 5000.00,    0.01,    1.31,    0.00, 0
29, 2349, 1, 29, 11.77,  4.22, 74.42,  132.10, 5000.00,    0.01,    1.30,    0.00, 0
29, 2350, 1, 29, 11.78,  4.22, 74.91,  132.05, 5000.00,    0.01,    1.30,    0.00, 0
29, 2351, 1, 29, 11.80,  4.22, 75.30,  131.99, 5000.00,    0.01,    1.29,    0.00, 0
29, 2352, 1, 29, 11.79,  4.21, 75.51,  132.01, 5000.00,    0.01,    1.29,    0.00, 0
29, 2353, 1, 29, 11.77,  4.20, 75.74,  132.05, 5000.00,    0.01,    1.30,    0.00, 0
29, 2354, 1, 29, 11.53,  4.13, 75.79,  132.45, 5000.00,    0.01,    1.30,    0.00, 0
29, 2355, 1, 29, 11.10,  4.64, 56.00,  132.71, 5000.00,    0.01,    1.38,    0.00, 0
29, 2356, 1, 29, 11.27,  4.73, 56.03,  132.53, 5000.00,    0.01,    1.37,    0.00, 0
29, 2357, 1, 29, 11.26,  4.74, 56.14,  132.52, 5000.00,    0.01,    1.38,    0.00, 0
29, 2358, 1, 29, 11.35,  4.53, 56.47,  132.47, 5000.00,    0.01,    1.36,    0.00, 0
29, 2359, 1, 29, 11.56,  4.41, 56.79,  132.31, 5000.00,    0.01,    1.35,    0.00, 0
29, 2360, 1, 29, 11.55,  4.38, 57.32,  132.38, 5000.00,    0.01,    1.36,    0.00, 0
29, 2361, 1, 29, 11.52,  4.37, 58.02,  132.47, 5000.00,    0.01,    1.37,    0.00, 0
29, 2362, 1, 29, 11.50,  4.37, 58.93,  132.54, 5000.00,    0.01,    1.38,    0.00, 0
29, 2363, 1, 29, 11.50,  4.38, 60.14,  132.57, 5000.00,    0.01,    1.38,    0.00, 0
29, 2364, 1, 29, 11.41,  4.51, 61.93,  132.67, 5000.00,    0.01,    1.40,    0.00, 0
29, 2365, 1, 29, 11.42,  4.51, 64.13,  132.66, 5000.00,    0.01,    1.39,    0.00, 0
29, 2366, 1, 29, 11.39,  4.48, 67.08,  132.68, 5000.00,    0.01,    1.38,    0.00, 0
29, 2367, 1, 29, 11.42,  4.48, 69.71,  132.58, 5000.00,    0.01,    1.37,    0.00, 0
29, 2368, 1, 29, 11.48,  4.50, 71.58,  132.44, 5000.00,    0.01,    1.35,    0.00, 0
29, 2369, 1, 29, 11.52,  4.49, 72.81,  132.31, 5000.00,    0.01,    1.33,    0.00, 0
29, 2370, 1, 29, 11.55,  4.50, 73.70,  132.22, 5000.00,    0.01,    1.32,    0.00, 0
29, 2371, 1, 29, 11.58,  4.50, 74.38,  132.15, 5000.00,    0.01,    1.31,    0.00, 0
29, 2372, 1, 29, 11.60,  4.51, 74.93,  132.08, 5000.00,    0.01,    1.31,    0.00, 0
29, 2373, 1, 29, 11.63,  4.51, 75.33,  132.00, 5000.00,    0.01,    1.30,    0.00, 0
29, 2374, 1, 29, 11.67,  4.53, 75.66,  131.92, 5000.00,    0.01,    1.31,    0.00, 0
29, 2375, 1, 29, 11.55,  4.51, 75.73,  132.12, 5000.00,    0.01,    1.32,    0.00, 0
29, 2376, 1, 29, 11.61,  4.55, 75.90,  131.92, 5000.00,    0.01,    1.31,    0.00, 0
29, 2377, 1, 29, 11.13,  5.24, 56.22,  132.32, 5000.00,    0.01,    1.35,    0.00, 0
29, 2378, 1, 29, 11.18,  5.24, 56.33,  132.24, 5000.00,    0.01,    1.34,    0.00, 0
29, 2379, 1, 29, 11.16,  5.24, 56.45,  132.27, 5000.00,    0.01,    1.34,    0.00, 0
29, 2380, 1, 29, 11.20,  5.06, 56.74,  132.37, 5000.00,    0.01,    1.36,    0.00, 0
29, 2381, 1, 29, 11.27,  4.91, 57.11,  132.37, 5000.00,    0.01,    1.37,    0.00, 0
29, 2382, 1, 29, 11.30,  4.89, 57.61,  132.36, 5000.00,    0.01,    1.36,    0.00, 0
29, 2383, 1, 29, 11.32,  4.90, 58.27,  132.35, 5000.00,    0.01,    1.36,    0.00, 0
29, 2384, 1, 29, 11.35,  4.91, 59.14,  132.34, 5000.00,    0.01,    1.35,    0.00, 0
29, 2385, 1, 29, 11.34,  4.91, 60.36,  132.37, 5000.00,    0.01,    1.36,    0.00, 0
29, 2386, 1, 29, 11.32,  5.04, 62.07,  132.33, 5000.00,    0.01,    1.36,    0.00, 0
29, 2387, 1, 29, 11.28,  5.06, 64.30,  132.40, 5000.00,    0.01,    1.36,    0.00, 0
29, 2388, 1, 29, 11.25,  5.03, 67.25,  132.40, 5000.00,    0.01,    1.35,    0.00, 0
29, 2389, 1, 29, 11.29,  5.04, 69.91,  132.30, 5000.00,    0.01,    1.34,    0.00, 0
29, 2390, 1, 29, 11.35,  5.05, 71.73,  132.17, 5000.00,    0.01,    1.32,    0.00, 0
29, 2391, 1, 29, 11.38,  5.05, 72.93,  132.08, 5000.00,    0.01,    1.30,    0.00, 0
29, 2392, 1, 29, 11.40,  5.06, 73.80,  132.00, 5000.00,    0.01,    1.30,    0.00, 0
29, 2393, 1, 29, 11.43,  5.07, 74.46,  131.91, 5000.00,    0.01,    1.29,    0.00, 0
29, 2394, 1, 29, 11.47,  5.09, 75.01,  131.79, 5000.00,    0.01,    1.28,    0.00, 0
29, 2395, 1, 29, 11.51,  5.10, 75.43,  131.67, 5000.00,    0.01,    1.27,    0.00, 0
29, 2396, 1, 29, 11.47,  5.10, 75.66,  131.71, 5000.00,    0.01,    1.28,    0.00, 0
29, 2397, 1, 29, 11.46,  5.11, 75.82,  131.69, 5000.00,    0.01,    1.27,    0.00, 0
29, 2398, 1, 29, 11.47,  5.12, 75.93,  131.60, 5000.00,    0.01,    1.27,    0.00, 0
29, 2399, 1, 29, 10.55,  6.18, 56.15,  132.49, 5000.00,    0.01,    1.37,    0.00, 0
29, 2400, 1, 29, 10.78,  6.18, 56.21,  132.11, 5000.00,    0.01,    1.32,    0.00, 0
29, 2401, 1, 29, 10.76,  6.18, 56.31,  132.15, 5000.00,    0.01,    1.32,    0.00, 0
29, 2402, 1, 29, 10.80,  6.04, 56.59,  132.22, 5000.00,    0.01,    1.34,    0.00, 0
29, 2403, 1, 29, 10.87,  5.90, 56.97,  132.24, 5000.00,    0.01,    1.34,    0.00, 0
29, 2404, 1, 29, 10.88,  5.89, 57.47,  132.25, 5000.00,    0.01,    1.35,    0.00, 0
29, 2405, 1, 29, 10.86,  5.90, 58.13,  132.22, 5000.00,    0.01,    1.34,    0.00, 0
29, 2406, 1, 29, 10.89,  5.90, 59.00,  132.19, 5000.00,    0.01,    1.34,    0.00, 0
29, 2407, 1, 29, 10.89,  5.91, 60.24,  132.19, 5000.00,    0.01,    1.34,    0.00, 0
29, 2408, 1, 29, 10.86,  6.01, 61.96,  132.16, 5000.00,    0.01,    1.33,    0.00, 0
29, 2409, 1, 29, 10.81,  6.06, 64.24,  132.20, 5000.00,    0.01,    1.33,    0.00, 0
29, 2410, 1, 29, 10.78,  6.02, 67.24,  132.20, 5000.00,    0.01,    1.32,    0.00, 0
29, 2411, 1, 29, 10.82,  6.04, 69.96,  132.10, 5000.00,    0.01,    1.30,    0.00, 0
29, 2412, 1, 29, 10.88,  6.06, 71.80,  131.97, 5000.00,    0.01,    1.28,    0.00, 0
29, 2413, 1, 29, 10.92,  6.06, 73.03,  131.86, 5000.00,    0.01,    1.27,    0.00, 0
29, 2414, 1, 29, 10.95,  6.09, 73.91,  131.74, 5000.00,    0.01,    1.26,    0.00, 0
29, 2415, 1, 29, 10.98,  6.10, 74.58,  131.63, 5000.00,    0.01,    1.25,    0.00, 0
29, 2416, 1, 29, 11.02,  6.13, 75.13,  131.50, 5000.00,    0.01,    1.24,    0.00, 0
29, 2417, 1, 29, 11.05,  6.14, 75.53,  131.39, 5000.00,    0.01,    1.23,    0.00, 0
29, 2418, 1, 29, 11.07,  6.16, 75.77,  131.31, 5000.00,    0.01,    1.23,    0.00, 0
29, 2419, 1, 29, 11.17,  6.25, 75.90,  131.30, 5000.00,    0.01,    1.23,    0.00, 0
29, 2420, 1, 29, 10.96,  6.17, 75.97,  131.41, 5000.00,    0.01,    1.25,    0.00, 0
29, 2421, 1, 29,  9.23,  7.98, 55.99,  132.43, 5000.00,    0.01,    1.34,    0.00, 0
29, 2422, 1, 29,  9.55,  7.89, 56.03,  132.07, 5000.00,    0.01,    1.29,    0.00, 0
29, 2423, 1, 29,  9.50,  7.90, 56.14,  132.14, 5000.00,    0.01,    1.30,    0.00, 0
29, 2424, 1, 29,  9.50,  7.83, 56.44,  132.23, 5000.00,    0.01,    1.32,    0.00, 0
29, 2425, 1, 29,  9.64,  7.72, 56.82,  132.16, 5000.00,    0.01,    1.30,    0.00, 0
29, 2426, 1, 29,  9.67,  7.71, 57.31,  132.14, 5000.00,    0.01,    1.30,    0.00, 0
29, 2427, 1, 29,  9.64,  7.74, 57.96,  132.10, 5000.00,    0.01,    1.30,    0.00, 0
29, 2428, 1, 29,  9.67,  7.74, 58.84,  132.06, 5000.00,    0.01,    1.29,    0.00, 0
29, 2429, 1, 29,  9.68,  7.74, 60.08,  132.04, 5000.00,    0.01,    1.29,    0.00, 0
29, 2430, 1, 29,  9.64,  7.83, 61.82,  132.02, 5000.00,    0.01,    1.28,    0.00, 0
29, 2431, 1, 29,  9.53,  7.89, 64.13,  132.04, 5000.00,    0.01,    1.28,    0.00, 0
29, 2432, 1, 29,  9.68,  7.97, 67.22,  132.03, 5000.00,    0.01,    1.28,    0.00, 0
29, 2433, 1, 29,  9.58,  7.89, 70.05,  131.90, 5000.00,    0.01,    1.25,    0.00, 0
29, 2434, 1, 29,  9.63,  7.93, 71.89,  131.75, 5000.00,    0.01,    1.23,    0.00, 0
29, 2435, 1, 29,  9.68,  7.95, 73.12,  131.61, 5000.00,    0.01,    1.21,    0.00, 0
29, 2436, 1, 29,  9.71,  7.99, 74.00,  131.48, 5000.00,    0.01,    1.20,    0.00, 0
29, 2437, 1, 29,  9.74,  8.02, 74.66,  131.35, 5000.00,    0.01,    1.19,    0.00, 0
29, 2438, 1, 29,  9.76,  8.06, 75.20,  131.23, 5000.00,    0.01,    1.18,    0.00, 0
29, 2439, 1, 29,  9.77,  8.08, 75.60,  131.15, 5000.00,    0.01,    1.18,    0.00, 0
29, 2440, 1, 29,  9.76,  8.10, 75.79,  131.11, 5000.00,    0.01,    1.18,    0.00, 0
29, 2441, 1, 29,  9.79,  8.13, 75.96,  130.99, 5000.00,    0.01,    1.17,    0.00, 0
29, 2442, 1, 29,  9.63,  8.11, 76.01,  131.25, 5000.00,    0.01,    1.21,    0.00, 0
29, 2443, 1, 29,  6.63, 10.29, 55.92,  132.41, 5000.00,    0.01,    1.33,    0.00, 0
29, 2444, 1, 29,  6.76, 10.29, 55.98,  132.24, 5000.00,    0.01,    1.32,    0.00, 0
29, 2445, 1, 29,  7.02, 10.14, 56.07,  132.14, 5000.00,    0.01,    1.33,    0.00, 0
29, 2446, 1, 29,  6.93, 10.15, 56.37,  132.26, 5000.00,    0.01,    1.34,    0.00, 0
29, 2447, 1, 29,  7.08, 10.08, 56.75,  132.18, 5000.00,    0.01,    1.33,    0.00, 0
29, 2448, 1, 29,  7.07, 10.06, 57.25,  132.16, 5000.00,    0.01,    1.33,    0.00, 0
29, 2449, 1, 29,  6.76, 10.31, 57.93,  132.16, 5000.00,    0.01,    1.31,    0.00, 0
29, 2450, 1, 29,  6.80, 10.30, 58.84,  132.14, 5000.00,    0.01,    1.31,    0.00, 0
29, 2451, 1, 29,  6.80, 10.31, 60.09,  132.12, 5000.00,    0.01,    1.31,    0.00, 0
29, 2452, 1, 29,  6.73, 10.35, 61.84,  132.10, 5000.00,    0.01,    1.31,    0.00, 0
29, 2453, 1, 29,  6.55, 10.43, 64.14,  132.10, 5000.00,    0.01,    1.30,    0.00, 0
29, 2454, 1, 29,  6.59, 10.42, 67.23,  132.10, 5000.00,    0.01,    1.30,    0.00, 0
29, 2455, 1, 29,  6.56, 10.48, 70.04,  131.96, 5000.00,    0.01,    1.28,    0.00, 0
29, 2456, 1, 29,  6.56, 10.56, 71.89,  131.79, 5000.00,    0.01,    1.26,    0.00, 0
29, 2457, 1, 29,  6.56, 10.59, 73.13,  131.61, 5000.00,    0.01,    1.24,    0.00, 0
29, 2458, 1, 29,  6.93, 10.41, 74.06,  131.39, 5000.00,    0.01,    1.24,    0.00, 0
29, 2459, 1, 29,  6.56, 10.71, 74.69,  131.32, 5000.00,    0.01,    1.22,    0.00, 0
29, 2460, 1, 29,  6.56, 10.77, 75.24,  131.18, 5000.00,    0.01,    1.20,    0.00, 0
29, 2461, 1, 29,  6.56, 10.80, 75.63,  131.09, 5000.00,    0.01,    1.20,    0.00, 0
29, 2462, 1, 29,  6.56, 10.80, 75.87,  131.06, 5000.00,    0.01,    1.19,    0.00, 0
29, 2463, 1, 29,  6.62, 10.83, 76.05,  130.90, 5000.00,    0.01,    1.19,    0.00, 0
29, 2464, 1, 29,  6.56, 10.75, 76.10,  131.12, 5000.00,    0.01,    1.21,    0.00, 0
29, 2465, 1, 29,  4.33, 11.01, 56.06,  132.78, 5000.00,    0.01,    1.40,    0.00, 0
29, 2466, 1, 29,  4.30, 11.30, 56.15,  132.19, 5000.00,    0.01,    1.32,    0.00, 0
29, 2467, 1, 29,  4.28, 11.33, 56.28,  132.14, 5000.00,    0.01,    1.31,    0.00, 0
29, 2468, 1, 29,  4.28, 11.20, 56.52,  132.39, 5000.00,    0.01,    1.35,    0.00, 0
29, 2469, 1, 29,  4.35, 11.25, 56.93,  132.26, 5000.00,    0.01,    1.32,    0.00, 0
29, 2470, 1, 29,  4.36, 11.31, 57.42,  132.24, 5000.00,    0.01,    1.32,    0.00, 0
29, 2471, 1, 29,  4.24, 11.36, 58.06,  132.22, 5000.00,    0.01,    1.33,    0.00, 0
29, 2472, 1, 29,  4.28, 11.42, 58.96,  132.15, 5000.00,    0.01,    1.31,    0.00, 0
29, 2473, 1, 29,  4.27, 11.52, 60.21,  132.10, 5000.00,    0.01,    1.31,    0.00, 0
29, 2474, 1, 29,  4.24, 11.64, 61.95,  132.08, 5000.00,    0.01,    1.30,    0.00, 0
29, 2475, 1, 29,  4.04, 11.75, 64.24,  132.07, 5000.00,    0.01,    1.30,    0.00, 0
29, 2476, 1, 29,  4.05, 11.76, 67.35,  132.08, 5000.00,    0.01,    1.29,    0.00, 0
29, 2477, 1, 29,  3.96, 11.84, 70.17,  131.90, 5000.00,    0.01,    1.26,    0.00, 0
29, 2478, 1, 29,  3.90, 11.94, 72.01,  131.70, 5000.00,    0.01,    1.24,    0.00, 0
29, 2479, 1, 29,  3.89, 12.03, 73.24,  131.52, 5000.00,    0.01,    1.21,    0.00, 0
29, 2480, 1, 29,  3.86, 12.07, 74.13,  131.34, 5000.00,    0.01,    1.20,    0.00, 0
29, 2481, 1, 29,  3.86, 12.14, 74.80,  131.18, 5000.00,    0.01,    1.19,    0.00, 0
29, 2482, 1, 29,  3.86, 12.19, 75.34,  131.04, 5000.00,    0.01,    1.18,    0.00, 0
29, 2483, 1, 29,  3.87, 12.23, 75.73,  130.93, 5000.00,    0.01,    1.18,    0.00, 0
29, 2484, 1, 29,  3.88, 12.18, 75.90,  131.01, 5000.00,    0.01,    1.19,    0.00, 0
29, 2485, 1, 29,  3.87, 12.23, 76.08,  130.84, 5000.00,    0.01,    1.17,    0.00, 0
29, 2486, 1, 29,  3.85, 12.12, 76.15,  131.10, 5000.00,    0.01,    1.20,    0.00, 0
29, 2487, 1, 29,  2.93, 11.33, 56.57,  132.64, 5000.00,    0.01,    1.33,    0.00, 0
29, 2488, 1, 29,  2.98, 11.43, 56.61,  132.37, 5000.00,    0.01,    1.31,    0.00, 0
29, 2489, 1, 29,  2.95, 11.57, 56.75,  132.09, 5000.00,    0.01,    1.29,    0.00, 0
29, 2490, 1, 29,  2.89, 11.49, 57.01,  132.30, 5000.00,    0.01,    1.31,    0.00, 0
29, 2491, 1, 29,  2.97, 11.46, 57.40,  132.33, 5000.00,    0.01,    1.31,    0.00, 0
29, 2492, 1, 29,  2.96, 11.49, 57.87,  132.29, 5000.00,    0.01,    1.31,    0.00, 0
29, 2493, 1, 29,  2.81, 11.59, 58.48,  132.19, 5000.00,    0.01,    1.30,    0.00, 0
29, 2494, 1, 29,  2.88, 11.60, 59.40,  132.26, 5000.00,    0.01,    1.31,    0.00, 0
29, 2495, 1, 29,  2.88, 11.62, 60.66,  132.28, 5000.00,    0.01,    1.31,    0.00, 0
29, 2496, 1, 29,  2.83, 11.73, 62.33,  132.16, 5000.00,    0.01,    1.31,    0.00, 0
29, 2497, 1, 29,  2.59, 11.86, 64.57,  132.14, 5000.00,    0.01,    1.31,    0.00, 0
29, 2498, 1, 29,  2.63, 12.00, 67.62,  132.10, 5000.00,    0.01,    1.30,    0.00, 0
29, 2499, 1, 29,  2.54, 12.23, 70.37,  131.91, 5000.00,    0.01,    1.27,    0.00, 0
29, 2500, 1, 29,  2.47, 12.32, 72.18,  131.73, 5000.00,    0.01,    1.25,    0.00, 0
29, 2501, 1, 29,  2.44, 12.37, 73.38,  131.58, 5000.00,    0.01,    1.24,    0.00, 0
29, 2502, 1, 29,  2.41, 12.44, 74.24,  131.44, 5000.00,    0.01,    1.23,    0.00, 0
29, 2503, 1, 29,  2.38, 12.46, 74.89,  131.31, 5000.00,    0.01,    1.22,    0.00, 0
29, 2504, 1, 29,  2.36, 12.49, 75.42,  131.22, 5000.00,    0.01,    1.21,    0.00, 0
29, 2505, 1, 29,  2.36, 12.51, 75.80,  131.17, 5000.00,    0.01,    1.21,    0.00, 0
29, 2506, 1, 29,  2.36, 12.55, 76.01,  131.03, 5000.00,    0.01,    1.19,    0.00, 0
29, 2507, 1, 29,  2.37, 12.58, 76.18,  130.92, 5000.00,    0.01,    1.19,    0.00, 0
29, 2508, 1, 29,  2.38, 12.43, 76.21,  131.27, 5000.00,    0.01,    1.24,    0.00, 0
29, 2509, 1, 29,  2.07, 11.57, 57.01,  132.37, 5000.00,    0.01,    1.33,    0.00, 0
29, 2510, 1, 29,  2.16, 11.54, 57.11,  132.39, 5000.00,    0.01,    1.32,    0.00, 0
29, 2511, 1, 29,  2.12, 11.58, 57.22,  132.32, 5000.00,    0.01,    1.33,    0.00, 0
29, 2512, 1, 29,  2.03, 11.63, 57.49,  132.28, 5000.00,    0.01,    1.32,    0.00, 0
29, 2513, 1, 29,  2.11, 11.63, 57.84,  132.25, 5000.00,    0.01,    1.32,    0.00, 0
29, 2514, 1, 29,  2.09, 11.64, 58.33,  132.26, 5000.00,    0.01,    1.33,    0.00, 0
29, 2515, 1, 29,  1.92, 11.73, 58.91,  132.19, 5000.00,    0.01,    1.32,    0.00, 0
29, 2516, 1, 29,  1.99, 11.70, 59.82,  132.27, 5000.00,    0.01,    1.33,    0.00, 0
29, 2517, 1, 29,  1.97, 11.72, 61.05,  132.30, 5000.00,    0.01,    1.34,    0.00, 0
29, 2518, 1, 29,  1.93, 11.79, 62.78,  132.31, 5000.00,    0.01,    1.33,    0.00, 0
29, 2519, 1, 29,  1.68, 11.92, 64.86,  132.30, 5000.00,    0.01,    1.33,    0.00, 0
29, 2520, 1, 29,  1.72, 12.05, 67.99,  132.29, 5000.00,    0.01,    1.33,    0.00, 0
29, 2521, 1, 29,  1.63, 12.21, 70.51,  132.15, 5000.00,    0.01,    1.31,    0.00, 0
29, 2522, 1, 29,  1.55, 12.33, 72.28,  132.01, 5000.00,    0.01,    1.30,    0.00, 0
29, 2523, 1, 29,  1.52, 12.45, 73.47,  131.82, 5000.00,    0.01,    1.28,    0.00, 0
29, 2524, 1, 29,  1.48, 12.53, 74.32,  131.68, 5000.00,    0.01,    1.27,    0.00, 0
29, 2525, 1, 29,  1.45, 12.56, 74.97,  131.54, 5000.00,    0.01,    1.26,    0.00, 0
29, 2526, 1, 29,  1.42, 12.63, 75.50,  131.38, 5000.00,    0.01,    1.25,    0.00, 0
29, 2527, 1, 29,  1.41, 12.68, 75.88,  131.26, 5000.00,    0.01,    1.24,    0.00, 0
29, 2528, 1, 29,  1.42, 12.61, 76.04,  131.38, 5000.00,    0.01,    1.26,    0.00, 0
29, 2529, 1, 29,  1.41, 12.68, 76.23,  131.17, 5000.00,    0.01,    1.23,    0.00, 0
29, 2530, 1, 29,  1.41, 12.58, 76.29,  131.39, 5000.00,    0.01,    1.26,    0.00, 0
29, 2531, 1, 29,  1.62, 11.49, 57.39,  132.62, 5000.00,    0.01,    1.34,    0.00, 0
29, 2532, 1, 29,  1.70, 11.56, 57.43,  132.42, 5000.00,    0.01,    1.33,    0.00, 0
29, 2533, 1, 29,  1.67, 11.57, 57.56,  132.43, 5000.00,    0.01,    1.34,    0.00, 0
29, 2534, 1, 29,  1.57, 11.63, 57.82,  132.36, 5000.00,    0.01,    1.33,    0.00, 0
29, 2535, 1, 29,  1.68, 11.93, 58.18,  132.34, 5000.00,    0.01,    1.34,    0.00, 0
29, 2536, 1, 29,  1.62, 11.65, 58.62,  132.33, 5000.00,    0.01,    1.33,    0.00, 0
29, 2537, 1, 29,  1.45, 11.74, 59.20,  132.27, 5000.00,    0.01,    1.33,    0.00, 0
29, 2538, 1, 29,  1.51, 11.74, 60.11,  132.39, 5000.00,    0.01,    1.34,    0.00, 0
29, 2539, 1, 29,  1.50, 11.74, 61.35,  132.48, 5000.00,    0.01,    1.35,    0.00, 0
29, 2540, 1, 29,  1.45, 11.82, 63.11,  132.49, 5000.00,    0.01,    1.35,    0.00, 0
29, 2541, 1, 29,  1.21, 11.95, 64.91,  132.44, 5000.00,    0.01,    1.35,    0.00, 0
29, 2542, 1, 29,  1.23, 12.00, 68.12,  132.55, 5000.00,    0.01,    1.36,    0.00, 0
29, 2543, 1, 29,  1.13, 12.15, 70.62,  132.44, 5000.00,    0.01,    1.35,    0.00, 0
29, 2544, 1, 29,  1.05, 12.24, 72.32,  132.34, 5000.00,    0.01,    1.34,    0.00, 0
29, 2545, 1, 29,  1.02, 12.33, 73.52,  132.20, 5000.00,    0.01,    1.33,    0.00, 0
29, 2546, 1, 29,  0.97, 12.43, 74.34,  132.04, 5000.00,    0.01,    1.32,    0.00, 0
29, 2547, 1, 29,  0.95, 12.52, 74.97,  131.96, 5000.00,    0.01,    1.31,    0.00, 0
29, 2548, 1, 29,  0.91, 12.53, 75.49,  131.86, 5000.00,    0.01,    1.30,    0.00, 0
29, 2549, 1, 29,  0.90, 12.58, 75.87,  131.74, 5000.00,    0.01,    1.29,    0.00, 0
29, 2550, 1, 29,  0.89, 12.60, 76.15,  131.64, 5000.00,    0.01,    1.29,    0.00, 0
29, 2551, 1, 29,  0.88, 12.63, 76.31,  131.57, 5000.00,    0.01,    1.28,    0.00, 0
29, 2552, 1, 29,  0.87, 12.63, 76.41,  131.55, 5000.00,    0.01,    1.28,    0.00, 0
29, 2553, 1, 29,  1.46, 11.28, 57.73,  133.30, 5000.00,    0.01,    1.43,    0.00, 0
29, 2554, 1, 29,  1.53, 11.44, 57.59,  132.75, 5000.00,    0.01,    1.36,    0.00, 0
29, 2555, 1, 29,  1.48, 11.47, 57.72,  132.72, 5000.00,    0.01,    1.36,    0.00, 0
29, 2556, 1, 29,  1.38, 11.51, 57.94,  132.67, 5000.00,    0.01,    1.37,    0.00, 0
29, 2557, 1, 29,  1.44, 11.60, 58.19,  132.46, 5000.00,    0.01,    1.35,    0.00, 0
29, 2558, 1, 29,  1.44, 11.53, 58.78,  132.69, 5000.00,    0.01,    1.37,    0.00, 0
29, 2559, 1, 29,  1.24, 11.59, 59.44,  132.80, 5000.00,    0.01,    1.39,    0.00, 0
29, 2560, 1, 29,  1.32, 11.77, 60.03,  132.40, 5000.00,    0.01,    1.35,    0.00, 0
29, 2561, 1, 29,  1.30, 11.67, 61.69,  132.79, 5000.00,    0.01,    1.37,    0.00, 0
29, 2562, 1, 29,  1.24, 11.75, 63.38,  132.81, 5000.00,    0.01,    1.38,    0.00, 0
29, 2563, 1, 29,  0.97, 11.73, 65.44,  133.19, 5000.00,    0.01,    1.42,    0.00, 0
29, 2564, 1, 29,  1.03, 11.92, 68.00,  132.82, 5000.00,    0.01,    1.39,    0.00, 0
29, 2565, 1, 29,  0.93, 11.98, 70.68,  132.97, 5000.00,    0.01,    1.40,    0.00, 0
29, 2566, 1, 29,  0.86, 12.06, 72.33,  132.90, 5000.00,    0.01,    1.39,    0.00, 0
29, 2567, 1, 29,  0.83, 12.12, 73.52,  132.84, 5000.00,    0.01,    1.39,    0.00, 0
29, 2568, 1, 29,  0.79, 12.21, 74.47,  132.71, 5000.00,    0.01,    1.40,    0.00, 0
29, 2569, 1, 29,  0.76, 12.18, 74.97,  132.79, 5000.00,    0.01,    1.40,    0.00, 0
29, 2570, 1, 29,  0.73, 12.23, 75.52,  132.69, 5000.00,    0.01,    1.39,    0.00, 0
29, 2571, 1, 29,  0.72, 12.26, 75.84,  132.61, 5000.00,    0.01,    1.39,    0.00, 0
29, 2572, 1, 29,  0.71, 12.30, 76.18,  132.46, 5000.00,    0.01,    1.38,    0.00, 0
29, 2573, 1, 29,  0.71, 12.37, 76.40,  132.26, 5000.00,    0.02,    1.38,    0.00, 0
29, 2574, 1, 29,  0.70, 12.45, 76.55,  132.04, 5000.00,    0.02,    1.37,    0.00, 0
29, 2575, 1, 29, 11.92,  4.52, 56.48,  133.13, 5000.00,    0.01,    1.51,    0.00, 0
29, 2576, 1, 29, 12.20,  4.57, 56.47,  132.63, 5000.00,    0.01,    1.44,    0.00, 0
29, 2577, 1, 29, 12.29,  4.59, 56.49,  132.47, 5000.00,    0.01,    1.42,    0.00, 0
29, 2578, 1, 29, 12.33,  4.34, 56.84,  132.65, 5000.00,    0.01,    1.44,    0.00, 0
29, 2579, 1, 29, 12.49,  4.38, 57.03,  132.38, 5000.00,    0.01,    1.40,    0.00, 0
29, 2580, 1, 29, 12.34,  4.13, 57.65,  132.89, 5000.00,    0.02,    1.59,    0.00, 0
29, 2581, 1, 29, 12.39,  4.14, 58.30,  132.94, 5000.00,    0.02,    1.60,    0.00, 0
29, 2582, 1, 29, 12.39,  4.14, 59.21,  133.01, 5000.00,    0.02,    1.62,    0.00, 0
29, 2583, 1, 29, 12.51,  4.35, 60.29,  132.63, 5000.00,    0.01,    1.44,    0.00, 0
29, 2584, 1, 29, 12.39,  4.30, 61.97,  132.94, 5000.00,    0.02,    1.59,    0.00, 0
29, 2585, 1, 29, 12.30,  4.27, 64.34,  133.07, 5000.00,    0.02,    1.61,    0.00, 0
29, 2586, 1, 29, 12.31,  4.26, 67.19,  133.08, 5000.00,    0.02,    1.61,    0.00, 0
29, 2587, 1, 29, 12.34,  4.26, 69.72,  133.00, 5000.00,    0.02,    1.59,    0.00, 0
29, 2588, 1, 29, 12.37,  4.27, 71.50,  132.90, 5000.00,    0.02,    1.57,    0.00, 0
29, 2589, 1, 29, 12.38,  4.26, 72.70,  132.84, 5000.00,    0.02,    1.56,    0.00, 0
29, 2590, 1, 29, 12.41,  4.28, 73.53,  132.72, 5000.00,    0.02,    1.54,    0.00, 0
29, 2591, 1, 29, 12.41,  4.28, 74.21,  132.69, 5000.00,    0.02,    1.54,    0.00, 0
29, 2592, 1, 29, 12.42,  4.28, 74.70,  132.63, 5000.00,    0.01,    1.53,    0.00, 0
29, 2593, 1, 29, 12.44,  4.28, 75.10,  132.58, 5000.00,    0.01,    1.52,    0.00, 0
29, 2594, 1, 29, 12.46,  4.29, 75.44,  132.53, 5000.00,    0.01,    1.40,    0.00, 0
29, 2595, 1, 29, 12.42,  4.27, 75.55,  132.58, 5000.00,    0.01,    1.40,    0.00, 0
29, 2596, 1, 29, 12.41,  4.26, 75.77,  132.60, 5000.00,    0.01,    1.40,    0.00, 0
29, 2597, 1, 29, 12.23,  4.70, 56.18,  132.46, 5000.00,    0.01,    1.42,    0.00, 0
29, 2598, 1, 29, 12.12,  4.70, 56.43,  132.63, 5000.00,    0.01,    1.44,    0.00, 0
29, 2599, 1, 29, 12.23,  4.72, 56.48,  132.47, 5000.00,    0.01,    1.42,    0.00, 0
29, 2600, 1, 29, 12.40,  4.51, 56.64,  132.36, 5000.00,    0.01,    1.41,    0.00, 0
29, 2601, 1, 29, 12.40,  4.49, 57.05,  132.40, 5000.00,    0.01,    1.40,    0.00, 0
29, 2602, 1, 29, 12.56,  4.33, 57.40,  132.40, 5000.00,    0.01,    1.41,    0.00, 0
29, 2603, 1, 29, 12.52,  4.30, 58.15,  132.54, 5000.00,    0.01,    1.43,    0.00, 0
29, 2604, 1, 29, 12.50,  4.30, 59.06,  132.63, 5000.00,    0.01,    1.44,    0.00, 0
29, 2605, 1, 29, 12.48,  4.49, 60.27,  132.55, 5000.00,    0.01,    1.43,    0.00, 0
29, 2606, 1, 29, 12.47,  4.45, 61.93,  132.63, 5000.00,    0.01,    1.44,    0.00, 0
29, 2607, 1, 29, 12.43,  4.44, 64.21,  132.73, 5000.00,    0.02,    1.46,    0.00, 0
29, 2608, 1, 29, 12.39,  4.41, 67.15,  132.76, 5000.00,    0.02,    1.45,    0.00, 0
29, 2609, 1, 29, 12.43,  4.42, 69.82,  132.65, 5000.00,    0.02,    1.43,    0.00, 0
29, 2610, 1, 29, 12.51,  4.45, 71.68,  132.48, 5000.00,    0.01,    1.40,    0.00, 0
29, 2611, 1, 29, 12.56,  4.45, 72.89,  132.35, 5000.00,    0.01,    1.39,    0.00, 0
29, 2612, 1, 29, 12.61,  4.47, 73.76,  132.22, 5000.00,    0.01,    1.37,    0.00, 0
29, 2613, 1, 29, 12.63,  4.47, 74.42,  132.14, 5000.00,    0.01,    1.36,    0.00, 0
29, 2614, 1, 29, 12.65,  4.47, 74.90,  132.09, 5000.00,    0.01,    1.35,    0.00, 0
29, 2615, 1, 29, 12.67,  4.47, 75.27,  132.05, 5000.00,    0.01,    1.35,    0.00, 0
29, 2616, 1, 29, 12.69,  4.48, 75.53,  132.01, 5000.00,    0.01,    1.35,    0.00, 0
29, 2617, 1, 29, 12.65,  4.46, 75.71,  132.08, 5000.00,    0.01,    1.36,    0.00, 0
29, 2618, 1, 29, 12.42,  4.39, 75.76,  132.44, 5000.00,    0.01,    1.38,    0.00, 0
29, 2619, 1, 29, 12.33,  4.92, 56.16,  132.29, 5000.00,    0.01,    1.40,    0.00, 0
29, 2620, 1, 29, 12.35,  4.94, 56.27,  132.26, 5000.00,    0.01,    1.39,    0.00, 0
29, 2621, 1, 29, 12.32,  4.94, 56.40,  132.29, 5000.00,    0.01,    1.40,    0.00, 0
29, 2622, 1, 29, 12.41,  4.71, 56.67,  132.33, 5000.00,    0.01,    1.40,    0.00, 0
29, 2623, 1, 29, 12.42,  4.70, 57.05,  132.34, 5000.00,    0.01,    1.40,    0.00, 0
29, 2624, 1, 29, 12.56,  4.54, 57.43,  132.27, 5000.00,    0.01,    1.40,    0.00, 0
29, 2625, 1, 29, 12.57,  4.53, 58.14,  132.38, 5000.00,    0.01,    1.41,    0.00, 0
29, 2626, 1, 29, 12.55,  4.53, 59.04,  132.45, 5000.00,    0.01,    1.42,    0.00, 0
29, 2627, 1, 29, 12.42,  4.70, 60.31,  132.56, 5000.00,    0.01,    1.43,    0.00, 0
29, 2628, 1, 29, 12.47,  4.67, 61.97,  132.54, 5000.00,    0.01,    1.44,    0.00, 0
29, 2629, 1, 29, 12.43,  4.66, 64.23,  132.62, 5000.00,    0.01,    1.45,    0.00, 0
29, 2630, 1, 29, 12.38,  4.63, 67.16,  132.62, 5000.00,    0.01,    1.44,    0.00, 0
29, 2631, 1, 29, 12.42,  4.64, 69.84,  132.51, 5000.00,    0.01,    1.41,    0.00, 0
29, 2632, 1, 29, 12.49,  4.66, 71.70,  132.35, 5000.00,    0.01,    1.39,    0.00, 0
29, 2633, 1, 29, 12.54,  4.66, 72.92,  132.20, 5000.00,    0.01,    1.37,    0.00, 0
29, 2634, 1, 29, 12.58,  4.67, 73.78,  132.11, 5000.00,    0.01,    1.36,    0.00, 0
29, 2635, 1, 29, 12.61,  4.67, 74.44,  132.02, 5000.00,    0.01,    1.34,    0.00, 0
29, 2636, 1, 29, 12.63,  4.68, 74.94,  131.97, 5000.00,    0.01,    1.34,    0.00, 0
29, 2637, 1, 29, 12.64,  4.67, 75.31,  131.93, 5000.00,    0.01,    1.33,    0.00, 0
29, 2638, 1, 29, 12.67,  4.69, 75.61,  131.88, 5000.00,    0.01,    1.35,    0.00, 0
29, 2639, 1, 29, 12.47,  4.62, 75.68,  132.20, 5000.00,    0.01,    1.37,    0.00, 0
29, 2640, 1, 29, 12.26,  4.58, 75.79,  132.52, 5000.00,    0.01,    1.40,    0.00, 0
29, 2641, 1, 29, 12.07,  5.19, 56.10,  132.35, 5000.00,    0.01,    1.40,    0.00, 0
29, 2642, 1, 29, 12.13,  5.21, 56.21,  132.32, 5000.00,    0.01,    1.40,    0.00, 0
29, 2643, 1, 29, 12.09,  5.22, 56.37,  132.38, 5000.00,    0.01,    1.41,    0.00, 0
29, 2644, 1, 29, 12.24,  5.00, 56.63,  132.26, 5000.00,    0.01,    1.39,    0.00, 0
29, 2645, 1, 29, 12.25,  5.00, 57.06,  132.34, 5000.00,    0.01,    1.40,    0.00, 0
29, 2646, 1, 29, 12.35,  4.82, 57.52,  132.32, 5000.00,    0.01,    1.40,    0.00, 0
29, 2647, 1, 29, 12.34,  4.82, 58.17,  132.38, 5000.00,    0.01,    1.42,    0.00, 0
29, 2648, 1, 29, 12.34,  4.83, 59.06,  132.42, 5000.00,    0.01,    1.42,    0.00, 0
29, 2649, 1, 29, 12.23,  4.99, 60.31,  132.49, 5000.00,    0.01,    1.44,    0.00, 0
29, 2650, 1, 29, 12.25,  4.97, 62.04,  132.53, 5000.00,    0.01,    1.44,    0.00, 0
29, 2651, 1, 29, 12.23,  4.98, 64.27,  132.57, 5000.00,    0.01,    1.44,    0.00, 0
29, 2652, 1, 29, 12.21,  4.95, 67.16,  132.56, 5000.00,    0.01,    1.43,    0.00, 0
29, 2653, 1, 29, 12.25,  4.95, 69.79,  132.46, 5000.00,    0.01,    1.41,    0.00, 0
29, 2654, 1, 29, 12.30,  4.97, 71.63,  132.33, 5000.00,    0.01,    1.39,    0.00, 0
29, 2655, 1, 29, 12.35,  4.96, 72.85,  132.22, 5000.00,    0.01,    1.37,    0.00, 0
29, 2656, 1, 29, 12.38,  4.98, 73.74,  132.12, 5000.00,    0.01,    1.36,    0.00, 0
29, 2657, 1, 29, 12.41,  4.97, 74.40,  132.06, 5000.00,    0.01,    1.35,    0.00, 0
29, 2658, 1, 29, 12.43,  4.98, 74.95,  132.00, 5000.00,    0.01,    1.35,    0.00, 0
29, 2659, 1, 29, 12.45,  4.98, 75.34,  131.94, 5000.00,    0.01,    1.34,    0.00, 0
29, 2660, 1, 29, 12.45,  4.98, 75.64,  131.91, 5000.00,    0.01,    1.34,    0.00, 0
29, 2661, 1, 29, 12.39,  4.98, 75.77,  131.98, 5000.00,    0.01,    1.35,    0.00, 0
29, 2662, 1, 29, 12.42,  5.00, 75.89,  131.88, 5000.00,    0.01,    1.35,    0.00, 0
29, 2663, 1, 29, 11.88,  5.73, 56.22,  132.29, 5000.00,    0.01,    1.39,    0.00, 0
29, 2664, 1, 29, 11.91,  5.75, 56.32,  132.23, 5000.00,    0.01,    1.39,    0.00, 0
29, 2665, 1, 29, 11.90,  5.76, 56.45,  132.24, 5000.00,    0.01,    1.39,    0.00, 0
29, 2666, 1, 29, 11.95,  5.55, 56.74,  132.34, 5000.00,    0.01,    1.41,    0.00, 0
29, 2667, 1, 29, 11.95,  5.55, 57.17,  132.35, 5000.00,    0.01,    1.41,    0.00, 0
29, 2668, 1, 29, 12.11,  5.39, 57.60,  132.25, 5000.00,    0.01,    1.40,    0.00, 0
29, 2669, 1, 29, 12.13,  5.40, 58.27,  132.26, 5000.00,    0.01,    1.40,    0.00, 0
29, 2670, 1, 29, 12.14,  5.40, 59.15,  132.27, 5000.00,    0.01,    1.40,    0.00, 0
29, 2671, 1, 29, 11.98,  5.57, 60.43,  132.39, 5000.00,    0.01,    1.42,    0.00, 0
29, 2672, 1, 29, 12.09,  5.54, 62.09,  132.29, 5000.00,    0.01,    1.40,    0.00, 0
29, 2673, 1, 29, 12.07,  5.57, 64.32,  132.32, 5000.00,    0.01,    1.40,    0.00, 0
29, 2674, 1, 29, 12.04,  5.54, 67.25,  132.32, 5000.00,    0.01,    1.39,    0.00, 0
29, 2675, 1, 29, 12.08,  5.54, 69.90,  132.23, 5000.00,    0.01,    1.38,    0.00, 0
29, 2676, 1, 29, 12.14,  5.56, 71.74,  132.11, 5000.00,    0.01,    1.35,    0.00, 0
29, 2677, 1, 29, 12.16,  5.55, 72.93,  132.03, 5000.00,    0.01,    1.34,    0.00, 0
29, 2678, 1, 29, 12.19,  5.57, 73.79,  131.95, 5000.00,    0.01,    1.33,    0.00, 0
29, 2679, 1, 29, 12.22,  5.58, 74.46,  131.87, 5000.00,    0.01,    1.32,    0.00, 0
29, 2680, 1, 29, 12.26,  5.59, 75.01,  131.75, 5000.00,    0.01,    1.31,    0.00, 0
29, 2681, 1, 29, 12.30,  5.61, 75.43,  131.64, 5000.00,    0.01,    1.30,    0.00, 0
29, 2682, 1, 29, 12.26,  5.60, 75.67,  131.68, 5000.00,    0.01,    1.31,    0.00, 0
29, 2683, 1, 29, 12.27,  5.61, 75.83,  131.62, 5000.00,    0.01,    1.31,    0.00, 0
29, 2684, 1, 29, 12.28,  5.63, 75.94,  131.53, 5000.00,    0.01,    1.30,    0.00, 0
29, 2685, 1, 29, 11.34,  6.75, 56.14,  132.32, 5000.00,    0.01,    1.40,    0.00, 0
29, 2686, 1, 29, 11.49,  6.77, 56.21,  132.08, 5000.00,    0.01,    1.36,    0.00, 0
29, 2687, 1, 29, 11.46,  6.77, 56.34,  132.13, 5000.00,    0.01,    1.36,    0.00, 0
29, 2688, 1, 29, 11.55,  6.60, 56.59,  132.16, 5000.00,    0.01,    1.37,    0.00, 0
29, 2689, 1, 29, 11.56,  6.57, 56.98,  132.16, 5000.00,    0.01,    1.38,    0.00, 0
29, 2690, 1, 29, 11.64,  6.45, 57.47,  132.16, 5000.00,    0.01,    1.38,    0.00, 0
29, 2691, 1, 29, 11.61,  6.46, 58.13,  132.15, 5000.00,    0.01,    1.37,    0.00, 0
29, 2692, 1, 29, 11.64,  6.46, 59.01,  132.13, 5000.00,    0.01,    1.37,    0.00, 0
29, 2693, 1, 29, 11.58,  6.58, 60.25,  132.11, 5000.00,    0.01,    1.37,    0.00, 0
29, 2694, 1, 29, 11.58,  6.59, 61.98,  132.12, 5000.00,    0.01,    1.37,    0.00, 0
29, 2695, 1, 29, 11.55,  6.64, 64.25,  132.14, 5000.00,    0.01,    1.37,    0.00, 0
29, 2696, 1, 29, 11.53,  6.60, 67.24,  132.13, 5000.00,    0.01,    1.36,    0.00, 0
29, 2697, 1, 29, 11.57,  6.61, 69.95,  132.04, 5000.00,    0.01,    1.34,    0.00, 0
29, 2698, 1, 29, 11.62,  6.63, 71.79,  131.93, 5000.00,    0.01,    1.32,    0.00, 0
29, 2699, 1, 29, 11.66,  6.63, 73.02,  131.81, 5000.00,    0.01,    1.31,    0.00, 0
29, 2700, 1, 29, 11.69,  6.66, 73.90,  131.71, 5000.00,    0.01,    1.29,    0.00, 0
29, 2701, 1, 29, 11.73,  6.67, 74.57,  131.61, 5000.00,    0.01,    1.28,    0.00, 0
29, 2702, 1, 29, 11.77,  6.70, 75.13,  131.47, 5000.00,    0.01,    1.27,    0.00, 0
29, 2703, 1, 29, 11.80,  6.71, 75.53,  131.37, 5000.00,    0.01,    1.26,    0.00, 0
29, 2704, 1, 29, 11.80,  6.72, 75.76,  131.33, 5000.00,    0.01,    1.26,    0.00, 0
29, 2705, 1, 29, 11.91,  6.82, 75.90,  131.29, 5000.00,    0.01,    1.26,    0.00, 0
29, 2706, 1, 29, 11.71,  6.75, 75.98,  131.37, 5000.00,    0.01,    1.27,    0.00, 0
29, 2707, 1, 29,  9.96,  8.58, 55.98,  132.33, 5000.00,    0.01,    1.39,    0.00, 0
29, 2708, 1, 29, 10.15,  8.58, 56.03,  132.06, 5000.00,    0.01,    1.34,    0.00, 0
29, 2709, 1, 29, 10.13,  8.60, 56.15,  132.07, 5000.00,    0.01,    1.35,    0.00, 0
29, 2710, 1, 29, 10.18,  8.49, 56.44,  132.13, 5000.00,    0.01,    1.36,    0.00, 0
29, 2711, 1, 29, 10.23,  8.48, 56.82,  132.10, 5000.00,    0.01,    1.36,    0.00, 0
29, 2712, 1, 29, 10.32,  8.40, 57.32,  132.08, 5000.00,    0.01,    1.35,    0.00, 0
29, 2713, 1, 29, 10.27,  8.42, 57.97,  132.05, 5000.00,    0.01,    1.35,    0.00, 0
29, 2714, 1, 29, 10.31,  8.42, 58.85,  132.02, 5000.00,    0.01,    1.34,    0.00, 0
29, 2715, 1, 29, 10.26,  8.51, 60.09,  131.99, 5000.00,    0.01,    1.34,    0.00, 0
29, 2716, 1, 29, 10.26,  8.53, 61.84,  131.99, 5000.00,    0.01,    1.34,    0.00, 0
29, 2717, 1, 29, 10.16,  8.58, 64.15,  132.00, 5000.00,    0.01,    1.34,    0.00, 0
29, 2718, 1, 29, 10.30,  8.66, 67.22,  131.98, 5000.00,    0.01,    1.34,    0.00, 0
29, 2719, 1, 29, 10.21,  8.57, 70.04,  131.86, 5000.00,    0.01,    1.30,    0.00, 0
29, 2720, 1, 29, 10.27,  8.61, 71.87,  131.72, 5000.00,    0.01,    1.28,    0.00, 0
29, 2721, 1, 29, 10.32,  8.63, 73.11,  131.59, 5000.00,    0.01,    1.26,    0.00, 0
29, 2722, 1, 29, 10.35,  8.67, 73.99,  131.46, 5000.00,    0.01,    1.24,    0.00, 0
29, 2723, 1, 29, 10.38,  8.70, 74.66,  131.34, 5000.00,    0.01,    1.23,    0.00, 0
29, 2724, 1, 29, 10.41,  8.74, 75.20,  131.23, 5000.00,    0.01,    1.22,    0.00, 0
29, 2725, 1, 29, 10.42,  8.76, 75.60,  131.14, 5000.00,    0.01,    1.21,    0.00, 0
29, 2726, 1, 29, 10.39,  8.78, 75.79,  131.13, 5000.00,    0.01,    1.21,    0.00, 0
29, 2727, 1, 29, 10.43,  8.81, 75.96,  131.01, 5000.00,    0.01,    1.19,    0.00, 0
29, 2728, 1, 29, 10.27,  8.80, 76.01,  131.22, 5000.00,    0.01,    1.24,    0.00, 0
29, 2729, 1, 29,  7.18, 11.07, 55.91,  132.29, 5000.00,    0.01,    1.38,    0.00, 0
29, 2730, 1, 29,  7.22, 11.11, 55.98,  132.17, 5000.00,    0.01,    1.37,    0.00, 0
29, 2731, 1, 29,  7.21, 11.13, 56.11,  132.14, 5000.00,    0.01,    1.36,    0.00, 0
29, 2732, 1, 29,  7.28, 11.06, 56.40,  132.18, 5000.00,    0.01,    1.37,    0.00, 0
29, 2733, 1, 29,  7.49, 10.94, 56.76,  132.12, 5000.00,    0.01,    1.38,    0.00, 0
29, 2734, 1, 29,  7.54, 10.87, 57.26,  132.09, 5000.00,    0.01,    1.36,    0.00, 0
29, 2735, 1, 29,  7.22, 11.12, 57.95,  132.09, 5000.00,    0.01,    1.36,    0.00, 0
29, 2736, 1, 29,  7.27, 11.11, 58.85,  132.08, 5000.00,    0.01,    1.36,    0.00, 0
29, 2737, 1, 29,  7.21, 11.17, 60.10,  132.05, 5000.00,    0.01,    1.35,    0.00, 0
29, 2738, 1, 29,  7.18, 11.17, 61.86,  132.04, 5000.00,    0.01,    1.35,    0.00, 0
29, 2739, 1, 29,  7.00, 11.25, 64.16,  132.04, 5000.00,    0.01,    1.34,    0.00, 0
29, 2740, 1, 29,  7.05, 11.24, 67.24,  132.03, 5000.00,    0.01,    1.34,    0.00, 0
29, 2741, 1, 29,  7.01, 11.30, 70.03,  131.91, 5000.00,    0.01,    1.32,    0.00, 0
29, 2742, 1, 29,  7.00, 11.39, 71.87,  131.75, 5000.00,    0.01,    1.29,    0.00, 0
29, 2743, 1, 29,  7.00, 11.41, 73.11,  131.59, 5000.00,    0.01,    1.27,    0.00, 0
29, 2744, 1, 29,  6.99, 11.49, 74.01,  131.44, 5000.00,    0.01,    1.26,    0.00, 0
29, 2745, 1, 29,  6.99, 11.55, 74.68,  131.31, 5000.00,    0.01,    1.25,    0.00, 0
29, 2746, 1, 29,  6.98, 11.61, 75.24,  131.18, 5000.00,    0.01,    1.23,    0.00, 0
29, 2747, 1, 29,  7.43, 11.33, 75.65,  131.05, 5000.00,    0.01,    1.24,    0.00, 0
29, 2748, 1, 29,  6.97, 11.65, 75.87,  131.06, 5000.00,    0.01,    1.22,    0.00, 0
29, 2749, 1, 29,  7.04, 11.67, 76.05,  130.92, 5000.00,    0.01,    1.21,    0.00, 0
29, 2750, 1, 29,  7.01, 11.58, 76.10,  131.09, 5000.00,    0.01,    1.24,    0.00, 0
29, 2751, 1, 29,  4.67, 11.96, 56.05,  132.44, 5000.00,    0.01,    1.39,    0.00, 0
29, 2752, 1, 29,  4.59, 12.10, 56.12,  132.20, 5000.00,    0.01,    1.36,    0.00, 0
29, 2753, 1, 29,  4.56, 12.13, 56.24,  132.16, 5000.00,    0.01,    1.36,    0.00, 0
29, 2754, 1, 29,  4.63, 12.11, 56.55,  132.19, 5000.00,    0.01,    1.36,    0.00, 0
29, 2755, 1, 29,  4.63, 12.07, 56.91,  132.24, 5000.00,    0.01,    1.38,    0.00, 0
29, 2756, 1, 29,  4.65, 12.16, 57.42,  132.17, 5000.00,    0.01,    1.37,    0.00, 0
29, 2757, 1, 29,  4.54, 12.20, 58.07,  132.18, 5000.00,    0.01,    1.37,    0.00, 0
29, 2758, 1, 29,  4.57, 12.27, 58.96,  132.08, 5000.00,    0.01,    1.36,    0.00, 0
29, 2759, 1, 29,  4.53, 12.39, 60.21,  132.04, 5000.00,    0.01,    1.35,    0.00, 0
29, 2760, 1, 29,  4.52, 12.52, 61.96,  132.02, 5000.00,    0.01,    1.34,    0.00, 0
29, 2761, 1, 29,  4.31, 12.64, 64.26,  132.02, 5000.00,    0.01,    1.35,    0.00, 0
29, 2762, 1, 29,  4.34, 12.64, 67.35,  132.02, 5000.00,    0.01,    1.34,    0.00, 0
29, 2763, 1, 29,  4.23, 12.72, 70.16,  131.86, 5000.00,    0.01,    1.30,    0.00, 0
29, 2764, 1, 29,  4.17, 12.82, 72.00,  131.68, 5000.00,    0.01,    1.28,    0.00, 0
29, 2765, 1, 29,  4.16, 12.91, 73.23,  131.50, 5000.00,    0.01,    1.26,    0.00, 0
29, 2766, 1, 29,  4.13, 12.95, 74.12,  131.35, 5000.00,    0.01,    1.24,    0.00, 0
29, 2767, 1, 29,  4.13, 13.02, 74.79,  131.20, 5000.00,    0.01,    1.23,    0.00, 0
29, 2768, 1, 29,  4.14, 13.07, 75.33,  131.07, 5000.00,    0.01,    1.21,    0.00, 0
29, 2769, 1, 29,  4.15, 13.10, 75.72,  130.98, 5000.00,    0.01,    1.21,    0.00, 0
29, 2770, 1, 29,  4.17, 13.00, 75.88,  131.12, 5000.00,    0.01,    1.24,    0.00, 0
29, 2771, 1, 29,  4.14, 13.10, 76.07,  130.90, 5000.00,    0.01,    1.21,    0.00, 0
29, 2772, 1, 29,  4.12, 13.01, 76.15,  131.08, 5000.00,    0.01,    1.23,    0.00, 0
29, 2773, 1, 29,  3.23, 12.21, 56.53,  132.39, 5000.00,    0.01,    1.36,    0.00, 0
29, 2774, 1, 29,  3.15, 12.29, 56.61,  132.26, 5000.00,    0.01,    1.35,    0.00, 0
29, 2775, 1, 29,  3.10, 12.41, 56.77,  132.06, 5000.00,    0.01,    1.32,    0.00, 0
29, 2776, 1, 29,  3.17, 12.29, 57.01,  132.28, 5000.00,    0.01,    1.36,    0.00, 0
29, 2777, 1, 29,  3.13, 12.34, 57.39,  132.22, 5000.00,    0.01,    1.35,    0.00, 0
29, 2778, 1, 29,  3.14, 12.35, 57.87,  132.21, 5000.00,    0.01,    1.35,    0.00, 0
29, 2779, 1, 29,  2.97, 12.45, 58.50,  132.14, 5000.00,    0.01,    1.34,    0.00, 0
29, 2780, 1, 29,  3.06, 12.48, 59.40,  132.17, 5000.00,    0.01,    1.35,    0.00, 0
29, 2781, 1, 29,  3.04, 12.50, 60.66,  132.20, 5000.00,    0.01,    1.36,    0.00, 0
29, 2782, 1, 29,  3.00, 12.60, 62.35,  132.12, 5000.00,    0.01,    1.35,    0.00, 0
29, 2783, 1, 29,  2.76, 12.75, 64.58,  132.09, 5000.00,    0.01,    1.35,    0.00, 0
29, 2784, 1, 29,  2.80, 12.90, 67.62,  132.05, 5000.00,    0.01,    1.34,    0.00, 0
29, 2785, 1, 29,  2.72, 13.13, 70.35,  131.89, 5000.00,    0.01,    1.32,    0.00, 0
29, 2786, 1, 29,  2.64, 13.23, 72.15,  131.73, 5000.00,    0.01,    1.30,    0.00, 0
29, 2787, 1, 29,  2.60, 13.27, 73.36,  131.58, 5000.00,    0.01,    1.28,    0.00, 0
29, 2788, 1, 29,  2.57, 13.35, 74.23,  131.45, 5000.00,    0.01,    1.27,    0.00, 0
29, 2789, 1, 29,  2.54, 13.36, 74.87,  131.34, 5000.00,    0.01,    1.26,    0.00, 0
29, 2790, 1, 29,  2.52, 13.40, 75.40,  131.25, 5000.00,    0.01,    1.25,    0.00, 0
29, 2791, 1, 29,  2.52, 13.41, 75.79,  131.20, 5000.00,    0.01,    1.25,    0.00, 0
29, 2792, 1, 29,  2.52, 13.44, 76.02,  131.09, 5000.00,    0.01,    1.23,    0.00, 0
29, 2793, 1, 29,  2.52, 13.48, 76.19,  130.97, 5000.00,    0.01,    1.22,    0.00, 0
29, 2794, 1, 29,  2.54, 13.35, 76.21,  131.23, 5000.00,    0.01,    1.27,    0.00, 0
29, 2795, 1, 29,  2.34, 12.35, 57.02,  132.37, 5000.00,    0.01,    1.36,    0.00, 0
29, 2796, 1, 29,  2.26, 12.40, 57.10,  132.30, 5000.00,    0.01,    1.36,    0.00, 0
29, 2797, 1, 29,  2.23, 12.42, 57.22,  132.28, 5000.00,    0.01,    1.36,    0.00, 0
29, 2798, 1, 29,  2.29, 12.39, 57.52,  132.33, 5000.00,    0.01,    1.37,    0.00, 0
29, 2799, 1, 29,  2.21, 12.49, 57.85,  132.18, 5000.00,    0.01,    1.35,    0.00, 0
29, 2800, 1, 29,  2.20, 12.50, 58.34,  132.20, 5000.00,    0.01,    1.36,    0.00, 0
29, 2801, 1, 29,  2.03, 12.59, 58.93,  132.14, 5000.00,    0.01,    1.36,    0.00, 0
29, 2802, 1, 29,  2.10, 12.56, 59.83,  132.21, 5000.00,    0.01,    1.36,    0.00, 0
29, 2803, 1, 29,  2.08, 12.59, 61.07,  132.24, 5000.00,    0.01,    1.37,    0.00, 0
29, 2804, 1, 29,  2.04, 12.67, 62.79,  132.24, 5000.00,    0.01,    1.37,    0.00, 0
29, 2805, 1, 29,  1.78, 12.81, 64.86,  132.23, 5000.00,    0.01,    1.37,    0.00, 0
29, 2806, 1, 29,  1.83, 12.95, 67.95,  132.23, 5000.00,    0.01,    1.37,    0.00, 0
29, 2807, 1, 29,  1.73, 13.12, 70.49,  132.11, 5000.00,    0.01,    1.35,    0.00, 0
29, 2808, 1, 29,  1.65, 13.24, 72.26,  131.97, 5000.00,    0.01,    1.34,    0.00, 0
29, 2809, 1, 29,  1.62, 13.37, 73.45,  131.80, 5000.00,    0.01,    1.32,    0.00, 0
29, 2810, 1, 29,  1.57, 13.46, 74.31,  131.67, 5000.00,    0.01,    1.30,    0.00, 0
29, 2811, 1, 29,  1.54, 13.49, 74.96,  131.53, 5000.00,    0.01,    1.29,    0.00, 0
29, 2812, 1, 29,  1.51, 13.56, 75.48,  131.38, 5000.00,    0.01,    1.28,    0.00, 0
29, 2813, 1, 29,  1.51, 13.62, 75.87,  131.25, 5000.00,    0.01,    1.27,    0.00, 0
29, 2814, 1, 29,  1.52, 13.52, 76.02,  131.43, 5000.00,    0.01,    1.30,    0.00, 0
29, 2815, 1, 29,  1.50, 13.61, 76.22,  131.21, 5000.00,    0.01,    1.27,    0.00, 0
29, 2816, 1, 29,  1.50, 13.54, 76.29,  131.34, 5000.00,    0.01,    1.29,    0.00, 0
29, 2817, 1, 29,  1.84, 12.38, 57.34,  132.38, 5000.00,    0.01,    1.36,    0.00, 0
29, 2818, 1, 29,  1.77, 12.44, 57.41,  132.28, 5000.00,    0.01,    1.36,    0.00, 0
29, 2819, 1, 29,  1.74, 12.42, 57.56,  132.34, 5000.00,    0.01,    1.37,    0.00, 0
29, 2820, 1, 29,  1.80, 12.42, 57.85,  132.35, 5000.00,    0.01,    1.36,    0.00, 0
29, 2821, 1, 29,  1.76, 12.79, 58.16,  132.23, 5000.00,    0.01,    1.37,    0.00, 0
29, 2822, 1, 29,  1.70, 12.49, 58.64,  132.28, 5000.00,    0.01,    1.36,    0.00, 0
29, 2823, 1, 29,  1.52, 12.60, 59.20,  132.20, 5000.00,    0.01,    1.35,    0.00, 0
29, 2824, 1, 29,  1.59, 12.60, 60.11,  132.31, 5000.00,    0.01,    1.37,    0.00, 0
29, 2825, 1, 29,  1.58, 12.61, 61.34,  132.40, 5000.00,    0.01,    1.38,    0.00, 0
29, 2826, 1, 29,  1.53, 12.70, 63.10,  132.40, 5000.00,    0.01,    1.38,    0.00, 0
29, 2827, 1, 29,  1.28, 12.84, 64.91,  132.37, 5000.00,    0.01,    1.39,    0.00, 0
29, 2828, 1, 29,  1.30, 12.90, 68.08,  132.46, 5000.00,    0.01,    1.39,    0.00, 0
29, 2829, 1, 29,  1.20, 13.05, 70.59,  132.37, 5000.00,    0.01,    1.39,    0.00, 0
29, 2830, 1, 29,  1.12, 13.16, 72.29,  132.28, 5000.00,    0.01,    1.38,    0.00, 0
29, 2831, 1, 29,  1.09, 13.24, 73.49,  132.15, 5000.00,    0.01,    1.37,    0.00, 0
29, 2832, 1, 29,  1.04, 13.36, 74.33,  131.99, 5000.00,    0.01,    1.35,    0.00, 0
29, 2833, 1, 29,  1.01, 13.45, 74.96,  131.92, 5000.00,    0.01,    1.35,    0.00, 0
29, 2834, 1, 29,  0.97, 13.46, 75.47,  131.83, 5000.00,    0.01,    1.34,    0.00, 0
29, 2835, 1, 29,  0.96, 13.51, 75.86,  131.71, 5000.00,    0.01,    1.33,    0.00, 0
29, 2836, 1, 29,  0.95, 13.52, 76.14,  131.64, 5000.00,    0.01,    1.32,    0.00, 0
29, 2837, 1, 29,  0.94, 13.57, 76.32,  131.51, 5000.00,    0.01,    1.31,    0.00, 0
29, 2838, 1, 29,  0.93, 13.57, 76.41,  131.51, 5000.00,    0.01,    1.31,    0.00, 0
29, 2839, 1, 29,  1.64, 12.40, 57.40,  132.45, 5000.00,    0.01,    1.37,    0.00, 0
29, 2840, 1, 29,  1.59, 12.27, 57.60,  132.69, 5000.00,    0.01,    1.41,    0.00, 0
29, 2841, 1, 29,  1.54, 12.28, 57.73,  132.69, 5000.00,    0.01,    1.40,    0.00, 0
29, 2842, 1, 29,  1.57, 12.44, 57.89,  132.36, 5000.00,    0.01,    1.37,    0.00, 0
29, 2843, 1, 29,  1.53, 12.38, 58.19,  132.50, 5000.00,    0.01,    1.38,    0.00, 0
29, 2844, 1, 29,  1.51, 12.36, 58.79,  132.65, 5000.00,    0.01,    1.41,    0.00, 0
29, 2845, 1, 29,  1.30, 12.33, 59.44,  132.99, 5000.00,    0.01,    1.41,    0.00, 0
29, 2846, 1, 29,  1.38, 12.65, 60.02,  132.30, 5000.00,    0.01,    1.37,    0.00, 0
29, 2847, 1, 29,  1.37, 12.53, 61.69,  132.71, 5000.00,    0.01,    1.41,    0.00, 0
29, 2848, 1, 29,  1.31, 12.62, 63.41,  132.71, 5000.00,    0.01,    1.41,    0.00, 0
29, 2849, 1, 29,  1.03, 12.63, 65.43,  133.03, 5000.00,    0.01,    1.46,    0.00, 0
29, 2850, 1, 29,  1.09, 12.82, 67.96,  132.70, 5000.00,    0.01,    1.43,    0.00, 0
29, 2851, 1, 29,  0.99, 12.89, 70.65,  132.84, 5000.00,    0.01,    1.45,    0.00, 0
29, 2852, 1, 29,  0.92, 12.99, 72.31,  132.76, 5000.00,    0.01,    1.44,    0.00, 0
29, 2853, 1, 29,  0.89, 13.05, 73.49,  132.70, 5000.00,    0.01,    1.43,    0.00, 0
29, 2854, 1, 29,  0.84, 13.14, 74.46,  132.61, 5000.00,    0.01,    1.43,    0.00, 0
29, 2855, 1, 29,  0.81, 13.12, 74.95,  132.65, 5000.00,    0.01,    1.43,    0.00, 0
29, 2856, 1, 29,  0.78, 13.16, 75.49,  132.58, 5000.00,    0.01,    1.43,    0.00, 0
29, 2857, 1, 29,  0.77, 13.19, 75.83,  132.49, 5000.00,    0.01,    1.42,    0.00, 0
29, 2858, 1, 29,  0.76, 13.25, 76.18,  132.33, 5000.00,    0.01,    1.42,    0.00, 0
29, 2859, 1, 29,  0.76, 13.37, 76.42,  132.05, 5000.00,    0.02,    1.40,    0.00, 0
29, 2860, 1, 29,  0.75, 13.42, 76.54,  131.92, 5000.00,    0.02,    1.40,    0.00, 0
29, 2861, 1, 29, 13.00,  5.03, 56.23,  132.51, 5000.00,    0.01,    1.49,    0.00, 0
29, 2862, 1, 29, 13.04,  5.06, 56.34,  132.45, 5000.00,    0.01,    1.48,    0.00, 0
29, 2863, 1, 29, 13.12,  5.06, 56.48,  132.35, 5000.00,    0.01,    1.46,    0.00, 0
29, 2864, 1, 29, 13.14,  4.80, 56.73,  132.56, 5000.00,    0.01,    1.50,    0.00, 0
29, 2865, 1, 29, 13.21,  4.77, 57.19,  132.48, 5000.00,    0.01,    1.48,    0.00, 0
29, 2866, 1, 29, 13.20,  4.56, 57.64,  132.72, 5000.00,    0.02,    1.51,    0.00, 0
29, 2867, 1, 29, 13.25,  4.56, 58.29,  132.79, 5000.00,    0.02,    1.53,    0.00, 0
29, 2868, 1, 29, 13.38,  4.79, 59.09,  132.48, 5000.00,    0.01,    1.47,    0.00, 0
29, 2869, 1, 29, 13.19,  4.75, 60.50,  132.79, 5000.00,    0.02,    1.53,    0.00, 0
29, 2870, 1, 29, 13.19,  4.72, 62.19,  132.89, 5000.00,    0.02,    1.55,    0.00, 0
29, 2871, 1, 29, 13.13,  4.69, 64.42,  132.97, 5000.00,    0.02,    1.55,    0.00, 0
29, 2872, 1, 29, 13.12,  4.67, 67.28,  133.01, 5000.00,    0.02,    1.55,    0.00, 0
29, 2873, 1, 29, 13.14,  4.67, 69.81,  132.97, 5000.00,    0.02,    1.54,    0.00, 0
29, 2874, 1, 29, 13.16,  4.68, 71.59,  132.88, 5000.00,    0.02,    1.53,    0.00, 0
29, 2875, 1, 29, 13.18,  4.68, 72.81,  132.82, 5000.00,    0.02,    1.52,    0.00, 0
29, 2876, 1, 29, 13.20,  4.69, 73.64,  132.73, 5000.00,    0.02,    1.51,    0.00, 0
29, 2877, 1, 29, 13.46,  4.93, 74.54,  132.10, 5000.00,    0.01,    1.38,    0.00, 0
29, 2878, 1, 29, 13.47,  4.93, 75.05,  132.06, 5000.00,    0.01,    1.37,    0.00, 0
29, 2879, 1, 29, 13.47,  4.92, 75.39,  132.04, 5000.00,    0.01,    1.38,    0.00, 0
29, 2880, 1, 29, 13.46,  4.91, 75.71,  132.04, 5000.00,    0.01,    1.38,    0.00, 0
29, 2881, 1, 29, 13.38,  4.89, 75.86,  132.14, 5000.00,    0.01,    1.40,    0.00, 0
29, 2882, 1, 29, 13.40,  4.90, 75.98,  132.11, 5000.00,    0.01,    1.41,    0.00, 0
29, 2883, 1, 29, 13.07,  5.17, 56.17,  132.32, 5000.00,    0.01,    1.45,    0.00, 0
29, 2884, 1, 29, 13.09,  5.18, 56.28,  132.28, 5000.00,    0.01,    1.44,    0.00, 0
29, 2885, 1, 29, 13.13,  5.19, 56.38,  132.22, 5000.00,    0.01,    1.43,    0.00, 0
29, 2886, 1, 29, 13.25,  4.98, 56.61,  132.21, 5000.00,    0.01,    1.43,    0.00, 0
29, 2887, 1, 29, 13.29,  4.94, 56.98,  132.20, 5000.00,    0.01,    1.43,    0.00, 0
29, 2888, 1, 29, 13.36,  4.75, 57.49,  132.39, 5000.00,    0.01,    1.46,    0.00, 0
29, 2889, 1, 29, 13.35,  4.73, 58.18,  132.46, 5000.00,    0.01,    1.47,    0.00, 0
29, 2890, 1, 29, 13.34,  4.93, 59.07,  132.39, 5000.00,    0.01,    1.46,    0.00, 0
29, 2891, 1, 29, 13.32,  4.92, 60.26,  132.44, 5000.00,    0.01,    1.47,    0.00, 0
29, 2892, 1, 29, 13.28,  4.89, 62.05,  132.58, 5000.00,    0.02,    1.50,    0.00, 0
29, 2893, 1, 29, 13.26,  4.88, 64.28,  132.65, 5000.00,    0.02,    1.50,    0.00, 0
29, 2894, 1, 29, 13.21,  4.84, 67.22,  132.68, 5000.00,    0.02,    1.50,    0.00, 0
29, 2895, 1, 29, 13.25,  4.85, 69.93,  132.59, 5000.00,    0.02,    1.48,    0.00, 0
29, 2896, 1, 29, 13.32,  4.87, 71.75,  132.45, 5000.00,    0.02,    1.46,    0.00, 0
29, 2897, 1, 29, 13.36,  4.86, 72.96,  132.33, 5000.00,    0.01,    1.44,    0.00, 0
29, 2898, 1, 29, 13.43,  4.89, 73.91,  132.18, 5000.00,    0.01,    1.41,    0.00, 0
29, 2899, 1, 29, 13.47,  5.07, 74.55,  131.97, 5000.00,    0.01,    1.38,    0.00, 0
29, 2900, 1, 29, 13.49,  5.07, 75.08,  131.93, 5000.00,    0.01,    1.37,    0.00, 0
29, 2901, 1, 29, 13.49,  5.07, 75.42,  131.90, 5000.00,    0.01,    1.37,    0.00, 0
29, 2902, 1, 29, 13.47,  5.06, 75.72,  131.92, 5000.00,    0.01,    1.38,    0.00, 0
29, 2903, 1, 29, 13.31,  5.03, 75.87,  132.11, 5000.00,    0.01,    1.40,    0.00, 0
29, 2904, 1, 29, 13.34,  5.05, 75.98,  132.07, 5000.00,    0.01,    1.42,    0.00, 0
29, 2905, 1, 29, 13.08,  5.39, 56.16,  132.27, 5000.00,    0.01,    1.44,    0.00, 0
29, 2906, 1, 29, 13.10,  5.41, 56.26,  132.24, 5000.00,    0.01,    1.44,    0.00, 0
29, 2907, 1, 29, 13.12,  5.41, 56.38,  132.20, 5000.00,    0.01,    1.43,    0.00, 0
29, 2908, 1, 29, 13.25,  5.19, 56.63,  132.21, 5000.00,    0.01,    1.43,    0.00, 0
29, 2909, 1, 29, 13.25,  5.15, 57.05,  132.24, 5000.00,    0.01,    1.44,    0.00, 0
29, 2910, 1, 29, 13.36,  4.98, 57.47,  132.22, 5000.00,    0.01,    1.43,    0.00, 0
29, 2911, 1, 29, 13.40,  4.98, 58.16,  132.29, 5000.00,    0.01,    1.45,    0.00, 0
29, 2912, 1, 29, 13.29,  5.16, 59.11,  132.38, 5000.00,    0.01,    1.46,    0.00, 0
29, 2913, 1, 29, 13.31,  5.15, 60.31,  132.37, 5000.00,    0.01,    1.46,    0.00, 0
29, 2914, 1, 29, 13.28,  5.12, 62.06,  132.47, 5000.00,    0.01,    1.48,    0.00, 0
29, 2915, 1, 29, 13.26,  5.12, 64.30,  132.52, 5000.00,    0.01,    1.49,    0.00, 0
29, 2916, 1, 29, 13.21,  5.08, 67.24,  132.53, 5000.00,    0.01,    1.48,    0.00, 0
29, 2917, 1, 29, 13.25,  5.08, 69.95,  132.43, 5000.00,    0.01,    1.46,    0.00, 0
29, 2918, 1, 29, 13.31,  5.10, 71.77,  132.29, 5000.00,    0.01,    1.43,    0.00, 0
29, 2919, 1, 29, 13.37,  5.09, 73.00,  132.16, 5000.00,    0.01,    1.41,    0.00, 0
29, 2920, 1, 29, 13.43,  5.12, 73.93,  132.03, 5000.00,    0.01,    1.39,    0.00, 0
29, 2921, 1, 29, 13.39,  5.26, 74.55,  131.94, 5000.00,    0.01,    1.37,    0.00, 0
29, 2922, 1, 29, 13.40,  5.26, 75.10,  131.89, 5000.00,    0.01,    1.37,    0.00, 0
29, 2923, 1, 29, 13.41,  5.26, 75.44,  131.87, 5000.00,    0.01,    1.36,    0.00, 0
29, 2924, 1, 29, 13.24,  5.23, 75.71,  132.04, 5000.00,    0.01,    1.38,    0.00, 0
29, 2925, 1, 29, 13.19,  5.25, 75.88,  132.08, 5000.00,    0.01,    1.41,    0.00, 0
29, 2926, 1, 29, 13.24,  5.29, 75.99,  131.98, 5000.00,    0.01,    1.43,    0.00, 0
29, 2927, 1, 29, 12.84,  5.69, 56.14,  132.31, 5000.00,    0.01,    1.44,    0.00, 0
29, 2928, 1, 29, 12.90,  5.72, 56.22,  132.26, 5000.00,    0.01,    1.44,    0.00, 0
29, 2929, 1, 29, 12.93,  5.72, 56.35,  132.23, 5000.00,    0.01,    1.43,    0.00, 0
29, 2930, 1, 29, 13.08,  5.50, 56.62,  132.13, 5000.00,    0.01,    1.41,    0.00, 0
29, 2931, 1, 29, 13.10,  5.48, 57.02,  132.19, 5000.00,    0.01,    1.43,    0.00, 0
29, 2932, 1, 29, 13.19,  5.30, 57.50,  132.21, 5000.00,    0.01,    1.43,    0.00, 0
29, 2933, 1, 29, 13.15,  5.29, 58.23,  132.31, 5000.00,    0.01,    1.46,    0.00, 0
29, 2934, 1, 29, 13.06,  5.47, 59.12,  132.35, 5000.00,    0.01,    1.46,    0.00, 0
29, 2935, 1, 29, 13.06,  5.46, 60.38,  132.38, 5000.00,    0.01,    1.46,    0.00, 0
29, 2936, 1, 29, 13.06,  5.45, 62.12,  132.44, 5000.00,    0.01,    1.48,    0.00, 0
29, 2937, 1, 29, 13.05,  5.46, 64.35,  132.47, 5000.00,    0.01,    1.48,    0.00, 0
29, 2938, 1, 29, 13.03,  5.42, 67.25,  132.47, 5000.00,    0.01,    1.47,    0.00, 0
29, 2939, 1, 29, 13.07,  5.43, 69.90,  132.37, 5000.00,    0.01,    1.45,    0.00, 0
29, 2940, 1, 29, 13.14,  5.44, 71.76,  132.24, 5000.00,    0.01,    1.43,    0.00, 0
29, 2941, 1, 29, 13.18,  5.43, 72.97,  132.13, 5000.00,    0.01,    1.41,    0.00, 0
29, 2942, 1, 29, 13.22,  5.44, 73.87,  132.04, 5000.00,    0.01,    1.39,    0.00, 0
29, 2943, 1, 29, 13.10,  5.61, 74.48,  132.06, 5000.00,    0.01,    1.39,    0.00, 0
29, 2944, 1, 29, 13.08,  5.61, 75.02,  132.02, 5000.00,    0.01,    1.39,    0.00, 0
29, 2945, 1, 29, 13.22,  5.60, 75.48,  131.83, 5000.00,    0.01,    1.36,    0.00, 0
29, 2946, 1, 29, 13.19,  5.60, 75.77,  131.81, 5000.00,    0.01,    1.37,    0.00, 0
29, 2947, 1, 29, 13.17,  5.65, 75.95,  131.71, 5000.00,    0.01,    1.35,    0.00, 0
29, 2948, 1, 29, 13.23,  5.66, 76.02,  131.68, 5000.00,    0.02,    1.40,    0.00, 0
29, 2949, 1, 29, 12.61,  6.27, 56.24,  132.27, 5000.00,    0.01,    1.44,    0.00, 0
29, 2950, 1, 29, 12.67,  6.29, 56.32,  132.17, 5000.00,    0.01,    1.42,    0.00, 0
29, 2951, 1, 29, 12.67,  6.29, 56.45,  132.17, 5000.00,    0.01,    1.42,    0.00, 0
29, 2952, 1, 29, 12.74,  6.07, 56.75,  132.24, 5000.00,    0.01,    1.44,    0.00, 0
29, 2953, 1, 29, 12.78,  6.06, 57.14,  132.19, 5000.00,    0.01,    1.44,    0.00, 0
29, 2954, 1, 29, 12.91,  5.89, 57.62,  132.16, 5000.00,    0.01,    1.43,    0.00, 0
29, 2955, 1, 29, 12.93,  5.90, 58.30,  132.18, 5000.00,    0.01,    1.43,    0.00, 0
29, 2956, 1, 29, 12.90,  6.05, 59.18,  132.16, 5000.00,    0.01,    1.43,    0.00, 0
29, 2957, 1, 29, 12.87,  6.07, 60.43,  132.19, 5000.00,    0.01,    1.43,    0.00, 0
29, 2958, 1, 29, 12.87,  6.06, 62.15,  132.23, 5000.00,    0.01,    1.44,    0.00, 0
29, 2959, 1, 29, 12.85,  6.08, 64.41,  132.26, 5000.00,    0.01,    1.44,    0.00, 0
29, 2960, 1, 29, 12.83,  6.04, 67.34,  132.26, 5000.00,    0.01,    1.43,    0.00, 0
29, 2961, 1, 29, 12.87,  6.05, 70.01,  132.17, 5000.00,    0.01,    1.41,    0.00, 0
29, 2962, 1, 29, 12.92,  6.06, 71.81,  132.07, 5000.00,    0.01,    1.40,    0.00, 0
29, 2963, 1, 29, 12.96,  6.05, 73.04,  131.97, 5000.00,    0.01,    1.38,    0.00, 0
29, 2964, 1, 29, 13.01,  6.07, 73.96,  131.86, 5000.00,    0.01,    1.36,    0.00, 0
29, 2965, 1, 29, 13.00,  6.23, 74.61,  131.74, 5000.00,    0.01,    1.34,    0.00, 0
29, 2966, 1, 29, 13.03,  6.25, 75.18,  131.63, 5000.00,    0.01,    1.33,    0.00, 0
29, 2967, 1, 29, 13.03,  6.26, 75.52,  131.57, 5000.00,    0.01,    1.32,    0.00, 0
29, 2968, 1, 29, 12.98,  6.25, 75.79,  131.60, 5000.00,    0.01,    1.33,    0.00, 0
29, 2969, 1, 29, 13.05,  6.28, 76.00,  131.39, 5000.00,    0.01,    1.29,    0.00, 0
29, 2970, 1, 29, 13.02,  6.29, 76.05,  131.50, 5000.00,    0.02,    1.38,    0.00, 0
29, 2971, 1, 29, 12.06,  7.34, 56.13,  132.25, 5000.00,    0.01,    1.44,    0.00, 0
29, 2972, 1, 29, 12.20,  7.36, 56.20,  132.04, 5000.00,    0.01,    1.40,    0.00, 0
29, 2973, 1, 29, 12.18,  7.37, 56.34,  132.07, 5000.00,    0.01,    1.40,    0.00, 0
29, 2974, 1, 29, 12.29,  7.19, 56.59,  132.08, 5000.00,    0.01,    1.41,    0.00, 0
29, 2975, 1, 29, 12.29,  7.17, 56.99,  132.09, 5000.00,    0.01,    1.41,    0.00, 0
29, 2976, 1, 29, 12.39,  7.03, 57.47,  132.09, 5000.00,    0.01,    1.41,    0.00, 0
29, 2977, 1, 29, 12.36,  7.03, 58.13,  132.08, 5000.00,    0.01,    1.41,    0.00, 0
29, 2978, 1, 29, 12.32,  7.15, 59.02,  132.05, 5000.00,    0.01,    1.41,    0.00, 0
29, 2979, 1, 29, 12.31,  7.17, 60.26,  132.06, 5000.00,    0.01,    1.41,    0.00, 0
29, 2980, 1, 29, 12.33,  7.17, 61.99,  132.06, 5000.00,    0.01,    1.41,    0.00, 0
29, 2981, 1, 29, 12.30,  7.22, 64.25,  132.07, 5000.00,    0.01,    1.41,    0.00, 0
29, 2982, 1, 29, 12.28,  7.17, 67.22,  132.07, 5000.00,    0.01,    1.40,    0.00, 0
29, 2983, 1, 29, 12.32,  7.18, 69.90,  131.98, 5000.00,    0.01,    1.38,    0.00, 0
29, 2984, 1, 29, 12.37,  7.20, 71.76,  131.88, 5000.00,    0.01,    1.36,    0.00, 0
29, 2985, 1, 29, 12.42,  7.20, 72.97,  131.77, 5000.00,    0.01,    1.34,    0.00, 0
29, 2986, 1, 29, 12.46,  7.22, 73.87,  131.66, 5000.00,    0.01,    1.33,    0.00, 0
29, 2987, 1, 29, 12.42,  7.36, 74.54,  131.57, 5000.00,    0.01,    1.31,    0.00, 0
29, 2988, 1, 29, 12.46,  7.38, 75.09,  131.44, 5000.00,    0.01,    1.29,    0.00, 0
29, 2989, 1, 29, 12.48,  7.40, 75.49,  131.35, 5000.00,    0.01,    1.28,    0.00, 0
29, 2990, 1, 29, 12.48,  7.41, 75.74,  131.32, 5000.00,    0.01,    1.28,    0.00, 0
29, 2991, 1, 29, 12.61,  7.51, 75.88,  131.25, 5000.00,    0.01,    1.28,    0.00, 0
29, 2992, 1, 29, 12.48,  7.44, 75.97,  131.24, 5000.00,    0.01,    1.28,    0.00, 0
29, 2993, 1, 29, 10.56,  9.34, 55.97,  132.21, 5000.00,    0.01,    1.44,    0.00, 0
29, 2994, 1, 29, 10.77,  9.29, 56.03,  132.01, 5000.00,    0.01,    1.39,    0.00, 0
29, 2995, 1, 29, 10.77,  9.30, 56.16,  132.00, 5000.00,    0.01,    1.38,    0.00, 0
29, 2996, 1, 29, 10.82,  9.18, 56.44,  132.06, 5000.00,    0.01,    1.40,    0.00, 0
29, 2997, 1, 29, 10.85,  9.18, 56.83,  132.04, 5000.00,    0.01,    1.40,    0.00, 0
29, 2998, 1, 29, 10.97,  9.09, 57.32,  132.01, 5000.00,    0.01,    1.39,    0.00, 0
29, 2999, 1, 29, 10.91,  9.11, 57.97,  131.99, 5000.00,    0.01,    1.39,    0.00, 0
29, 3000, 1, 29, 10.89,  9.19, 58.86,  131.96, 5000.00,    0.01,    1.39,    0.00, 0
29, 3001, 1, 29, 10.88,  9.21, 60.11,  131.95, 5000.00,    0.01,    1.38,    0.00, 0
29, 3002, 1, 29, 10.90,  9.23, 61.85,  131.94, 5000.00,    0.01,    1.38,    0.00, 0
29, 3003, 1, 29, 10.79,  9.28, 64.15,  131.95, 5000.00,    0.01,    1.38,    0.00, 0
29, 3004, 1, 29, 10.94,  9.36, 67.20,  131.93, 5000.00,    0.01,    1.38,    0.00, 0
29, 3005, 1, 29, 10.85,  9.26, 70.00,  131.82, 5000.00,    0.01,    1.34,    0.00, 0
29, 3006, 1, 29, 10.91,  9.30, 71.83,  131.69, 5000.00,    0.01,    1.32,    0.00, 0
29, 3007, 1, 29, 10.97,  9.32, 73.07,  131.56, 5000.00,    0.01,    1.30,    0.00, 0
29, 3008, 1, 29, 11.01,  9.36, 73.96,  131.44, 5000.00,    0.01,    1.28,    0.00, 0
29, 3009, 1, 29, 10.96,  9.48, 74.63,  131.32, 5000.00,    0.01,    1.27,    0.00, 0
29, 3010, 1, 29, 10.99,  9.51, 75.17,  131.21, 5000.00,    0.01,    1.25,    0.00, 0
29, 3011, 1, 29, 11.01,  9.54, 75.56,  131.13, 5000.00,    0.01,    1.24,    0.00, 0
29, 3012, 1, 29, 10.97,  9.56, 75.77,  131.12, 5000.00,    0.01,    1.25,    0.00, 0
29, 3013, 1, 29, 11.01,  9.58, 75.93,  131.02, 5000.00,    0.01,    1.23,    0.00, 0
29, 3014, 1, 29, 10.89,  9.58, 76.00,  131.16, 5000.00,    0.01,    1.26,    0.00, 0
29, 3015, 1, 29,  7.68, 11.87, 55.90,  132.20, 5000.00,    0.01,    1.42,    0.00, 0
29, 3016, 1, 29,  7.71, 11.93, 55.98,  132.07, 5000.00,    0.01,    1.40,    0.00, 0
29, 3017, 1, 29,  7.72, 11.94, 56.13,  132.06, 5000.00,    0.01,    1.40,    0.00, 0
29, 3018, 1, 29,  7.76, 11.88, 56.41,  132.11, 5000.00,    0.01,    1.41,    0.00, 0
29, 3019, 1, 29,  7.97, 11.76, 56.77,  132.04, 5000.00,    0.01,    1.41,    0.00, 0
29, 3020, 1, 29,  8.02, 11.69, 57.27,  132.02, 5000.00,    0.01,    1.40,    0.00, 0
29, 3021, 1, 29,  7.69, 11.95, 57.95,  132.03, 5000.00,    0.01,    1.39,    0.00, 0
29, 3022, 1, 29,  7.68, 11.97, 58.86,  132.01, 5000.00,    0.01,    1.39,    0.00, 0
29, 3023, 1, 29,  7.67, 12.00, 60.12,  131.99, 5000.00,    0.01,    1.39,    0.00, 0
29, 3024, 1, 29,  7.64, 11.99, 61.87,  131.97, 5000.00,    0.01,    1.39,    0.00, 0
29, 3025, 1, 29,  7.46, 12.08, 64.17,  131.98, 5000.00,    0.01,    1.38,    0.00, 0
29, 3026, 1, 29,  7.51, 12.07, 67.23,  131.96, 5000.00,    0.01,    1.38,    0.00, 0
29, 3027, 1, 29,  7.47, 12.12, 69.97,  131.86, 5000.00,    0.01,    1.36,    0.00, 0
29, 3028, 1, 29,  7.46, 12.22, 71.84,  131.70, 5000.00,    0.01,    1.34,    0.00, 0
29, 3029, 1, 29,  7.45, 12.24, 73.09,  131.55, 5000.00,    0.01,    1.31,    0.00, 0
29, 3030, 1, 29,  7.44, 12.32, 73.99,  131.41, 5000.00,    0.01,    1.29,    0.00, 0
29, 3031, 1, 29,  7.38, 12.44, 74.67,  131.26, 5000.00,    0.01,    1.27,    0.00, 0
29, 3032, 1, 29,  7.39, 12.51, 75.23,  131.12, 5000.00,    0.01,    1.26,    0.00, 0
29, 3033, 1, 29,  7.39, 12.56, 75.64,  131.02, 5000.00,    0.01,    1.25,    0.00, 0
29, 3034, 1, 29,  7.37, 12.52, 75.82,  131.08, 5000.00,    0.01,    1.26,    0.00, 0
29, 3035, 1, 29,  7.40, 12.55, 76.01,  130.95, 5000.00,    0.01,    1.25,    0.00, 0
29, 3036, 1, 29,  7.40, 12.47, 76.09,  131.06, 5000.00,    0.01,    1.26,    0.00, 0
29, 3037, 1, 29,  4.90, 12.96, 56.20,  132.10, 5000.00,    0.01,    1.39,    0.00, 0
29, 3038, 1, 29,  4.84, 13.00, 56.33,  132.08, 5000.00,    0.01,    1.38,    0.00, 0
29, 3039, 1, 29,  4.83, 12.98, 56.45,  132.11, 5000.00,    0.01,    1.39,    0.00, 0
29, 3040, 1, 29,  4.97, 12.87, 56.72,  132.22, 5000.00,    0.01,    1.42,    0.00, 0
29, 3041, 1, 29,  4.92, 12.93, 57.11,  132.15, 5000.00,    0.01,    1.40,    0.00, 0
29, 3042, 1, 29,  4.96, 12.99, 57.61,  132.13, 5000.00,    0.01,    1.41,    0.00, 0
29, 3043, 1, 29,  4.81, 13.09, 58.25,  132.08, 5000.00,    0.01,    1.40,    0.00, 0
29, 3044, 1, 29,  4.83, 13.14, 59.12,  132.01, 5000.00,    0.01,    1.39,    0.00, 0
29, 3045, 1, 29,  4.82, 13.26, 60.36,  131.98, 5000.00,    0.01,    1.39,    0.00, 0
29, 3046, 1, 29,  4.81, 13.40, 62.10,  131.96, 5000.00,    0.01,    1.38,    0.00, 0
29, 3047, 1, 29,  4.59, 13.53, 64.37,  131.96, 5000.00,    0.01,    1.38,    0.00, 0
29, 3048, 1, 29,  4.63, 13.54, 67.43,  131.96, 5000.00,    0.01,    1.37,    0.00, 0
29, 3049, 1, 29,  4.52, 13.61, 70.19,  131.81, 5000.00,    0.01,    1.34,    0.00, 0
29, 3050, 1, 29,  4.44, 13.70, 72.02,  131.65, 5000.00,    0.01,    1.31,    0.00, 0
29, 3051, 1, 29,  4.43, 13.80, 73.24,  131.49, 5000.00,    0.01,    1.29,    0.00, 0
29, 3052, 1, 29,  4.39, 13.84, 74.12,  131.35, 5000.00,    0.01,    1.27,    0.00, 0
29, 3053, 1, 29,  4.35, 13.91, 74.78,  131.23, 5000.00,    0.01,    1.26,    0.00, 0
29, 3054, 1, 29,  4.35, 13.97, 75.32,  131.10, 5000.00,    0.01,    1.24,    0.00, 0
29, 3055, 1, 29,  4.36, 13.99, 75.71,  131.02, 5000.00,    0.01,    1.23,    0.00, 0
29, 3056, 1, 29,  4.39, 13.90, 75.88,  131.12, 5000.00,    0.01,    1.26,    0.00, 0
29, 3057, 1, 29,  4.36, 14.01, 76.06,  130.95, 5000.00,    0.01,    1.23,    0.00, 0
29, 3058, 1, 29,  4.35, 13.92, 76.14,  131.08, 5000.00,    0.01,    1.26,    0.00, 0
29, 3059, 1, 29,  3.42, 13.04, 56.56,  132.37, 5000.00,    0.01,    1.41,    0.00, 0
29, 3060, 1, 29,  3.33, 13.18, 56.61,  132.14, 5000.00,    0.01,    1.38,    0.00, 0
29, 3061, 1, 29,  3.28, 13.21, 56.72,  132.10, 5000.00,    0.01,    1.38,    0.00, 0
29, 3062, 1, 29,  3.35, 13.18, 57.02,  132.14, 5000.00,    0.01,    1.38,    0.00, 0
29, 3063, 1, 29,  3.31, 13.21, 57.39,  132.12, 5000.00,    0.01,    1.38,    0.00, 0
29, 3064, 1, 29,  3.32, 13.22, 57.88,  132.13, 5000.00,    0.01,    1.39,    0.00, 0
29, 3065, 1, 29,  3.15, 13.32, 58.50,  132.06, 5000.00,    0.01,    1.38,    0.00, 0
29, 3066, 1, 29,  3.22, 13.36, 59.41,  132.09, 5000.00,    0.01,    1.39,    0.00, 0
29, 3067, 1, 29,  3.22, 13.39, 60.66,  132.11, 5000.00,    0.01,    1.40,    0.00, 0
29, 3068, 1, 29,  3.18, 13.49, 62.37,  132.05, 5000.00,    0.01,    1.39,    0.00, 0
29, 3069, 1, 29,  2.92, 13.64, 64.58,  132.03, 5000.00,    0.01,    1.39,    0.00, 0
29, 3070, 1, 29,  2.98, 13.80, 67.61,  132.00, 5000.00,    0.01,    1.39,    0.00, 0
29, 3071, 1, 29,  2.89, 14.05, 70.32,  131.85, 5000.00,    0.01,    1.36,    0.00, 0
29, 3072, 1, 29,  2.81, 14.14, 72.13,  131.70, 5000.00,    0.01,    1.33,    0.00, 0
29, 3073, 1, 29,  2.77, 14.19, 73.34,  131.57, 5000.00,    0.01,    1.31,    0.00, 0
29, 3074, 1, 29,  2.73, 14.27, 74.20,  131.45, 5000.00,    0.01,    1.30,    0.00, 0
29, 3075, 1, 29,  2.68, 14.29, 74.86,  131.34, 5000.00,    0.01,    1.28,    0.00, 0
29, 3076, 1, 29,  2.65, 14.34, 75.40,  131.24, 5000.00,    0.01,    1.27,    0.00, 0
29, 3077, 1, 29,  2.65, 14.37, 75.77,  131.15, 5000.00,    0.01,    1.27,    0.00, 0
29, 3078, 1, 29,  2.65, 14.39, 76.02,  131.08, 5000.00,    0.01,    1.26,    0.00, 0
29, 3079, 1, 29,  2.65, 14.43, 76.18,  130.98, 5000.00,    0.01,    1.25,    0.00, 0
29, 3080, 1, 29,  2.67, 14.30, 76.20,  131.20, 5000.00,    0.01,    1.29,    0.00, 0
29, 3081, 1, 29,  2.44, 13.19, 57.07,  132.33, 5000.00,    0.01,    1.40,    0.00, 0
29, 3082, 1, 29,  2.38, 13.26, 57.11,  132.21, 5000.00,    0.01,    1.39,    0.00, 0
29, 3083, 1, 29,  2.34, 13.30, 57.22,  132.17, 5000.00,    0.01,    1.39,    0.00, 0
29, 3084, 1, 29,  2.39, 13.30, 57.51,  132.16, 5000.00,    0.01,    1.38,    0.00, 0
29, 3085, 1, 29,  2.34, 13.35, 57.86,  132.11, 5000.00,    0.01,    1.38,    0.00, 0
29, 3086, 1, 29,  2.33, 13.36, 58.34,  132.13, 5000.00,    0.01,    1.39,    0.00, 0
29, 3087, 1, 29,  2.14, 13.45, 58.93,  132.08, 5000.00,    0.01,    1.39,    0.00, 0
29, 3088, 1, 29,  2.21, 13.44, 59.84,  132.13, 5000.00,    0.01,    1.40,    0.00, 0
29, 3089, 1, 29,  2.20, 13.47, 61.07,  132.16, 5000.00,    0.01,    1.41,    0.00, 0
29, 3090, 1, 29,  2.16, 13.56, 62.79,  132.16, 5000.00,    0.01,    1.41,    0.00, 0
29, 3091, 1, 29,  1.89, 13.70, 64.85,  132.16, 5000.00,    0.01,    1.41,    0.00, 0
29, 3092, 1, 29,  1.95, 13.86, 67.93,  132.15, 5000.00,    0.01,    1.41,    0.00, 0
29, 3093, 1, 29,  1.84, 14.04, 70.47,  132.04, 5000.00,    0.01,    1.39,    0.00, 0
29, 3094, 1, 29,  1.76, 14.16, 72.23,  131.93, 5000.00,    0.01,    1.38,    0.00, 0
29, 3095, 1, 29,  1.72, 14.30, 73.43,  131.77, 5000.00,    0.01,    1.35,    0.00, 0
29, 3096, 1, 29,  1.67, 14.39, 74.28,  131.65, 5000.00,    0.01,    1.33,    0.00, 0
29, 3097, 1, 29,  1.63, 14.43, 74.94,  131.53, 5000.00,    0.01,    1.32,    0.00, 0
29, 3098, 1, 29,  1.60, 14.50, 75.46,  131.39, 5000.00,    0.01,    1.31,    0.00, 0
29, 3099, 1, 29,  1.59, 14.56, 75.85,  131.27, 5000.00,    0.01,    1.30,    0.00, 0
29, 3100, 1, 29,  1.60, 14.47, 76.02,  131.41, 5000.00,    0.01,    1.32,    0.00, 0
29, 3101, 1, 29,  1.58, 14.52, 76.19,  131.29, 5000.00,    0.01,    1.31,    0.00, 0
29, 3102, 1, 29,  1.58, 14.48, 76.28,  131.33, 5000.00,    0.01,    1.31,    0.00, 0
29, 3103, 1, 29,  1.92, 13.20, 57.37,  132.36, 5000.00,    0.01,    1.42,    0.00, 0
29, 3104, 1, 29,  1.86, 13.28, 57.43,  132.24, 5000.00,    0.01,    1.39,    0.00, 0
29, 3105, 1, 29,  1.82, 13.30, 57.55,  132.22, 5000.00,    0.01,    1.39,    0.00, 0
29, 3106, 1, 29,  1.86, 13.30, 57.83,  132.21, 5000.00,    0.01,    1.39,    0.00, 0
29, 3107, 1, 29,  1.85, 13.62, 58.18,  132.18, 5000.00,    0.01,    1.40,    0.00, 0
29, 3108, 1, 29,  1.79, 13.36, 58.65,  132.19, 5000.00,    0.01,    1.39,    0.00, 0
29, 3109, 1, 29,  1.60, 13.48, 59.19,  132.12, 5000.00,    0.01,    1.38,    0.00, 0
29, 3110, 1, 29,  1.67, 13.48, 60.11,  132.22, 5000.00,    0.01,    1.40,    0.00, 0
29, 3111, 1, 29,  1.66, 13.49, 61.35,  132.30, 5000.00,    0.01,    1.41,    0.00, 0
29, 3112, 1, 29,  1.62, 13.59, 63.09,  132.31, 5000.00,    0.01,    1.42,    0.00, 0
29, 3113, 1, 29,  1.35, 13.74, 64.89,  132.29, 5000.00,    0.01,    1.42,    0.00, 0
29, 3114, 1, 29,  1.38, 13.81, 68.06,  132.36, 5000.00,    0.01,    1.43,    0.00, 0
29, 3115, 1, 29,  1.28, 13.97, 70.57,  132.29, 5000.00,    0.01,    1.43,    0.00, 0
29, 3116, 1, 29,  1.19, 14.09, 72.27,  132.20, 5000.00,    0.01,    1.41,    0.00, 0
29, 3117, 1, 29,  1.16, 14.18, 73.48,  132.07, 5000.00,    0.01,    1.40,    0.00, 0
29, 3118, 1, 29,  1.10, 14.30, 74.32,  131.92, 5000.00,    0.01,    1.38,    0.00, 0
29, 3119, 1, 29,  1.07, 14.41, 74.96,  131.85, 5000.00,    0.01,    1.37,    0.00, 0
29, 3120, 1, 29,  1.03, 14.42, 75.47,  131.76, 5000.00,    0.01,    1.37,    0.00, 0
29, 3121, 1, 29,  1.01, 14.46, 75.84,  131.68, 5000.00,    0.01,    1.36,    0.00, 0
29, 3122, 1, 29,  1.01, 14.48, 76.14,  131.59, 5000.00,    0.01,    1.35,    0.00, 0
29, 3123, 1, 29,  0.99, 14.50, 76.30,  131.52, 5000.00,    0.01,    1.34,    0.00, 0
29, 3124, 1, 29,  0.98, 14.51, 76.41,  131.49, 5000.00,    0.01,    1.34,    0.00, 0
29, 3125, 1, 29,  1.71, 13.22, 57.45,  132.44, 5000.00,    0.01,    1.41,    0.00, 0
29, 3126, 1, 29,  1.65, 13.18, 57.57,  132.47, 5000.00,    0.01,    1.42,    0.00, 0
29, 3127, 1, 29,  1.63, 13.22, 57.64,  132.41, 5000.00,    0.01,    1.43,    0.00, 0
29, 3128, 1, 29,  1.66, 13.19, 57.99,  132.48, 5000.00,    0.01,    1.42,    0.00, 0
29, 3129, 1, 29,  1.60, 13.23, 58.30,  132.45, 5000.00,    0.01,    1.42,    0.00, 0
29, 3130, 1, 29,  1.56, 13.24, 58.88,  132.47, 5000.00,    0.01,    1.43,    0.00, 0
29, 3131, 1, 29,  1.36, 13.34, 59.42,  132.53, 5000.00,    0.01,    1.43,    0.00, 0
29, 3132, 1, 29,  1.45, 13.52, 60.02,  132.22, 5000.00,    0.01,    1.40,    0.00, 0
29, 3133, 1, 29,  1.44, 13.44, 61.64,  132.52, 5000.00,    0.01,    1.43,    0.00, 0
29, 3134, 1, 29,  1.39, 13.52, 63.30,  132.56, 5000.00,    0.01,    1.45,    0.00, 0
29, 3135, 1, 29,  1.08, 13.56, 65.36,  132.81, 5000.00,    0.01,    1.48,    0.00, 0
29, 3136, 1, 29,  1.16, 13.75, 67.95,  132.55, 5000.00,    0.01,    1.46,    0.00, 0
29, 3137, 1, 29,  1.05, 13.84, 70.63,  132.65, 5000.00,    0.01,    1.48,    0.00, 0
29, 3138, 1, 29,  0.97, 13.94, 72.30,  132.58, 5000.00,    0.01,    1.47,    0.00, 0
29, 3139, 1, 29,  0.94, 14.00, 73.48,  132.53, 5000.00,    0.01,    1.46,    0.00, 0
29, 3140, 1, 29,  0.89, 14.11, 74.46,  132.41, 5000.00,    0.01,    1.45,    0.00, 0
29, 3141, 1, 29,  0.86, 14.06, 74.94,  132.51, 5000.00,    0.01,    1.47,    0.00, 0
29, 3142, 1, 29,  0.83, 14.12, 75.47,  132.43, 5000.00,    0.01,    1.46,    0.00, 0
29, 3143, 1, 29,  0.82, 14.16, 75.81,  132.34, 5000.00,    0.01,    1.45,    0.00, 0
29, 3144, 1, 29,  0.81, 14.20, 76.15,  132.22, 5000.00,    0.01,    1.45,    0.00, 0
29, 3145, 1, 29,  0.80, 14.25, 76.37,  132.08, 5000.00,    0.02,    1.44,    0.00, 0
29, 3146, 1, 29,  0.80, 14.30, 76.51,  131.94, 5000.00,    0.02,    1.42,    0.00, 0
29, 3147, 1, 29, 13.84,  5.51, 56.28,  132.37, 5000.00,    0.01,    1.51,    0.00, 0
29, 3148, 1, 29, 13.90,  5.53, 56.45,  132.30, 5000.00,    0.01,    1.49,    0.00, 0
29, 3149, 1, 29, 13.96,  5.55, 56.50,  132.22, 5000.00,    0.01,    1.47,    0.00, 0
29, 3150, 1, 29, 14.01,  5.28, 56.74,  132.37, 5000.00,    0.01,    1.51,    0.00, 0
29, 3151, 1, 29, 14.10,  5.27, 57.18,  132.32, 5000.00,    0.01,    1.48,    0.00, 0
29, 3152, 1, 29, 14.08,  5.02, 57.67,  132.55, 5000.00,    0.02,    1.53,    0.00, 0
29, 3153, 1, 29, 14.23,  5.26, 58.23,  132.32, 5000.00,    0.01,    1.49,    0.00, 0
29, 3154, 1, 29, 14.10,  5.23, 59.24,  132.54, 5000.00,    0.02,    1.54,    0.00, 0
29, 3155, 1, 29, 14.08,  5.22, 60.48,  132.60, 5000.00,    0.02,    1.55,    0.00, 0
29, 3156, 1, 29, 14.08,  5.19, 62.21,  132.68, 5000.00,    0.02,    1.56,    0.00, 0
29, 3157, 1, 29, 14.03,  5.16, 64.39,  132.73, 5000.00,    0.02,    1.57,    0.00, 0
29, 3158, 1, 29, 14.03,  5.15, 67.26,  132.75, 5000.00,    0.02,    1.56,    0.00, 0
29, 3159, 1, 29, 14.06,  5.14, 69.87,  132.70, 5000.00,    0.02,    1.55,    0.00, 0
29, 3160, 1, 29, 14.09,  5.15, 71.67,  132.62, 5000.00,    0.02,    1.53,    0.00, 0
29, 3161, 1, 29, 14.26,  5.39, 73.04,  132.17, 5000.00,    0.01,    1.45,    0.00, 0
29, 3162, 1, 29, 14.29,  5.40, 73.91,  132.08, 5000.00,    0.01,    1.43,    0.00, 0
29, 3163, 1, 29, 14.18,  5.36, 74.36,  132.20, 5000.00,    0.01,    1.45,    0.00, 0
29, 3164, 1, 29, 14.10,  5.36, 74.88,  132.27, 5000.00,    0.01,    1.48,    0.00, 0
29, 3165, 1, 29, 14.12,  5.37, 75.27,  132.22, 5000.00,    0.01,    1.47,    0.00, 0
29, 3166, 1, 29, 14.09,  5.35, 75.56,  132.24, 5000.00,    0.01,    1.47,    0.00, 0
29, 3167, 1, 29, 13.99,  5.29, 75.79,  132.35, 5000.00,    0.01,    1.48,    0.00, 0
29, 3168, 1, 29, 14.02,  5.30, 75.91,  132.31, 5000.00,    0.01,    1.48,    0.00, 0
29, 3169, 1, 29, 13.89,  5.66, 56.22,  132.22, 5000.00,    0.01,    1.47,    0.00, 0
29, 3170, 1, 29, 13.96,  5.68, 56.29,  132.13, 5000.00,    0.01,    1.45,    0.00, 0
29, 3171, 1, 29, 13.89,  5.68, 56.49,  132.21, 5000.00,    0.01,    1.47,    0.00, 0
29, 3172, 1, 29, 14.13,  5.49, 56.62,  132.06, 5000.00,    0.01,    1.45,    0.00, 0
29, 3173, 1, 29, 14.02,  5.40, 57.19,  132.28, 5000.00,    0.01,    1.49,    0.00, 0
29, 3174, 1, 29, 14.20,  5.21, 57.53,  132.30, 5000.00,    0.01,    1.49,    0.00, 0
29, 3175, 1, 29, 14.18,  5.41, 58.20,  132.25, 5000.00,    0.01,    1.48,    0.00, 0
29, 3176, 1, 29, 14.19,  5.40, 59.07,  132.28, 5000.00,    0.01,    1.49,    0.00, 0
29, 3177, 1, 29, 14.13,  5.39, 60.38,  132.39, 5000.00,    0.01,    1.51,    0.00, 0
29, 3178, 1, 29, 14.12,  5.36, 62.09,  132.48, 5000.00,    0.02,    1.53,    0.00, 0
29, 3179, 1, 29, 14.11,  5.35, 64.31,  132.54, 5000.00,    0.02,    1.53,    0.00, 0
29, 3180, 1, 29, 14.06,  5.31, 67.25,  132.55, 5000.00,    0.02,    1.53,    0.00, 0
29, 3181, 1, 29, 14.11,  5.32, 69.94,  132.47, 5000.00,    0.02,    1.51,    0.00, 0
29, 3182, 1, 29, 14.18,  5.34, 71.82,  132.32, 5000.00,    0.02,    1.48,    0.00, 0
29, 3183, 1, 29, 14.21,  5.54, 73.04,  132.11, 5000.00,    0.01,    1.44,    0.00, 0
29, 3184, 1, 29, 14.24,  5.55, 73.91,  132.04, 5000.00,    0.01,    1.42,    0.00, 0
29, 3185, 1, 29, 14.27,  5.54, 74.52,  131.96, 5000.00,    0.01,    1.42,    0.00, 0
29, 3186, 1, 29, 14.31,  5.54, 75.07,  131.88, 5000.00,    0.01,    1.41,    0.00, 0
29, 3187, 1, 29, 14.33,  5.55, 75.45,  131.84, 5000.00,    0.01,    1.39,    0.00, 0
29, 3188, 1, 29, 14.29,  5.53, 75.72,  131.88, 5000.00,    0.01,    1.40,    0.00, 0
29, 3189, 1, 29, 14.11,  5.48, 75.86,  132.09, 5000.00,    0.01,    1.44,    0.00, 0
29, 3190, 1, 29, 14.34,  5.55, 76.07,  131.69, 5000.00,    0.01,    1.39,    0.00, 0
29, 3191, 1, 29, 13.62,  5.91, 56.12,  132.53, 5000.00,    0.01,    1.59,    0.00, 0
29, 3192, 1, 29, 13.88,  5.90, 56.11,  132.17, 5000.00,    0.01,    1.47,    0.00, 0
29, 3193, 1, 29, 13.92,  5.91, 56.26,  132.12, 5000.00,    0.01,    1.46,    0.00, 0
29, 3194, 1, 29, 14.01,  5.66, 56.55,  132.19, 5000.00,    0.01,    1.48,    0.00, 0
29, 3195, 1, 29, 14.06,  5.63, 56.91,  132.15, 5000.00,    0.01,    1.47,    0.00, 0
29, 3196, 1, 29, 14.19,  5.46, 57.36,  132.15, 5000.00,    0.01,    1.47,    0.00, 0
29, 3197, 1, 29, 14.10,  5.63, 58.12,  132.26, 5000.00,    0.01,    1.49,    0.00, 0
29, 3198, 1, 29, 14.17,  5.62, 58.96,  132.22, 5000.00,    0.01,    1.49,    0.00, 0
29, 3199, 1, 29, 14.02,  5.63, 60.34,  132.43, 5000.00,    0.01,    1.53,    0.00, 0
29, 3200, 1, 29, 14.01,  5.60, 62.12,  132.51, 5000.00,    0.01,    1.54,    0.00, 0
29, 3201, 1, 29, 14.00,  5.60, 64.34,  132.56, 5000.00,    0.01,    1.55,    0.00, 0
29, 3202, 1, 29, 13.96,  5.55, 67.20,  132.56, 5000.00,    0.02,    1.54,    0.00, 0
29, 3203, 1, 29, 14.10,  5.56, 69.90,  132.32, 5000.00,    0.01,    1.49,    0.00, 0
29, 3204, 1, 29, 14.18,  5.58, 71.80,  132.18, 5000.00,    0.01,    1.46,    0.00, 0
29, 3205, 1, 29, 14.08,  5.75, 72.94,  132.13, 5000.00,    0.01,    1.44,    0.00, 0
29, 3206, 1, 29, 14.10,  5.75, 73.82,  132.05, 5000.00,    0.01,    1.43,    0.00, 0
29, 3207, 1, 29, 14.19,  5.74, 74.51,  131.92, 5000.00,    0.01,    1.41,    0.00, 0
29, 3208, 1, 29, 14.22,  5.75, 75.08,  131.85, 5000.00,    0.01,    1.40,    0.00, 0
29, 3209, 1, 29, 14.24,  5.75, 75.47,  131.80, 5000.00,    0.01,    1.39,    0.00, 0
29, 3210, 1, 29, 14.20,  5.74, 75.75,  131.83, 5000.00,    0.01,    1.40,    0.00, 0
29, 3211, 1, 29, 14.14,  5.73, 75.91,  131.85, 5000.00,    0.01,    1.41,    0.00, 0
29, 3212, 1, 29, 14.28,  5.78, 76.08,  131.55, 5000.00,    0.02,    1.37,    0.00, 0
29, 3213, 1, 29, 13.52,  6.18, 56.09,  132.47, 5000.00,    0.01,    1.58,    0.00, 0
29, 3214, 1, 29, 13.66,  6.24, 56.07,  132.23, 5000.00,    0.01,    1.48,    0.00, 0
29, 3215, 1, 29, 13.69,  6.24, 56.22,  132.17, 5000.00,    0.01,    1.47,    0.00, 0
29, 3216, 1, 29, 13.89,  6.01, 56.51,  132.04, 5000.00,    0.01,    1.44,    0.00, 0
29, 3217, 1, 29, 13.91,  5.98, 56.88,  132.10, 5000.00,    0.01,    1.46,    0.00, 0
29, 3218, 1, 29, 14.01,  5.80, 57.38,  132.12, 5000.00,    0.01,    1.46,    0.00, 0
29, 3219, 1, 29, 13.90,  5.99, 58.10,  132.20, 5000.00,    0.01,    1.48,    0.00, 0
29, 3220, 1, 29, 13.92,  5.97, 58.99,  132.21, 5000.00,    0.01,    1.48,    0.00, 0
29, 3221, 1, 29, 13.88,  5.97, 60.28,  132.28, 5000.00,    0.01,    1.50,    0.00, 0
29, 3222, 1, 29, 13.89,  5.96, 62.04,  132.33, 5000.00,    0.01,    1.50,    0.00, 0
29, 3223, 1, 29, 13.88,  5.97, 64.28,  132.37, 5000.00,    0.01,    1.51,    0.00, 0
29, 3224, 1, 29, 13.86,  5.93, 67.18,  132.36, 5000.00,    0.01,    1.50,    0.00, 0
29, 3225, 1, 29, 13.91,  5.93, 69.84,  132.27, 5000.00,    0.01,    1.48,    0.00, 0
29, 3226, 1, 29, 13.98,  5.94, 71.72,  132.14, 5000.00,    0.01,    1.45,    0.00, 0
29, 3227, 1, 29, 13.88,  6.11, 72.91,  132.10, 5000.00,    0.01,    1.44,    0.00, 0
29, 3228, 1, 29, 14.02,  6.11, 73.89,  131.90, 5000.00,    0.01,    1.41,    0.00, 0
29, 3229, 1, 29, 13.98,  6.10, 74.51,  131.90, 5000.00,    0.01,    1.41,    0.00, 0
29, 3230, 1, 29, 14.00,  6.11, 75.08,  131.83, 5000.00,    0.01,    1.40,    0.00, 0
29, 3231, 1, 29, 14.02,  6.11, 75.48,  131.79, 5000.00,    0.01,    1.40,    0.00, 0
29, 3232, 1, 29, 14.04,  6.12, 75.81,  131.71, 5000.00,    0.01,    1.38,    0.00, 0
29, 3233, 1, 29, 14.08,  6.16, 75.98,  131.55, 5000.00,    0.01,    1.37,    0.00, 0
29, 3234, 1, 29, 14.12,  6.19, 76.09,  131.43, 5000.00,    0.02,    1.36,    0.00, 0
29, 3235, 1, 29, 13.42,  6.83, 56.26,  132.12, 5000.00,    0.01,    1.46,    0.00, 0
29, 3236, 1, 29, 13.44,  6.84, 56.37,  132.10, 5000.00,    0.01,    1.45,    0.00, 0
29, 3237, 1, 29, 13.37,  6.87, 56.54,  132.15, 5000.00,    0.01,    1.47,    0.00, 0
29, 3238, 1, 29, 13.55,  6.61, 56.80,  132.13, 5000.00,    0.01,    1.46,    0.00, 0
29, 3239, 1, 29, 13.51,  6.62, 57.26,  132.18, 5000.00,    0.01,    1.48,    0.00, 0
29, 3240, 1, 29, 13.70,  6.42, 57.70,  132.11, 5000.00,    0.01,    1.46,    0.00, 0
29, 3241, 1, 29, 13.58,  6.63, 58.35,  132.14, 5000.00,    0.01,    1.47,    0.00, 0
29, 3242, 1, 29, 13.66,  6.60, 59.23,  132.10, 5000.00,    0.01,    1.46,    0.00, 0
29, 3243, 1, 29, 13.65,  6.61, 60.48,  132.12, 5000.00,    0.01,    1.46,    0.00, 0
29, 3244, 1, 29, 13.66,  6.60, 62.21,  132.16, 5000.00,    0.01,    1.47,    0.00, 0
29, 3245, 1, 29, 13.55,  6.65, 64.51,  132.29, 5000.00,    0.01,    1.50,    0.00, 0
29, 3246, 1, 29, 13.52,  6.60, 67.36,  132.28, 5000.00,    0.01,    1.49,    0.00, 0
29, 3247, 1, 29, 13.67,  6.59, 70.00,  132.09, 5000.00,    0.01,    1.44,    0.00, 0
29, 3248, 1, 29, 13.73,  6.60, 71.87,  131.98, 5000.00,    0.01,    1.42,    0.00, 0
29, 3249, 1, 29, 13.60,  6.78, 73.01,  131.97, 5000.00,    0.01,    1.42,    0.00, 0
29, 3250, 1, 29, 13.64,  6.79, 73.91,  131.87, 5000.00,    0.01,    1.40,    0.00, 0
29, 3251, 1, 29, 13.76,  6.77, 74.61,  131.72, 5000.00,    0.01,    1.37,    0.00, 0
29, 3252, 1, 29, 13.82,  6.80, 75.18,  131.59, 5000.00,    0.01,    1.35,    0.00, 0
29, 3253, 1, 29, 13.82,  6.81, 75.51,  131.54, 5000.00,    0.01,    1.35,    0.00, 0
29, 3254, 1, 29, 13.81,  6.82, 75.83,  131.51, 5000.00,    0.01,    1.35,    0.00, 0
29, 3255, 1, 29, 13.92,  6.85, 76.03,  131.27, 5000.00,    0.01,    1.31,    0.00, 0
29, 3256, 1, 29, 13.87,  6.85, 76.11,  131.30, 5000.00,    0.01,    1.33,    0.00, 0
29, 3257, 1, 29, 12.90,  7.97, 56.14,  132.04, 5000.00,    0.01,    1.44,    0.00, 0
29, 3258, 1, 29, 12.91,  7.99, 56.24,  132.01, 5000.00,    0.01,    1.43,    0.00, 0
29, 3259, 1, 29, 12.87,  8.00, 56.37,  132.03, 5000.00,    0.01,    1.44,    0.00, 0
29, 3260, 1, 29, 13.04,  7.79, 56.63,  132.00, 5000.00,    0.01,    1.43,    0.00, 0
29, 3261, 1, 29, 13.04,  7.78, 57.03,  132.01, 5000.00,    0.01,    1.44,    0.00, 0
29, 3262, 1, 29, 13.15,  7.63, 57.51,  132.01, 5000.00,    0.01,    1.44,    0.00, 0
29, 3263, 1, 29, 13.03,  7.76, 58.18,  132.00, 5000.00,    0.01,    1.44,    0.00, 0
29, 3264, 1, 29, 13.05,  7.77, 59.07,  132.00, 5000.00,    0.01,    1.44,    0.00, 0
29, 3265, 1, 29, 13.05,  7.78, 60.30,  131.99, 5000.00,    0.01,    1.44,    0.00, 0
29, 3266, 1, 29, 13.07,  7.78, 62.03,  132.00, 5000.00,    0.01,    1.44,    0.00, 0
29, 3267, 1, 29, 13.04,  7.83, 64.29,  132.01, 5000.00,    0.01,    1.44,    0.00, 0
29, 3268, 1, 29, 13.02,  7.78, 67.24,  132.00, 5000.00,    0.01,    1.44,    0.00, 0
29, 3269, 1, 29, 13.06,  7.79, 69.91,  131.93, 5000.00,    0.01,    1.41,    0.00, 0
29, 3270, 1, 29, 13.12,  7.81, 71.76,  131.82, 5000.00,    0.01,    1.39,    0.00, 0
29, 3271, 1, 29, 12.93,  8.00, 72.92,  131.82, 5000.00,    0.01,    1.40,    0.00, 0
29, 3272, 1, 29, 12.96,  8.03, 73.80,  131.75, 5000.00,    0.01,    1.38,    0.00, 0
29, 3273, 1, 29, 13.15,  7.97, 74.53,  131.53, 5000.00,    0.01,    1.34,    0.00, 0
29, 3274, 1, 29, 13.20,  8.00, 75.09,  131.42, 5000.00,    0.01,    1.32,    0.00, 0
29, 3275, 1, 29, 13.23,  8.02, 75.49,  131.32, 5000.00,    0.01,    1.31,    0.00, 0
29, 3276, 1, 29, 13.22,  8.03, 75.73,  131.30, 5000.00,    0.01,    1.31,    0.00, 0
29, 3277, 1, 29, 13.36,  8.13, 75.89,  131.20, 5000.00,    0.01,    1.30,    0.00, 0
29, 3278, 1, 29, 13.23,  8.05, 75.98,  131.21, 5000.00,    0.01,    1.30,    0.00, 0
29, 3279, 1, 29, 11.35, 10.00, 55.98,  132.01, 5000.00,    0.01,    1.43,    0.00, 0
29, 3280, 1, 29, 11.40, 10.02, 56.06,  131.95, 5000.00,    0.01,    1.41,    0.00, 0
29, 3281, 1, 29, 11.37, 10.03, 56.19,  131.96, 5000.00,    0.01,    1.42,    0.00, 0
29, 3282, 1, 29, 11.47,  9.90, 56.48,  131.99, 5000.00,    0.01,    1.43,    0.00, 0
29, 3283, 1, 29, 11.50,  9.89, 56.86,  131.96, 5000.00,    0.01,    1.43,    0.00, 0
29, 3284, 1, 29, 11.62,  9.80, 57.36,  131.94, 5000.00,    0.01,    1.42,    0.00, 0
29, 3285, 1, 29, 11.37,  9.99, 58.04,  131.96, 5000.00,    0.01,    1.43,    0.00, 0
29, 3286, 1, 29, 11.51,  9.92, 58.90,  131.91, 5000.00,    0.01,    1.42,    0.00, 0
29, 3287, 1, 29, 11.51,  9.93, 60.15,  131.90, 5000.00,    0.01,    1.42,    0.00, 0
29, 3288, 1, 29, 11.53,  9.95, 61.89,  131.89, 5000.00,    0.01,    1.42,    0.00, 0
29, 3289, 1, 29, 11.42, 10.00, 64.19,  131.89, 5000.00,    0.01,    1.41,    0.00, 0
29, 3290, 1, 29, 11.57, 10.08, 67.22,  131.87, 5000.00,    0.01,    1.41,    0.00, 0
29, 3291, 1, 29, 11.49,  9.98, 70.00,  131.77, 5000.00,    0.01,    1.38,    0.00, 0
29, 3292, 1, 29, 11.56, 10.01, 71.84,  131.65, 5000.00,    0.01,    1.35,    0.00, 0
29, 3293, 1, 29, 11.55, 10.12, 73.08,  131.51, 5000.00,    0.01,    1.33,    0.00, 0
29, 3294, 1, 29, 11.58, 10.16, 73.96,  131.41, 5000.00,    0.01,    1.31,    0.00, 0
29, 3295, 1, 29, 11.60, 10.19, 74.63,  131.31, 5000.00,    0.01,    1.29,    0.00, 0
29, 3296, 1, 29, 11.63, 10.23, 75.17,  131.19, 5000.00,    0.01,    1.28,    0.00, 0
29, 3297, 1, 29, 11.65, 10.26, 75.57,  131.11, 5000.00,    0.01,    1.27,    0.00, 0
29, 3298, 1, 29, 11.62, 10.28, 75.77,  131.10, 5000.00,    0.01,    1.27,    0.00, 0
29, 3299, 1, 29, 11.62, 10.30, 75.92,  131.05, 5000.00,    0.01,    1.27,    0.00, 0
29, 3300, 1, 29, 11.51, 10.30, 75.99,  131.16, 5000.00,    0.01,    1.29,    0.00, 0
29, 3301, 1, 29,  8.36, 12.59, 55.89,  132.04, 5000.00,    0.01,    1.44,    0.00, 0
29, 3302, 1, 29,  8.17, 12.77, 56.01,  132.01, 5000.00,    0.01,    1.43,    0.00, 0
29, 3303, 1, 29,  8.17, 12.78, 56.14,  132.00, 5000.00,    0.01,    1.43,    0.00, 0
29, 3304, 1, 29,  8.31, 12.72, 56.43,  131.98, 5000.00,    0.01,    1.43,    0.00, 0
29, 3305, 1, 29,  8.27, 12.74, 56.82,  131.98, 5000.00,    0.01,    1.43,    0.00, 0
29, 3306, 1, 29,  8.50, 12.51, 57.30,  131.95, 5000.00,    0.01,    1.43,    0.00, 0
29, 3307, 1, 29,  8.11, 12.82, 57.98,  131.96, 5000.00,    0.00,    1.42,    0.00, 0
29, 3308, 1, 29,  8.15, 12.81, 58.89,  131.95, 5000.00,    0.00,    1.42,    0.00, 0
29, 3309, 1, 29,  8.14, 12.84, 60.15,  131.94, 5000.00,    0.00,    1.42,    0.00, 0
29, 3310, 1, 29,  8.11, 12.83, 61.91,  131.92, 5000.00,    0.00,    1.42,    0.00, 0
29, 3311, 1, 29,  7.91, 12.92, 64.20,  131.92, 5000.00,    0.01,    1.42,    0.00, 0
29, 3312, 1, 29,  7.98, 12.91, 67.24,  131.90, 5000.00,    0.01,    1.41,    0.00, 0
29, 3313, 1, 29,  7.93, 12.96, 69.97,  131.80, 5000.00,    0.01,    1.39,    0.00, 0
29, 3314, 1, 29,  7.91, 13.06, 71.83,  131.66, 5000.00,    0.01,    1.36,    0.00, 0
29, 3315, 1, 29,  7.83, 13.14, 73.09,  131.51, 5000.00,    0.01,    1.33,    0.00, 0
29, 3316, 1, 29,  7.83, 13.21, 73.99,  131.37, 5000.00,    0.01,    1.32,    0.00, 0
29, 3317, 1, 29,  7.84, 13.28, 74.68,  131.24, 5000.00,    0.01,    1.30,    0.00, 0
29, 3318, 1, 29,  7.85, 13.34, 75.24,  131.12, 5000.00,    0.01,    1.28,    0.00, 0
29, 3319, 1, 29,  7.87, 13.36, 75.64,  131.03, 5000.00,    0.01,    1.27,    0.00, 0
29, 3320, 1, 29,  7.86, 13.29, 75.80,  131.13, 5000.00,    0.01,    1.30,    0.00, 0
29, 3321, 1, 29,  7.87, 13.34, 75.99,  131.02, 5000.00,    0.01,    1.28,    0.00, 0
29, 3322, 1, 29,  7.84, 13.31, 76.08,  131.07, 5000.00,    0.01,    1.28,    0.00, 0
29, 3323, 1, 29,  5.20, 13.74, 56.26,  132.17, 5000.00,    0.01,    1.44,    0.00, 0
29, 3324, 1, 29,  5.11, 13.87, 56.34,  132.01, 5000.00,    0.01,    1.41,    0.00, 0
29, 3325, 1, 29,  5.09, 13.86, 56.46,  132.04, 5000.00,    0.01,    1.41,    0.00, 0
29, 3326, 1, 29,  5.22, 13.79, 56.75,  132.08, 5000.00,    0.01,    1.43,    0.00, 0
29, 3327, 1, 29,  5.19, 13.83, 57.13,  132.05, 5000.00,    0.01,    1.43,    0.00, 0
29, 3328, 1, 29,  5.25, 13.88, 57.62,  132.03, 5000.00,    0.01,    1.43,    0.00, 0
29, 3329, 1, 29,  5.06, 13.98, 58.27,  132.02, 5000.00,    0.01,    1.43,    0.00, 0
29, 3330, 1, 29,  5.12, 14.02, 59.16,  131.97, 5000.00,    0.01,    1.42,    0.00, 0
29, 3331, 1, 29,  5.12, 14.14, 60.40,  131.92, 5000.00,    0.01,    1.41,    0.00, 0
29, 3332, 1, 29,  5.11, 14.29, 62.13,  131.90, 5000.00,    0.00,    1.41,    0.00, 0
29, 3333, 1, 29,  4.88, 14.43, 64.40,  131.90, 5000.00,    0.01,    1.41,    0.00, 0
29, 3334, 1, 29,  4.92, 14.44, 67.43,  131.89, 5000.00,    0.01,    1.40,    0.00, 0
29, 3335, 1, 29,  4.80, 14.51, 70.18,  131.77, 5000.00,    0.01,    1.37,    0.00, 0
29, 3336, 1, 29,  4.72, 14.60, 72.01,  131.62, 5000.00,    0.01,    1.34,    0.00, 0
29, 3337, 1, 29,  4.66, 14.72, 73.23,  131.47, 5000.00,    0.01,    1.31,    0.00, 0
29, 3338, 1, 29,  4.61, 14.75, 74.11,  131.35, 5000.00,    0.01,    1.29,    0.00, 0
29, 3339, 1, 29,  4.59, 14.83, 74.77,  131.23, 5000.00,    0.01,    1.27,    0.00, 0
29, 3340, 1, 29,  4.57, 14.88, 75.31,  131.12, 5000.00,    0.01,    1.26,    0.00, 0
29, 3341, 1, 29,  4.57, 14.91, 75.70,  131.05, 5000.00,    0.01,    1.25,    0.00, 0
29, 3342, 1, 29,  4.59, 14.87, 75.90,  131.07, 5000.00,    0.01,    1.26,    0.00, 0
29, 3343, 1, 29,  4.58, 14.92, 76.07,  130.96, 5000.00,    0.01,    1.24,    0.00, 0
29, 3344, 1, 29,  4.61, 14.81, 76.14,  131.11, 5000.00,    0.01,    1.28,    0.00, 0
29, 3345, 1, 29,  3.58, 13.94, 56.55,  132.24, 5000.00,    0.01,    1.43,    0.00, 0
29, 3346, 1, 29,  3.50, 14.04, 56.61,  132.09, 5000.00,    0.01,    1.41,    0.00, 0
29, 3347, 1, 29,  3.45, 14.06, 56.73,  132.07, 5000.00,    0.01,    1.41,    0.00, 0
29, 3348, 1, 29,  3.54, 14.00, 57.00,  132.14, 5000.00,    0.01,    1.43,    0.00, 0
29, 3349, 1, 29,  3.51, 14.05, 57.39,  132.09, 5000.00,    0.01,    1.43,    0.00, 0
29, 3350, 1, 29,  3.50, 14.11, 57.88,  132.03, 5000.00,    0.01,    1.41,    0.00, 0
29, 3351, 1, 29,  3.30, 14.20, 58.51,  131.99, 5000.00,    0.01,    1.41,    0.00, 0
29, 3352, 1, 29,  3.40, 14.25, 59.42,  132.02, 5000.00,    0.01,    1.42,    0.00, 0
29, 3353, 1, 29,  3.40, 14.28, 60.67,  132.03, 5000.00,    0.01,    1.43,    0.00, 0
29, 3354, 1, 29,  3.37, 14.39, 62.38,  131.98, 5000.00,    0.01,    1.42,    0.00, 0
29, 3355, 1, 29,  3.09, 14.55, 64.59,  131.97, 5000.00,    0.01,    1.42,    0.00, 0
29, 3356, 1, 29,  3.16, 14.72, 67.60,  131.95, 5000.00,    0.01,    1.41,    0.00, 0
29, 3357, 1, 29,  3.07, 14.98, 70.30,  131.81, 5000.00,    0.01,    1.39,    0.00, 0
29, 3358, 1, 29,  2.98, 15.07, 72.11,  131.67, 5000.00,    0.01,    1.36,    0.00, 0
29, 3359, 1, 29,  2.91, 15.13, 73.33,  131.54, 5000.00,    0.01,    1.34,    0.00, 0
29, 3360, 1, 29,  2.87, 15.23, 74.21,  131.42, 5000.00,    0.01,    1.32,    0.00, 0
29, 3361, 1, 29,  2.83, 15.25, 74.88,  131.30, 5000.00,    0.01,    1.31,    0.00, 0
29, 3362, 1, 29,  2.80, 15.32, 75.41,  131.19, 5000.00,    0.01,    1.29,    0.00, 0
29, 3363, 1, 29,  2.80, 15.35, 75.79,  131.12, 5000.00,    0.01,    1.29,    0.00, 0
29, 3364, 1, 29,  2.80, 15.38, 76.00,  131.04, 5000.00,    0.01,    1.28,    0.00, 0
29, 3365, 1, 29,  2.81, 15.38, 76.15,  130.99, 5000.00,    0.01,    1.27,    0.00, 0
29, 3366, 1, 29,  2.83, 15.26, 76.20,  131.17, 5000.00,    0.01,    1.31,    0.00, 0
29, 3367, 1, 29,  2.56, 14.07, 57.06,  132.22, 5000.00,    0.01,    1.42,    0.00, 0
29, 3368, 1, 29,  2.50, 14.14, 57.10,  132.12, 5000.00,    0.01,    1.41,    0.00, 0
29, 3369, 1, 29,  2.45, 14.16, 57.22,  132.11, 5000.00,    0.01,    1.42,    0.00, 0
29, 3370, 1, 29,  2.51, 14.17, 57.52,  132.09, 5000.00,    0.01,    1.41,    0.00, 0
29, 3371, 1, 29,  2.46, 14.22, 57.87,  132.05, 5000.00,    0.01,    1.41,    0.00, 0
29, 3372, 1, 29,  2.45, 14.23, 58.35,  132.06, 5000.00,    0.01,    1.42,    0.00, 0
29, 3373, 1, 29,  2.24, 14.33, 58.94,  132.01, 5000.00,    0.01,    1.41,    0.00, 0
29, 3374, 1, 29,  2.33, 14.32, 59.84,  132.06, 5000.00,    0.01,    1.42,    0.00, 0
29, 3375, 1, 29,  2.32, 14.35, 61.08,  132.09, 5000.00,    0.01,    1.43,    0.00, 0
29, 3376, 1, 29,  2.28, 14.45, 62.80,  132.09, 5000.00,    0.01,    1.43,    0.00, 0
29, 3377, 1, 29,  1.99, 14.61, 64.85,  132.09, 5000.00,    0.01,    1.44,    0.00, 0
29, 3378, 1, 29,  2.06, 14.77, 67.91,  132.08, 5000.00,    0.01,    1.44,    0.00, 0
29, 3379, 1, 29,  1.95, 14.97, 70.45,  131.98, 5000.00,    0.01,    1.43,    0.00, 0
29, 3380, 1, 29,  1.87, 15.10, 72.21,  131.89, 5000.00,    0.01,    1.41,    0.00, 0
29, 3381, 1, 29,  1.82, 15.24, 73.41,  131.74, 5000.00,    0.01,    1.38,    0.00, 0
29, 3382, 1, 29,  1.76, 15.34, 74.27,  131.64, 5000.00,    0.01,    1.36,    0.00, 0
29, 3383, 1, 29,  1.72, 15.37, 74.93,  131.52, 5000.00,    0.01,    1.34,    0.00, 0
29, 3384, 1, 29,  1.69, 15.45, 75.45,  131.39, 5000.00,    0.01,    1.33,    0.00, 0
29, 3385, 1, 29,  1.68, 15.51, 75.84,  131.28, 5000.00,    0.01,    1.31,    0.00, 0
29, 3386, 1, 29,  1.70, 15.43, 76.01,  131.38, 5000.00,    0.01,    1.34,    0.00, 0
29, 3387, 1, 29,  1.68, 15.44, 76.17,  131.35, 5000.00,    0.01,    1.34,    0.00, 0
29, 3388, 1, 29,  1.67, 15.44, 76.28,  131.32, 5000.00,    0.01,    1.33,    0.00, 0
29, 3389, 1, 29,  2.00, 14.09, 57.37,  132.22, 5000.00,    0.01,    1.43,    0.00, 0
29, 3390, 1, 29,  1.94, 14.13, 57.42,  132.18, 5000.00,    0.01,    1.43,    0.00, 0
29, 3391, 1, 29,  1.90, 14.15, 57.55,  132.16, 5000.00,    0.01,    1.42,    0.00, 0
29, 3392, 1, 29,  1.95, 14.17, 57.84,  132.14, 5000.00,    0.01,    1.42,    0.00, 0
29, 3393, 1, 29,  1.94, 14.48, 58.18,  132.11, 5000.00,    0.01,    1.43,    0.00, 0
29, 3394, 1, 29,  1.88, 14.23, 58.66,  132.12, 5000.00,    0.01,    1.42,    0.00, 0
29, 3395, 1, 29,  1.67, 14.35, 59.19,  132.05, 5000.00,    0.01,    1.41,    0.00, 0
29, 3396, 1, 29,  1.76, 14.36, 60.11,  132.15, 5000.00,    0.01,    1.43,    0.00, 0
29, 3397, 1, 29,  1.75, 14.38, 61.35,  132.21, 5000.00,    0.01,    1.44,    0.00, 0
29, 3398, 1, 29,  1.71, 14.48, 63.09,  132.23, 5000.00,    0.01,    1.45,    0.00, 0
29, 3399, 1, 29,  1.42, 14.65, 64.88,  132.22, 5000.00,    0.01,    1.45,    0.00, 0
29, 3400, 1, 29,  1.46, 14.73, 68.03,  132.27, 5000.00,    0.01,    1.46,    0.00, 0
29, 3401, 1, 29,  1.35, 14.90, 70.54,  132.21, 5000.00,    0.01,    1.45,    0.00, 0
29, 3402, 1, 29,  1.27, 15.02, 72.25,  132.12, 5000.00,    0.01,    1.45,    0.00, 0
29, 3403, 1, 29,  1.22, 15.11, 73.46,  132.02, 5000.00,    0.01,    1.43,    0.00, 0
29, 3404, 1, 29,  1.16, 15.25, 74.32,  131.87, 5000.00,    0.01,    1.41,    0.00, 0
29, 3405, 1, 29,  1.13, 15.37, 74.95,  131.80, 5000.00,    0.01,    1.39,    0.00, 0
29, 3406, 1, 29,  1.09, 15.36, 75.46,  131.73, 5000.00,    0.01,    1.39,    0.00, 0
29, 3407, 1, 29,  1.07, 15.41, 75.84,  131.64, 5000.00,    0.01,    1.38,    0.00, 0
29, 3408, 1, 29,  1.06, 15.44, 76.13,  131.55, 5000.00,    0.01,    1.37,    0.00, 0
29, 3409, 1, 29,  1.05, 15.47, 76.29,  131.50, 5000.00,    0.01,    1.36,    0.00, 0
29, 3410, 1, 29,  1.04, 15.48, 76.40,  131.45, 5000.00,    0.01,    1.36,    0.00, 0
29, 3411, 1, 29,  1.77, 14.07, 57.44,  132.36, 5000.00,    0.01,    1.45,    0.00, 0
29, 3412, 1, 29,  1.72, 14.03, 57.55,  132.38, 5000.00,    0.01,    1.45,    0.00, 0
29, 3413, 1, 29,  1.69, 14.06, 57.63,  132.34, 5000.00,    0.01,    1.45,    0.00, 0
29, 3414, 1, 29,  1.73, 14.07, 57.97,  132.35, 5000.00,    0.01,    1.45,    0.00, 0
29, 3415, 1, 29,  1.68, 14.08, 58.32,  132.37, 5000.00,    0.01,    1.45,    0.00, 0
29, 3416, 1, 29,  1.64, 14.14, 58.82,  132.33, 5000.00,    0.01,    1.45,    0.00, 0
29, 3417, 1, 29,  1.42, 14.21, 59.41,  132.45, 5000.00,    0.01,    1.48,    0.00, 0
29, 3418, 1, 29,  1.53, 14.40, 60.02,  132.15, 5000.00,    0.01,    1.43,    0.00, 0
29, 3419, 1, 29,  1.51, 14.34, 61.62,  132.39, 5000.00,    0.01,    1.46,    0.00, 0
29, 3420, 1, 29,  1.46, 14.42, 63.27,  132.45, 5000.00,    0.01,    1.47,    0.00, 0
29, 3421, 1, 29,  1.14, 14.47, 65.34,  132.68, 5000.00,    0.01,    1.50,    0.00, 0
29, 3422, 1, 29,  1.22, 14.67, 67.92,  132.43, 5000.00,    0.01,    1.49,    0.00, 0
29, 3423, 1, 29,  1.11, 14.78, 70.60,  132.50, 5000.00,    0.01,    1.50,    0.00, 0
29, 3424, 1, 29,  1.03, 14.89, 72.29,  132.44, 5000.00,    0.01,    1.50,    0.00, 0
29, 3425, 1, 29,  0.99, 14.96, 73.46,  132.40, 5000.00,    0.01,    1.49,    0.00, 0
29, 3426, 1, 29,  0.94, 15.06, 74.45,  132.31, 5000.00,    0.01,    1.48,    0.00, 0
29, 3427, 1, 29,  0.92, 15.03, 74.93,  132.36, 5000.00,    0.01,    1.49,    0.00, 0
29, 3428, 1, 29,  0.88, 15.07, 75.46,  132.31, 5000.00,    0.01,    1.48,    0.00, 0
29, 3429, 1, 29,  0.87, 15.11, 75.81,  132.23, 5000.00,    0.01,    1.48,    0.00, 0
29, 3430, 1, 29,  0.86, 15.18, 76.15,  132.10, 5000.00,    0.01,    1.47,    0.00, 0
29, 3431, 1, 29,  0.85, 15.19, 76.33,  132.06, 5000.00,    0.02,    1.47,    0.00, 0
29, 3432, 1, 29,  0.84, 15.28, 76.49,  131.88, 5000.00,    0.02,    1.46,    0.00, 0
29, 3433, 1, 29, 14.69,  6.02, 56.27,  132.22, 5000.00,    0.01,    1.52,    0.00, 0
29, 3434, 1, 29, 14.74,  6.05, 56.36,  132.16, 5000.00,    0.01,    1.51,    0.00, 0
29, 3435, 1, 29, 14.77,  6.05, 56.51,  132.14, 5000.00,    0.01,    1.50,    0.00, 0
29, 3436, 1, 29, 14.84,  5.75, 56.76,  132.29, 5000.00,    0.01,    1.53,    0.00, 0
29, 3437, 1, 29, 14.90,  5.73, 57.19,  132.24, 5000.00,    0.01,    1.52,    0.00, 0
29, 3438, 1, 29, 14.95,  5.49, 57.65,  132.39, 5000.00,    0.02,    1.55,    0.00, 0
29, 3439, 1, 29, 14.96,  5.71, 58.32,  132.34, 5000.00,    0.02,    1.55,    0.00, 0
29, 3440, 1, 29, 14.97,  5.71, 59.22,  132.39, 5000.00,    0.02,    1.56,    0.00, 0
29, 3441, 1, 29, 14.95,  5.71, 60.48,  132.45, 5000.00,    0.02,    1.57,    0.00, 0
29, 3442, 1, 29, 14.94,  5.67, 62.20,  132.54, 5000.00,    0.02,    1.59,    0.00, 0
29, 3443, 1, 29, 14.88,  5.64, 64.39,  132.61, 5000.00,    0.02,    1.60,    0.00, 0
29, 3444, 1, 29, 14.89,  5.61, 67.26,  132.62, 5000.00,    0.02,    1.59,    0.00, 0
29, 3445, 1, 29, 14.99,  5.85, 70.04,  132.32, 5000.00,    0.02,    1.53,    0.00, 0
29, 3446, 1, 29, 15.06,  5.87, 71.85,  132.21, 5000.00,    0.02,    1.50,    0.00, 0
29, 3447, 1, 29, 14.96,  5.82, 72.80,  132.27, 5000.00,    0.02,    1.52,    0.00, 0
29, 3448, 1, 29, 14.92,  5.83, 73.67,  132.28, 5000.00,    0.02,    1.53,    0.00, 0
29, 3449, 1, 29, 14.93,  5.83, 74.35,  132.24, 5000.00,    0.02,    1.52,    0.00, 0
29, 3450, 1, 29, 14.94,  5.83, 74.86,  132.18, 5000.00,    0.01,    1.51,    0.00, 0
29, 3451, 1, 29, 14.96,  5.84, 75.26,  132.14, 5000.00,    0.01,    1.51,    0.00, 0
29, 3452, 1, 29, 14.93,  5.82, 75.55,  132.15, 5000.00,    0.01,    1.50,    0.00, 0
29, 3453, 1, 29, 14.84,  5.76, 75.80,  132.22, 5000.00,    0.01,    1.51,    0.00, 0
29, 3454, 1, 29, 14.83,  5.75, 75.89,  132.23, 5000.00,    0.01,    1.50,    0.00, 0
29, 3455, 1, 29, 14.41,  6.14, 56.36,  132.38, 5000.00,    0.01,    1.57,    0.00, 0
29, 3456, 1, 29, 14.73,  6.19, 56.30,  132.09, 5000.00,    0.01,    1.49,    0.00, 0
29, 3457, 1, 29, 14.77,  6.19, 56.42,  132.05, 5000.00,    0.01,    1.48,    0.00, 0
29, 3458, 1, 29, 14.96,  5.97, 56.64,  132.01, 5000.00,    0.01,    1.47,    0.00, 0
29, 3459, 1, 29, 14.98,  5.92, 57.01,  132.01, 5000.00,    0.01,    1.47,    0.00, 0
29, 3460, 1, 29, 15.05,  5.69, 57.54,  132.21, 5000.00,    0.01,    1.52,    0.00, 0
29, 3461, 1, 29, 15.03,  5.88, 58.20,  132.14, 5000.00,    0.01,    1.50,    0.00, 0
29, 3462, 1, 29, 15.00,  5.88, 59.15,  132.23, 5000.00,    0.01,    1.52,    0.00, 0
29, 3463, 1, 29, 14.98,  5.88, 60.39,  132.29, 5000.00,    0.02,    1.54,    0.00, 0
29, 3464, 1, 29, 14.96,  5.84, 62.11,  132.38, 5000.00,    0.02,    1.56,    0.00, 0
29, 3465, 1, 29, 14.95,  5.83, 64.33,  132.45, 5000.00,    0.02,    1.56,    0.00, 0
29, 3466, 1, 29, 14.90,  5.78, 67.25,  132.47, 5000.00,    0.02,    1.56,    0.00, 0
29, 3467, 1, 29, 14.93,  6.01, 70.00,  132.27, 5000.00,    0.01,    1.52,    0.00, 0
29, 3468, 1, 29, 15.00,  6.03, 71.84,  132.16, 5000.00,    0.01,    1.49,    0.00, 0
29, 3469, 1, 29, 15.03,  6.00, 72.98,  132.06, 5000.00,    0.01,    1.47,    0.00, 0
29, 3470, 1, 29, 15.10,  6.02, 73.92,  131.94, 5000.00,    0.01,    1.45,    0.00, 0
29, 3471, 1, 29, 15.14,  6.02, 74.58,  131.87, 5000.00,    0.01,    1.44,    0.00, 0
29, 3472, 1, 29, 15.16,  6.02, 75.07,  131.83, 5000.00,    0.01,    1.43,    0.00, 0
29, 3473, 1, 29, 15.18,  6.02, 75.45,  131.78, 5000.00,    0.01,    1.42,    0.00, 0
29, 3474, 1, 29, 15.14,  6.00, 75.71,  131.82, 5000.00,    0.01,    1.43,    0.00, 0
29, 3475, 1, 29, 14.86,  5.93, 75.83,  132.10, 5000.00,    0.01,    1.49,    0.00, 0
29, 3476, 1, 29, 15.12,  6.00, 76.04,  131.75, 5000.00,    0.01,    1.43,    0.00, 0
29, 3477, 1, 29, 14.66,  6.41, 56.22,  132.13, 5000.00,    0.01,    1.50,    0.00, 0
29, 3478, 1, 29, 14.72,  6.43, 56.34,  132.05, 5000.00,    0.01,    1.48,    0.00, 0
29, 3479, 1, 29, 14.79,  6.46, 56.43,  131.98, 5000.00,    0.01,    1.47,    0.00, 0
29, 3480, 1, 29, 14.90,  6.17, 56.68,  132.03, 5000.00,    0.01,    1.48,    0.00, 0
29, 3481, 1, 29, 14.84,  6.14, 57.17,  132.11, 5000.00,    0.01,    1.50,    0.00, 0
29, 3482, 1, 29, 14.98,  5.93, 57.62,  132.12, 5000.00,    0.01,    1.50,    0.00, 0
29, 3483, 1, 29, 14.96,  6.13, 58.25,  132.13, 5000.00,    0.01,    1.51,    0.00, 0
29, 3484, 1, 29, 14.99,  6.14, 59.11,  132.16, 5000.00,    0.01,    1.51,    0.00, 0
29, 3485, 1, 29, 14.86,  6.13, 60.51,  132.32, 5000.00,    0.01,    1.55,    0.00, 0
29, 3486, 1, 29, 14.85,  6.10, 62.23,  132.39, 5000.00,    0.01,    1.57,    0.00, 0
29, 3487, 1, 29, 14.83,  6.10, 64.43,  132.45, 5000.00,    0.02,    1.58,    0.00, 0
29, 3488, 1, 29, 14.79,  6.04, 67.28,  132.45, 5000.00,    0.02,    1.57,    0.00, 0
29, 3489, 1, 29, 14.82,  6.26, 69.93,  132.25, 5000.00,    0.01,    1.52,    0.00, 0
29, 3490, 1, 29, 14.88,  6.27, 71.77,  132.13, 5000.00,    0.01,    1.49,    0.00, 0
29, 3491, 1, 29, 14.97,  6.23, 72.99,  131.99, 5000.00,    0.01,    1.46,    0.00, 0
29, 3492, 1, 29, 15.02,  6.25, 73.91,  131.89, 5000.00,    0.01,    1.44,    0.00, 0
29, 3493, 1, 29, 15.06,  6.24, 74.58,  131.82, 5000.00,    0.01,    1.43,    0.00, 0
29, 3494, 1, 29, 15.08,  6.24, 75.10,  131.78, 5000.00,    0.01,    1.41,    0.00, 0
29, 3495, 1, 29, 15.10,  6.24, 75.49,  131.73, 5000.00,    0.01,    1.41,    0.00, 0
29, 3496, 1, 29, 15.05,  6.23, 75.75,  131.76, 5000.00,    0.01,    1.42,    0.00, 0
29, 3497, 1, 29, 14.86,  6.19, 75.87,  131.92, 5000.00,    0.01,    1.46,    0.00, 0
29, 3498, 1, 29, 15.14,  6.27, 76.09,  131.52, 5000.00,    0.02,    1.39,    0.00, 0
29, 3499, 1, 29, 14.47,  6.75, 56.16,  132.05, 5000.00,    0.01,    1.47,    0.00, 0
29, 3500, 1, 29, 14.52,  6.79, 56.28,  132.06, 5000.00,    0.01,    1.48,    0.00, 0
29, 3501, 1, 29, 14.51,  6.81, 56.44,  132.06, 5000.00,    0.01,    1.48,    0.00, 0
29, 3502, 1, 29, 14.66,  6.51, 56.67,  132.01, 5000.00,    0.01,    1.47,    0.00, 0
29, 3503, 1, 29, 14.69,  6.53, 57.13,  132.06, 5000.00,    0.01,    1.48,    0.00, 0
29, 3504, 1, 29, 14.81,  6.31, 57.60,  132.08, 5000.00,    0.01,    1.49,    0.00, 0
29, 3505, 1, 29, 14.74,  6.49, 58.25,  132.07, 5000.00,    0.01,    1.50,    0.00, 0
29, 3506, 1, 29, 14.74,  6.50, 59.15,  132.12, 5000.00,    0.01,    1.50,    0.00, 0
29, 3507, 1, 29, 14.71,  6.50, 60.42,  132.18, 5000.00,    0.01,    1.52,    0.00, 0
29, 3508, 1, 29, 14.71,  6.48, 62.16,  132.24, 5000.00,    0.01,    1.53,    0.00, 0
29, 3509, 1, 29, 14.70,  6.49, 64.40,  132.28, 5000.00,    0.01,    1.54,    0.00, 0
29, 3510, 1, 29, 14.68,  6.44, 67.27,  132.27, 5000.00,    0.01,    1.53,    0.00, 0
29, 3511, 1, 29, 14.61,  6.64, 69.88,  132.19, 5000.00,    0.01,    1.51,    0.00, 0
29, 3512, 1, 29, 14.66,  6.65, 71.71,  132.09, 5000.00,    0.01,    1.49,    0.00, 0
29, 3513, 1, 29, 14.75,  6.60, 72.95,  131.97, 5000.00,    0.01,    1.46,    0.00, 0
29, 3514, 1, 29, 14.78,  6.62, 73.86,  131.89, 5000.00,    0.01,    1.44,    0.00, 0
29, 3515, 1, 29, 14.82,  6.61, 74.55,  131.82, 5000.00,    0.01,    1.43,    0.00, 0
29, 3516, 1, 29, 14.83,  6.62, 75.09,  131.77, 5000.00,    0.01,    1.42,    0.00, 0
29, 3517, 1, 29, 14.86,  6.62, 75.49,  131.71, 5000.00,    0.01,    1.41,    0.00, 0
29, 3518, 1, 29, 14.88,  6.63, 75.82,  131.64, 5000.00,    0.01,    1.40,    0.00, 0
29, 3519, 1, 29, 14.89,  6.67, 75.97,  131.55, 5000.00,    0.01,    1.40,    0.00, 0
29, 3520, 1, 29, 14.95,  6.70, 76.10,  131.41, 5000.00,    0.02,    1.38,    0.00, 0
29, 3521, 1, 29, 14.14,  7.43, 56.28,  132.08, 5000.00,    0.01,    1.49,    0.00, 0
29, 3522, 1, 29, 14.13,  7.45, 56.39,  132.07, 5000.00,    0.01,    1.49,    0.00, 0
29, 3523, 1, 29, 14.14,  7.46, 56.54,  132.06, 5000.00,    0.01,    1.49,    0.00, 0
29, 3524, 1, 29, 14.34,  7.18, 56.80,  132.03, 5000.00,    0.01,    1.48,    0.00, 0
29, 3525, 1, 29, 14.29,  7.19, 57.26,  132.08, 5000.00,    0.01,    1.50,    0.00, 0
29, 3526, 1, 29, 14.50,  6.97, 57.71,  132.03, 5000.00,    0.01,    1.48,    0.00, 0
29, 3527, 1, 29, 14.35,  7.18, 58.40,  132.08, 5000.00,    0.01,    1.50,    0.00, 0
29, 3528, 1, 29, 14.45,  7.16, 59.25,  132.03, 5000.00,    0.01,    1.49,    0.00, 0
29, 3529, 1, 29, 14.34,  7.20, 60.56,  132.13, 5000.00,    0.01,    1.51,    0.00, 0
29, 3530, 1, 29, 14.35,  7.19, 62.30,  132.17, 5000.00,    0.01,    1.53,    0.00, 0
29, 3531, 1, 29, 14.34,  7.22, 64.53,  132.19, 5000.00,    0.01,    1.53,    0.00, 0
29, 3532, 1, 29, 14.41,  7.13, 67.36,  132.10, 5000.00,    0.01,    1.49,    0.00, 0
29, 3533, 1, 29, 14.29,  7.35, 69.94,  132.07, 5000.00,    0.01,    1.49,    0.00, 0
29, 3534, 1, 29, 14.35,  7.36, 71.79,  131.98, 5000.00,    0.01,    1.46,    0.00, 0
29, 3535, 1, 29, 14.52,  7.29, 73.08,  131.80, 5000.00,    0.01,    1.42,    0.00, 0
29, 3536, 1, 29, 14.55,  7.32, 73.95,  131.72, 5000.00,    0.01,    1.40,    0.00, 0
29, 3537, 1, 29, 14.57,  7.32, 74.62,  131.66, 5000.00,    0.01,    1.39,    0.00, 0
29, 3538, 1, 29, 14.62,  7.34, 75.18,  131.55, 5000.00,    0.01,    1.37,    0.00, 0
29, 3539, 1, 29, 14.63,  7.35, 75.52,  131.50, 5000.00,    0.01,    1.37,    0.00, 0
29, 3540, 1, 29, 14.62,  7.37, 75.84,  131.46, 5000.00,    0.01,    1.36,    0.00, 0
29, 3541, 1, 29, 14.74,  7.40, 76.05,  131.22, 5000.00,    0.01,    1.32,    0.00, 0
29, 3542, 1, 29, 14.68,  7.40, 76.12,  131.25, 5000.00,    0.02,    1.34,    0.00, 0
29, 3543, 1, 29, 13.54,  8.64, 56.14,  132.00, 5000.00,    0.01,    1.48,    0.00, 0
29, 3544, 1, 29, 13.54,  8.66, 56.24,  131.99, 5000.00,    0.01,    1.48,    0.00, 0
29, 3545, 1, 29, 13.54,  8.67, 56.38,  131.97, 5000.00,    0.01,    1.48,    0.00, 0
29, 3546, 1, 29, 13.78,  8.43, 56.63,  131.93, 5000.00,    0.01,    1.46,    0.00, 0
29, 3547, 1, 29, 13.71,  8.44, 57.07,  131.98, 5000.00,    0.01,    1.48,    0.00, 0
29, 3548, 1, 29, 13.90,  8.25, 57.52,  131.93, 5000.00,    0.01,    1.46,    0.00, 0
29, 3549, 1, 29, 13.68,  8.44, 58.21,  131.98, 5000.00,    0.01,    1.48,    0.00, 0
29, 3550, 1, 29, 13.69,  8.44, 59.13,  131.99, 5000.00,    0.01,    1.48,    0.00, 0
29, 3551, 1, 29, 13.67,  8.46, 60.39,  132.01, 5000.00,    0.01,    1.49,    0.00, 0
29, 3552, 1, 29, 13.81,  8.40, 62.06,  131.94, 5000.00,    0.01,    1.46,    0.00, 0
29, 3553, 1, 29, 13.78,  8.45, 64.31,  131.95, 5000.00,    0.01,    1.47,    0.00, 0
29, 3554, 1, 29, 13.76,  8.39, 67.25,  131.94, 5000.00,    0.01,    1.46,    0.00, 0
29, 3555, 1, 29, 13.57,  8.63, 69.83,  131.94, 5000.00,    0.01,    1.46,    0.00, 0
29, 3556, 1, 29, 13.64,  8.64, 71.69,  131.84, 5000.00,    0.01,    1.44,    0.00, 0
29, 3557, 1, 29, 13.85,  8.52, 72.97,  131.67, 5000.00,    0.01,    1.39,    0.00, 0
29, 3558, 1, 29, 13.87,  8.57, 73.85,  131.58, 5000.00,    0.01,    1.37,    0.00, 0
29, 3559, 1, 29, 13.91,  8.58, 74.53,  131.49, 5000.00,    0.01,    1.36,    0.00, 0
29, 3560, 1, 29, 13.96,  8.60, 75.08,  131.38, 5000.00,    0.01,    1.34,    0.00, 0
29, 3561, 1, 29, 13.99,  8.62, 75.49,  131.29, 5000.00,    0.01,    1.32,    0.00, 0
29, 3562, 1, 29, 13.97,  8.64, 75.73,  131.28, 5000.00,    0.01,    1.33,    0.00, 0
29, 3563, 1, 29, 14.10,  8.73, 75.88,  131.21, 5000.00,    0.01,    1.32,    0.00, 0
29, 3564, 1, 29, 13.98,  8.66, 75.98,  131.18, 5000.00,    0.01,    1.32,    0.00, 0
29, 3565, 1, 29, 11.88, 10.79, 55.98,  131.98, 5000.00,    0.01,    1.48,    0.00, 0
29, 3566, 1, 29, 12.00, 10.76, 56.06,  131.90, 5000.00,    0.01,    1.45,    0.00, 0
29, 3567, 1, 29, 11.99, 10.78, 56.20,  131.90, 5000.00,    0.01,    1.45,    0.00, 0
29, 3568, 1, 29, 12.10, 10.63, 56.49,  131.92, 5000.00,    0.01,    1.46,    0.00, 0
29, 3569, 1, 29, 12.13, 10.63, 56.87,  131.90, 5000.00,    0.01,    1.45,    0.00, 0
29, 3570, 1, 29, 12.26, 10.53, 57.37,  131.88, 5000.00,    0.01,    1.45,    0.00, 0
29, 3571, 1, 29, 12.09, 10.66, 58.03,  131.87, 5000.00,    0.01,    1.45,    0.00, 0
29, 3572, 1, 29, 12.14, 10.65, 58.92,  131.86, 5000.00,    0.01,    1.44,    0.00, 0
29, 3573, 1, 29, 12.14, 10.66, 60.17,  131.85, 5000.00,    0.01,    1.45,    0.00, 0
29, 3574, 1, 29, 12.17, 10.68, 61.92,  131.83, 5000.00,    0.01,    1.44,    0.00, 0
29, 3575, 1, 29, 12.05, 10.74, 64.21,  131.84, 5000.00,    0.01,    1.44,    0.00, 0
29, 3576, 1, 29, 12.20, 10.81, 67.22,  131.81, 5000.00,    0.01,    1.44,    0.00, 0
29, 3577, 1, 29, 11.91, 10.87, 69.93,  131.78, 5000.00,    0.01,    1.43,    0.00, 0
29, 3578, 1, 29, 12.12, 10.83, 71.83,  131.60, 5000.00,    0.01,    1.38,    0.00, 0
29, 3579, 1, 29, 12.22, 10.80, 73.07,  131.49, 5000.00,    0.01,    1.35,    0.00, 0
29, 3580, 1, 29, 12.22, 10.88, 73.95,  131.38, 5000.00,    0.01,    1.33,    0.00, 0
29, 3581, 1, 29, 12.26, 10.91, 74.63,  131.27, 5000.00,    0.01,    1.31,    0.00, 0
29, 3582, 1, 29, 12.29, 10.95, 75.17,  131.17, 5000.00,    0.01,    1.30,    0.00, 0
29, 3583, 1, 29, 12.31, 10.98, 75.57,  131.09, 5000.00,    0.01,    1.28,    0.00, 0
29, 3584, 1, 29, 12.27, 11.00, 75.78,  131.08, 5000.00,    0.01,    1.29,    0.00, 0
29, 3585, 1, 29, 12.25, 11.02, 75.92,  131.07, 5000.00,    0.01,    1.29,    0.00, 0
29, 3586, 1, 29, 12.15, 11.03, 76.00,  131.13, 5000.00,    0.01,    1.31,    0.00, 0
29, 3587, 1, 29,  8.69, 13.55, 55.90,  131.96, 5000.00,    0.01,    1.47,    0.00, 0
29, 3588, 1, 29,  8.64, 13.60, 56.01,  131.96, 5000.00,    0.01,    1.47,    0.00, 0
29, 3589, 1, 29,  8.63, 13.61, 56.14,  131.94, 5000.00,    0.01,    1.46,    0.00, 0
29, 3590, 1, 29,  8.78, 13.55, 56.43,  131.91, 5000.00,    0.01,    1.46,    0.00, 0
29, 3591, 1, 29,  8.75, 13.58, 56.83,  131.91, 5000.00,    0.01,    1.46,    0.00, 0
29, 3592, 1, 29,  8.77, 13.50, 57.34,  131.91, 5000.00,    0.00,    1.46,    0.00, 0
29, 3593, 1, 29,  8.56, 13.67, 58.00,  131.90, 5000.00,    0.00,    1.45,    0.00, 0
29, 3594, 1, 29,  8.61, 13.65, 58.91,  131.90, 5000.00,    0.00,    1.45,    0.00, 0
29, 3595, 1, 29,  8.61, 13.68, 60.17,  131.88, 5000.00,    0.00,    1.45,    0.00, 0
29, 3596, 1, 29,  8.57, 13.68, 61.93,  131.86, 5000.00,    0.00,    1.45,    0.00, 0
29, 3597, 1, 29,  8.37, 13.77, 64.22,  131.85, 5000.00,    0.00,    1.44,    0.00, 0
29, 3598, 1, 29,  8.71, 13.59, 67.24,  131.80, 5000.00,    0.01,    1.44,    0.00, 0
29, 3599, 1, 29,  8.33, 13.85, 69.97,  131.74, 5000.00,    0.01,    1.41,    0.00, 0
29, 3600, 1, 29,  8.31, 13.96, 71.83,  131.61, 5000.00,    0.01,    1.38,    0.00, 0
29, 3601, 1, 29,  8.37, 13.92, 73.08,  131.47, 5000.00,    0.01,    1.36,    0.00, 0
29, 3602, 1, 29,  8.27, 14.07, 73.99,  131.34, 5000.00,    0.01,    1.34,    0.00, 0
29, 3603, 1, 29,  8.29, 14.13, 74.68,  131.22, 5000.00,    0.01,    1.32,    0.00, 0
29, 3604, 1, 29,  8.78, 13.85, 75.26,  131.08, 5000.00,    0.01,    1.32,    0.00, 0
29, 3605, 1, 29,  8.33, 14.21, 75.64,  131.02, 5000.00,    0.01,    1.29,    0.00, 0
29, 3606, 1, 29,  8.35, 14.10, 75.80,  131.13, 5000.00,    0.01,    1.32,    0.00, 0
29, 3607, 1, 29,  8.69, 13.94, 76.00,  130.99, 5000.00,    0.01,    1.31,    0.00, 0
29, 3608, 1, 29,  8.32, 14.16, 76.09,  131.03, 5000.00,    0.01,    1.30,    0.00, 0
29, 3609, 1, 29,  5.51, 14.55, 56.24,  132.16, 5000.00,    0.01,    1.49,    0.00, 0
29, 3610, 1, 29,  5.39, 14.72, 56.32,  131.98, 5000.00,    0.01,    1.45,    0.00, 0
29, 3611, 1, 29,  5.37, 14.71, 56.44,  131.99, 5000.00,    0.01,    1.45,    0.00, 0
29, 3612, 1, 29,  5.48, 14.70, 56.75,  131.98, 5000.00,    0.01,    1.45,    0.00, 0
29, 3613, 1, 29,  5.46, 14.72, 57.13,  131.98, 5000.00,    0.01,    1.45,    0.00, 0
29, 3614, 1, 29,  5.52, 14.79, 57.63,  131.96, 5000.00,    0.01,    1.45,    0.00, 0
29, 3615, 1, 29,  5.33, 14.87, 58.28,  131.95, 5000.00,    0.01,    1.46,    0.00, 0
29, 3616, 1, 29,  5.40, 14.91, 59.18,  131.91, 5000.00,    0.00,    1.45,    0.00, 0
29, 3617, 1, 29,  5.40, 15.04, 60.42,  131.88, 5000.00,    0.00,    1.44,    0.00, 0
29, 3618, 1, 29,  5.41, 15.19, 62.15,  131.85, 5000.00,    0.00,    1.43,    0.00, 0
29, 3619, 1, 29,  5.16, 15.35, 64.42,  131.85, 5000.00,    0.00,    1.44,    0.00, 0
29, 3620, 1, 29,  5.22, 15.35, 67.43,  131.83, 5000.00,    0.01,    1.43,    0.00, 0
29, 3621, 1, 29,  5.05, 15.43, 70.16,  131.72, 5000.00,    0.01,    1.40,    0.00, 0
29, 3622, 1, 29,  4.96, 15.53, 72.00,  131.58, 5000.00,    0.01,    1.37,    0.00, 0
29, 3623, 1, 29,  5.33, 15.37, 73.15,  131.52, 5000.00,    0.01,    1.39,    0.00, 0
29, 3624, 1, 29,  4.87, 15.67, 74.10,  131.32, 5000.00,    0.01,    1.31,    0.00, 0
29, 3625, 1, 29,  4.85, 15.75, 74.77,  131.21, 5000.00,    0.01,    1.29,    0.00, 0
29, 3626, 1, 29,  4.82, 15.82, 75.31,  131.11, 5000.00,    0.01,    1.27,    0.00, 0
29, 3627, 1, 29,  4.82, 15.86, 75.70,  131.03, 5000.00,    0.01,    1.26,    0.00, 0
29, 3628, 1, 29,  4.84, 15.81, 75.90,  131.06, 5000.00,    0.01,    1.27,    0.00, 0
29, 3629, 1, 29,  4.84, 15.86, 76.07,  130.96, 5000.00,    0.01,    1.26,    0.00, 0
29, 3630, 1, 29,  4.87, 15.74, 76.14,  131.08, 5000.00,    0.01,    1.29,    0.00, 0
29, 3631, 1, 29,  3.69, 14.94, 56.70,  131.95, 5000.00,    0.01,    1.42,    0.00, 0
29, 3632, 1, 29,  3.64, 14.94, 56.79,  131.96, 5000.00,    0.01,    1.43,    0.00, 0
29, 3633, 1, 29,  3.62, 14.93, 56.93,  132.01, 5000.00,    0.01,    1.44,    0.00, 0
29, 3634, 1, 29,  3.70, 14.94, 57.21,  131.98, 5000.00,    0.01,    1.43,    0.00, 0
29, 3635, 1, 29,  3.67, 14.97, 57.58,  131.96, 5000.00,    0.01,    1.43,    0.00, 0
29, 3636, 1, 29,  3.68, 14.99, 58.06,  131.95, 5000.00,    0.01,    1.44,    0.00, 0
29, 3637, 1, 29,  3.46, 15.06, 58.71,  131.97, 5000.00,    0.01,    1.44,    0.00, 0
29, 3638, 1, 29,  3.58, 15.14, 59.58,  131.94, 5000.00,    0.01,    1.44,    0.00, 0
29, 3639, 1, 29,  3.58, 15.18, 60.83,  131.95, 5000.00,    0.01,    1.45,    0.00, 0
29, 3640, 1, 29,  3.55, 15.30, 62.51,  131.92, 5000.00,    0.01,    1.44,    0.00, 0
29, 3641, 1, 29,  3.26, 15.47, 64.70,  131.91, 5000.00,    0.01,    1.44,    0.00, 0
29, 3642, 1, 29,  3.34, 15.65, 67.77,  131.88, 5000.00,    0.01,    1.44,    0.00, 0
29, 3643, 1, 29,  3.23, 15.92, 70.34,  131.77, 5000.00,    0.01,    1.42,    0.00, 0
29, 3644, 1, 29,  3.13, 16.02, 72.15,  131.63, 5000.00,    0.01,    1.39,    0.00, 0
29, 3645, 1, 29,  3.24, 16.04, 73.34,  131.51, 5000.00,    0.01,    1.36,    0.00, 0
29, 3646, 1, 29,  3.03, 16.17, 74.21,  131.40, 5000.00,    0.01,    1.34,    0.00, 0
29, 3647, 1, 29,  2.99, 16.18, 74.88,  131.30, 5000.00,    0.01,    1.33,    0.00, 0
29, 3648, 1, 29,  2.97, 16.25, 75.41,  131.20, 5000.00,    0.01,    1.31,    0.00, 0
29, 3649, 1, 29,  2.96, 16.28, 75.79,  131.13, 5000.00,    0.01,    1.30,    0.00, 0
29, 3650, 1, 29,  2.97, 16.26, 75.97,  131.13, 5000.00,    0.01,    1.31,    0.00, 0
29, 3651, 1, 29,  2.97, 16.29, 76.13,  131.06, 5000.00,    0.01,    1.30,    0.00, 0
29, 3652, 1, 29,  3.00, 16.20, 76.19,  131.17, 5000.00,    0.01,    1.33,    0.00, 0
29, 3653, 1, 29,  2.67, 14.93, 57.05,  132.15, 5000.00,    0.01,    1.46,    0.00, 0
29, 3654, 1, 29,  2.60, 15.03, 57.09,  132.03, 5000.00,    0.01,    1.43,    0.00, 0
29, 3655, 1, 29,  2.56, 15.03, 57.22,  132.05, 5000.00,    0.01,    1.44,    0.00, 0
29, 3656, 1, 29,  2.62, 15.04, 57.52,  132.02, 5000.00,    0.01,    1.44,    0.00, 0
29, 3657, 1, 29,  2.58, 15.08, 57.87,  131.99, 5000.00,    0.01,    1.44,    0.00, 0
29, 3658, 1, 29,  2.57, 15.11, 58.36,  131.99, 5000.00,    0.01,    1.44,    0.00, 0
29, 3659, 1, 29,  2.34, 15.21, 58.96,  131.96, 5000.00,    0.01,    1.44,    0.00, 0
29, 3660, 1, 29,  2.44, 15.21, 59.85,  131.99, 5000.00,    0.01,    1.44,    0.00, 0
29, 3661, 1, 29,  2.44, 15.25, 61.08,  132.01, 5000.00,    0.01,    1.45,    0.00, 0
29, 3662, 1, 29,  2.40, 15.35, 62.80,  132.02, 5000.00,    0.01,    1.45,    0.00, 0
29, 3663, 1, 29,  2.09, 15.52, 64.85,  132.03, 5000.00,    0.01,    1.47,    0.00, 0
29, 3664, 1, 29,  2.18, 15.70, 67.88,  132.01, 5000.00,    0.01,    1.47,    0.00, 0
29, 3665, 1, 29,  2.06, 15.90, 70.42,  131.93, 5000.00,    0.01,    1.45,    0.00, 0
29, 3666, 1, 29,  1.96, 16.05, 72.21,  131.82, 5000.00,    0.01,    1.43,    0.00, 0
29, 3667, 1, 29,  2.15, 16.05, 73.34,  131.79, 5000.00,    0.01,    1.43,    0.00, 0
29, 3668, 1, 29,  1.86, 16.30, 74.25,  131.61, 5000.00,    0.01,    1.39,    0.00, 0
29, 3669, 1, 29,  1.82, 16.32, 74.91,  131.50, 5000.00,    0.01,    1.37,    0.00, 0
29, 3670, 1, 29,  1.79, 16.40, 75.43,  131.40, 5000.00,    0.01,    1.35,    0.00, 0
29, 3671, 1, 29,  1.78, 16.47, 75.82,  131.29, 5000.00,    0.01,    1.33,    0.00, 0
29, 3672, 1, 29,  1.80, 16.38, 76.01,  131.39, 5000.00,    0.01,    1.36,    0.00, 0
29, 3673, 1, 29,  1.77, 16.41, 76.17,  131.32, 5000.00,    0.01,    1.35,    0.00, 0
29, 3674, 1, 29,  1.77, 16.42, 76.28,  131.29, 5000.00,    0.01,    1.35,    0.00, 0
29, 3675, 1, 29,  2.08, 14.95, 57.36,  132.16, 5000.00,    0.01,    1.46,    0.00, 0
29, 3676, 1, 29,  2.01, 15.03, 57.42,  132.07, 5000.00,    0.01,    1.45,    0.00, 0
29, 3677, 1, 29,  1.97, 15.04, 57.55,  132.06, 5000.00,    0.01,    1.45,    0.00, 0
29, 3678, 1, 29,  2.04, 15.02, 57.85,  132.09, 5000.00,    0.01,    1.46,    0.00, 0
29, 3679, 1, 29,  2.02, 15.35, 58.19,  132.02, 5000.00,    0.01,    1.45,    0.00, 0
29, 3680, 1, 29,  1.97, 15.11, 58.67,  132.05, 5000.00,    0.01,    1.45,    0.00, 0
29, 3681, 1, 29,  1.75, 15.23, 59.20,  131.99, 5000.00,    0.01,    1.44,    0.00, 0
29, 3682, 1, 29,  1.85, 15.25, 60.12,  132.07, 5000.00,    0.01,    1.46,    0.00, 0
29, 3683, 1, 29,  1.84, 15.28, 61.36,  132.12, 5000.00,    0.01,    1.47,    0.00, 0
29, 3684, 1, 29,  1.80, 15.39, 63.09,  132.15, 5000.00,    0.01,    1.47,    0.00, 0
29, 3685, 1, 29,  1.48, 15.56, 64.87,  132.13, 5000.00,    0.01,    1.48,    0.00, 0
29, 3686, 1, 29,  1.56, 15.61, 67.89,  132.25, 5000.00,    0.01,    1.51,    0.00, 0
29, 3687, 1, 29,  1.43, 15.83, 70.51,  132.14, 5000.00,    0.01,    1.48,    0.00, 0
29, 3688, 1, 29,  1.33, 15.97, 72.23,  132.04, 5000.00,    0.01,    1.47,    0.00, 0
29, 3689, 1, 29,  1.52, 16.04, 73.42,  131.93, 5000.00,    0.01,    1.44,    0.00, 0
29, 3690, 1, 29,  1.24, 16.17, 74.25,  131.86, 5000.00,    0.01,    1.44,    0.00, 0
29, 3691, 1, 29,  1.19, 16.34, 74.94,  131.75, 5000.00,    0.01,    1.42,    0.00, 0
29, 3692, 1, 29,  1.15, 16.33, 75.45,  131.68, 5000.00,    0.01,    1.41,    0.00, 0
29, 3693, 1, 29,  1.13, 16.37, 75.82,  131.62, 5000.00,    0.01,    1.40,    0.00, 0
29, 3694, 1, 29,  1.12, 16.40, 76.13,  131.52, 5000.00,    0.01,    1.38,    0.00, 0
29, 3695, 1, 29,  1.11, 16.45, 76.29,  131.44, 5000.00,    0.01,    1.37,    0.00, 0
29, 3696, 1, 29,  1.10, 16.46, 76.40,  131.39, 5000.00,    0.01,    1.37,    0.00, 0
29, 3697, 1, 29,  1.83, 14.98, 57.43,  132.20, 5000.00,    0.01,    1.46,    0.00, 0
29, 3698, 1, 29,  1.78, 14.91, 57.54,  132.26, 5000.00,    0.01,    1.48,    0.00, 0
29, 3699, 1, 29,  1.75, 14.96, 57.62,  132.21, 5000.00,    0.01,    1.47,    0.00, 0
29, 3700, 1, 29,  1.80, 14.94, 57.96,  132.24, 5000.00,    0.01,    1.47,    0.00, 0
29, 3701, 1, 29,  1.75, 14.98, 58.31,  132.23, 5000.00,    0.01,    1.47,    0.00, 0
29, 3702, 1, 29,  1.71, 15.02, 58.81,  132.22, 5000.00,    0.01,    1.47,    0.00, 0
29, 3703, 1, 29,  1.48, 15.13, 59.40,  132.26, 5000.00,    0.01,    1.49,    0.00, 0
29, 3704, 1, 29,  1.60, 15.29, 60.03,  132.07, 5000.00,    0.01,    1.45,    0.00, 0
29, 3705, 1, 29,  1.58, 15.24, 61.60,  132.27, 5000.00,    0.01,    1.48,    0.00, 0
29, 3706, 1, 29,  1.53, 15.33, 63.24,  132.33, 5000.00,    0.01,    1.50,    0.00, 0
29, 3707, 1, 29,  1.19, 15.39, 65.31,  132.54, 5000.00,    0.01,    1.54,    0.00, 0
29, 3708, 1, 29,  1.29, 15.60, 67.90,  132.32, 5000.00,    0.01,    1.52,    0.00, 0
29, 3709, 1, 29,  1.17, 15.73, 70.57,  132.37, 5000.00,    0.01,    1.53,    0.00, 0
29, 3710, 1, 29,  1.08, 15.85, 72.27,  132.31, 5000.00,    0.01,    1.52,    0.00, 0
29, 3711, 1, 29,  1.22, 16.08, 73.65,  131.95, 5000.00,    0.01,    1.45,    0.00, 0
29, 3712, 1, 29,  0.99, 16.02, 74.44,  132.21, 5000.00,    0.01,    1.50,    0.00, 0
29, 3713, 1, 29,  0.97, 16.00, 74.92,  132.24, 5000.00,    0.01,    1.52,    0.00, 0
29, 3714, 1, 29,  0.93, 16.05, 75.44,  132.18, 5000.00,    0.01,    1.51,    0.00, 0
29, 3715, 1, 29,  0.92, 16.10, 75.80,  132.11, 5000.00,    0.01,    1.50,    0.00, 0
29, 3716, 1, 29,  0.91, 16.14, 76.15,  132.00, 5000.00,    0.01,    1.48,    0.00, 0
29, 3717, 1, 29,  0.90, 16.14, 76.34,  131.96, 5000.00,    0.02,    1.48,    0.00, 0
29, 3718, 1, 29,  0.89, 16.23, 76.50,  131.78, 5000.00,    0.02,    1.46,    0.00, 0
29, 3719, 1, 29, 15.50,  6.52, 56.28,  132.12, 5000.00,    0.01,    1.55,    0.00, 0
29, 3720, 1, 29, 15.48,  6.55, 56.46,  132.15, 5000.00,    0.01,    1.55,    0.00, 0
29, 3721, 1, 29, 15.54,  6.78, 56.49,  132.01, 5000.00,    0.01,    1.51,    0.00, 0
29, 3722, 1, 29, 15.68,  6.24, 56.75,  132.19, 5000.00,    0.01,    1.56,    0.00, 0
29, 3723, 1, 29, 15.73,  6.20, 57.20,  132.17, 5000.00,    0.01,    1.55,    0.00, 0
29, 3724, 1, 29, 15.85,  6.21, 57.57,  132.11, 5000.00,    0.01,    1.53,    0.00, 0
29, 3725, 1, 29, 15.81,  6.19, 58.35,  132.25, 5000.00,    0.02,    1.58,    0.00, 0
29, 3726, 1, 29, 15.82,  6.19, 59.24,  132.30, 5000.00,    0.02,    1.59,    0.00, 0
29, 3727, 1, 29, 15.79,  6.19, 60.49,  132.35, 5000.00,    0.02,    1.60,    0.00, 0
29, 3728, 1, 29, 15.79,  6.15, 62.23,  132.44, 5000.00,    0.02,    1.62,    0.00, 0
29, 3729, 1, 29, 15.72,  6.11, 64.41,  132.50, 5000.00,    0.02,    1.63,    0.00, 0
29, 3730, 1, 29, 15.74,  6.09, 67.25,  132.51, 5000.00,    0.02,    1.62,    0.00, 0
29, 3731, 1, 29, 15.74,  6.31, 69.79,  132.33, 5000.00,    0.02,    1.58,    0.00, 0
29, 3732, 1, 29, 15.75,  6.32, 71.65,  132.28, 5000.00,    0.02,    1.57,    0.00, 0
29, 3733, 1, 29, 15.76,  6.30, 72.85,  132.23, 5000.00,    0.02,    1.56,    0.00, 0
29, 3734, 1, 29, 15.79,  6.32, 73.70,  132.15, 5000.00,    0.02,    1.54,    0.00, 0
29, 3735, 1, 29, 15.81,  6.31, 74.37,  132.11, 5000.00,    0.02,    1.53,    0.00, 0
29, 3736, 1, 29, 15.82,  6.32, 74.88,  132.05, 5000.00,    0.01,    1.52,    0.00, 0
29, 3737, 1, 29, 15.84,  6.32, 75.28,  132.02, 5000.00,    0.01,    1.52,    0.00, 0
29, 3738, 1, 29, 15.82,  6.30, 75.57,  132.02, 5000.00,    0.01,    1.51,    0.00, 0
29, 3739, 1, 29, 15.74,  6.25, 75.81,  132.05, 5000.00,    0.01,    1.53,    0.00, 0
29, 3740, 1, 29, 15.72,  6.24, 75.90,  132.07, 5000.00,    0.01,    1.52,    0.00, 0
29, 3741, 1, 29, 15.49,  6.67, 56.22,  132.06, 5000.00,    0.01,    1.53,    0.00, 0
29, 3742, 1, 29, 15.55,  6.70, 56.32,  132.01, 5000.00,    0.01,    1.51,    0.00, 0
29, 3743, 1, 29, 15.48,  6.92, 56.45,  131.98, 5000.00,    0.01,    1.50,    0.00, 0
29, 3744, 1, 29, 15.80,  6.49, 56.64,  131.95, 5000.00,    0.01,    1.49,    0.00, 0
29, 3745, 1, 29, 15.82,  6.41, 57.01,  131.95, 5000.00,    0.01,    1.49,    0.00, 0
29, 3746, 1, 29, 15.85,  6.40, 57.57,  132.06, 5000.00,    0.01,    1.52,    0.00, 0
29, 3747, 1, 29, 15.89,  6.38, 58.18,  132.06, 5000.00,    0.01,    1.52,    0.00, 0
29, 3748, 1, 29, 15.85,  6.37, 59.16,  132.14, 5000.00,    0.02,    1.55,    0.00, 0
29, 3749, 1, 29, 15.81,  6.36, 60.42,  132.22, 5000.00,    0.02,    1.57,    0.00, 0
29, 3750, 1, 29, 15.74,  6.32, 62.23,  132.37, 5000.00,    0.02,    1.61,    0.00, 0
29, 3751, 1, 29, 15.80,  6.32, 64.35,  132.35, 5000.00,    0.02,    1.59,    0.00, 0
29, 3752, 1, 29, 15.74,  6.27, 67.24,  132.38, 5000.00,    0.02,    1.59,    0.00, 0
29, 3753, 1, 29, 15.68,  6.48, 69.74,  132.27, 5000.00,    0.02,    1.57,    0.00, 0
29, 3754, 1, 29, 15.84,  6.51, 71.82,  132.07, 5000.00,    0.02,    1.52,    0.00, 0
29, 3755, 1, 29, 15.90,  6.50, 73.05,  131.97, 5000.00,    0.01,    1.49,    0.00, 0
29, 3756, 1, 29, 15.95,  6.52, 73.92,  131.88, 5000.00,    0.01,    1.47,    0.00, 0
29, 3757, 1, 29, 16.00,  6.52, 74.59,  131.81, 5000.00,    0.01,    1.45,    0.00, 0
29, 3758, 1, 29, 16.01,  6.52, 75.08,  131.77, 5000.00,    0.01,    1.45,    0.00, 0
29, 3759, 1, 29, 16.04,  6.52, 75.46,  131.72, 5000.00,    0.01,    1.43,    0.00, 0
29, 3760, 1, 29, 16.00,  6.50, 75.72,  131.75, 5000.00,    0.01,    1.44,    0.00, 0
29, 3761, 1, 29, 15.62,  6.41, 75.81,  132.06, 5000.00,    0.01,    1.53,    0.00, 0
29, 3762, 1, 29, 15.52,  6.39, 75.88,  132.11, 5000.00,    0.01,    1.53,    0.00, 0
29, 3763, 1, 29, 15.42,  6.94, 56.22,  132.06, 5000.00,    0.01,    1.53,    0.00, 0
29, 3764, 1, 29, 15.52,  6.96, 56.31,  131.98, 5000.00,    0.01,    1.51,    0.00, 0
29, 3765, 1, 29, 15.50,  7.17, 56.41,  131.91, 5000.00,    0.01,    1.49,    0.00, 0
29, 3766, 1, 29, 15.73,  6.70, 56.63,  131.94, 5000.00,    0.01,    1.50,    0.00, 0
29, 3767, 1, 29, 15.70,  6.64, 57.11,  132.00, 5000.00,    0.01,    1.51,    0.00, 0
29, 3768, 1, 29, 15.73,  6.63, 57.61,  132.03, 5000.00,    0.01,    1.52,    0.00, 0
29, 3769, 1, 29, 15.80,  6.63, 58.27,  132.05, 5000.00,    0.01,    1.53,    0.00, 0
29, 3770, 1, 29, 15.73,  6.64, 59.24,  132.16, 5000.00,    0.01,    1.57,    0.00, 0
29, 3771, 1, 29, 15.69,  6.64, 60.52,  132.22, 5000.00,    0.01,    1.58,    0.00, 0
29, 3772, 1, 29, 15.69,  6.61, 62.25,  132.29, 5000.00,    0.02,    1.60,    0.00, 0
29, 3773, 1, 29, 15.67,  6.60, 64.48,  132.34, 5000.00,    0.02,    1.60,    0.00, 0
29, 3774, 1, 29, 15.63,  6.54, 67.28,  132.35, 5000.00,    0.02,    1.60,    0.00, 0
29, 3775, 1, 29, 15.59,  6.76, 69.73,  132.22, 5000.00,    0.01,    1.57,    0.00, 0
29, 3776, 1, 29, 15.76,  6.76, 71.80,  132.01, 5000.00,    0.01,    1.51,    0.00, 0
29, 3777, 1, 29, 15.83,  6.74, 73.04,  131.90, 5000.00,    0.01,    1.48,    0.00, 0
29, 3778, 1, 29, 15.88,  6.76, 73.93,  131.82, 5000.00,    0.01,    1.46,    0.00, 0
29, 3779, 1, 29, 15.92,  6.75, 74.59,  131.75, 5000.00,    0.01,    1.44,    0.00, 0
29, 3780, 1, 29, 15.94,  6.76, 75.11,  131.71, 5000.00,    0.01,    1.43,    0.00, 0
29, 3781, 1, 29, 15.97,  6.75, 75.50,  131.66, 5000.00,    0.01,    1.42,    0.00, 0
29, 3782, 1, 29, 15.91,  6.74, 75.76,  131.69, 5000.00,    0.01,    1.43,    0.00, 0
29, 3783, 1, 29, 15.53,  6.70, 75.82,  131.97, 5000.00,    0.01,    1.52,    0.00, 0
29, 3784, 1, 29, 15.65,  6.75, 75.98,  131.80, 5000.00,    0.02,    1.49,    0.00, 0
29, 3785, 1, 29, 15.27,  7.30, 56.16,  131.98, 5000.00,    0.01,    1.51,    0.00, 0
29, 3786, 1, 29, 15.33,  7.34, 56.28,  131.98, 5000.00,    0.01,    1.51,    0.00, 0
29, 3787, 1, 29, 15.14,  7.56, 56.38,  132.01, 5000.00,    0.01,    1.53,    0.00, 0
29, 3788, 1, 29, 15.49,  7.05, 56.67,  131.92, 5000.00,    0.01,    1.49,    0.00, 0
29, 3789, 1, 29, 15.54,  7.04, 57.08,  131.95, 5000.00,    0.01,    1.50,    0.00, 0
29, 3790, 1, 29, 15.55,  7.05, 57.61,  132.00, 5000.00,    0.01,    1.51,    0.00, 0
29, 3791, 1, 29, 15.57,  7.02, 58.26,  132.01, 5000.00,    0.01,    1.52,    0.00, 0
29, 3792, 1, 29, 15.56,  7.03, 59.18,  132.05, 5000.00,    0.01,    1.53,    0.00, 0
29, 3793, 1, 29, 15.53,  7.03, 60.44,  132.10, 5000.00,    0.01,    1.54,    0.00, 0
29, 3794, 1, 29, 15.54,  7.01, 62.21,  132.15, 5000.00,    0.01,    1.56,    0.00, 0
29, 3795, 1, 29, 15.47,  7.04, 64.49,  132.25, 5000.00,    0.01,    1.58,    0.00, 0
29, 3796, 1, 29, 15.51,  6.96, 67.27,  132.18, 5000.00,    0.01,    1.56,    0.00, 0
29, 3797, 1, 29, 15.46,  7.16, 69.90,  132.08, 5000.00,    0.01,    1.53,    0.00, 0
29, 3798, 1, 29, 15.53,  7.17, 71.73,  131.98, 5000.00,    0.01,    1.50,    0.00, 0
29, 3799, 1, 29, 15.58,  7.14, 72.97,  131.89, 5000.00,    0.01,    1.48,    0.00, 0
29, 3800, 1, 29, 15.63,  7.15, 73.87,  131.81, 5000.00,    0.01,    1.46,    0.00, 0
29, 3801, 1, 29, 15.67,  7.14, 74.56,  131.74, 5000.00,    0.01,    1.44,    0.00, 0
29, 3802, 1, 29, 15.68,  7.15, 75.10,  131.69, 5000.00,    0.01,    1.44,    0.00, 0
29, 3803, 1, 29, 15.71,  7.15, 75.51,  131.63, 5000.00,    0.01,    1.42,    0.00, 0
29, 3804, 1, 29, 15.73,  7.16, 75.83,  131.57, 5000.00,    0.01,    1.42,    0.00, 0
29, 3805, 1, 29, 15.75,  7.20, 75.99,  131.47, 5000.00,    0.01,    1.41,    0.00, 0
29, 3806, 1, 29, 15.79,  7.24, 76.11,  131.35, 5000.00,    0.02,    1.39,    0.00, 0
29, 3807, 1, 29, 14.97,  8.00, 56.48,  131.95, 5000.00,    0.01,    1.50,    0.00, 0
29, 3808, 1, 29, 14.98,  8.02, 56.55,  131.93, 5000.00,    0.01,    1.50,    0.00, 0
29, 3809, 1, 29, 14.85,  8.28, 56.70,  131.92, 5000.00,    0.01,    1.49,    0.00, 0
29, 3810, 1, 29, 15.04,  7.78, 57.06,  132.01, 5000.00,    0.01,    1.53,    0.00, 0
29, 3811, 1, 29, 15.11,  7.77, 57.45,  131.97, 5000.00,    0.01,    1.51,    0.00, 0
29, 3812, 1, 29, 15.15,  7.75, 57.91,  131.96, 5000.00,    0.01,    1.51,    0.00, 0
29, 3813, 1, 29, 15.15,  7.76, 58.60,  131.99, 5000.00,    0.01,    1.52,    0.00, 0
29, 3814, 1, 29, 15.16,  7.76, 59.51,  132.01, 5000.00,    0.01,    1.53,    0.00, 0
29, 3815, 1, 29, 15.14,  7.77, 60.77,  132.04, 5000.00,    0.01,    1.54,    0.00, 0
29, 3816, 1, 29, 15.15,  7.77, 62.47,  132.08, 5000.00,    0.01,    1.55,    0.00, 0
29, 3817, 1, 29, 15.14,  7.79, 64.63,  132.10, 5000.00,    0.01,    1.55,    0.00, 0
29, 3818, 1, 29, 15.11,  7.73, 67.45,  132.10, 5000.00,    0.01,    1.55,    0.00, 0
29, 3819, 1, 29, 15.06,  7.92, 69.93,  132.00, 5000.00,    0.01,    1.52,    0.00, 0
29, 3820, 1, 29, 15.27,  7.89, 71.92,  131.81, 5000.00,    0.01,    1.46,    0.00, 0
29, 3821, 1, 29, 15.32,  7.85, 73.11,  131.74, 5000.00,    0.01,    1.44,    0.00, 0
29, 3822, 1, 29, 15.35,  7.88, 73.97,  131.66, 5000.00,    0.01,    1.42,    0.00, 0
29, 3823, 1, 29, 15.39,  7.89, 74.63,  131.60, 5000.00,    0.01,    1.41,    0.00, 0
29, 3824, 1, 29, 15.43,  7.91, 75.19,  131.50, 5000.00,    0.01,    1.39,    0.00, 0
29, 3825, 1, 29, 15.43,  7.92, 75.53,  131.46, 5000.00,    0.01,    1.39,    0.00, 0
29, 3826, 1, 29, 15.43,  7.93, 75.85,  131.41, 5000.00,    0.01,    1.38,    0.00, 0
29, 3827, 1, 29, 15.53,  7.95, 76.05,  131.22, 5000.00,    0.01,    1.34,    0.00, 0
29, 3828, 1, 29, 15.48,  7.95, 76.13,  131.22, 5000.00,    0.01,    1.35,    0.00, 0
29, 3829, 1, 29, 14.25,  9.30, 56.13,  131.92, 5000.00,    0.01,    1.50,    0.00, 0
29, 3830, 1, 29, 14.26,  9.32, 56.25,  131.91, 5000.00,    0.01,    1.50,    0.00, 0
29, 3831, 1, 29, 14.15,  9.51, 56.37,  131.88, 5000.00,    0.01,    1.49,    0.00, 0
29, 3832, 1, 29, 14.53,  9.07, 56.64,  131.85, 5000.00,    0.01,    1.48,    0.00, 0
29, 3833, 1, 29, 14.53,  9.04, 57.04,  131.86, 5000.00,    0.01,    1.48,    0.00, 0
29, 3834, 1, 29, 14.48,  9.10, 57.56,  131.88, 5000.00,    0.01,    1.50,    0.00, 0
29, 3835, 1, 29, 14.42,  9.08, 58.24,  131.90, 5000.00,    0.01,    1.51,    0.00, 0
29, 3836, 1, 29, 14.44,  9.09, 59.15,  131.91, 5000.00,    0.01,    1.51,    0.00, 0
29, 3837, 1, 29, 14.53,  9.04, 60.36,  131.87, 5000.00,    0.01,    1.49,    0.00, 0
29, 3838, 1, 29, 14.42,  9.11, 62.15,  131.94, 5000.00,    0.01,    1.52,    0.00, 0
29, 3839, 1, 29, 14.40,  9.17, 64.38,  131.94, 5000.00,    0.01,    1.52,    0.00, 0
29, 3840, 1, 29, 14.37,  9.10, 67.25,  131.94, 5000.00,    0.01,    1.51,    0.00, 0
29, 3841, 1, 29, 14.32,  9.26, 69.80,  131.87, 5000.00,    0.01,    1.49,    0.00, 0
29, 3842, 1, 29, 14.54,  9.20, 71.76,  131.69, 5000.00,    0.01,    1.43,    0.00, 0
29, 3843, 1, 29, 14.61,  9.15, 72.97,  131.61, 5000.00,    0.01,    1.41,    0.00, 0
29, 3844, 1, 29, 14.63,  9.20, 73.85,  131.53, 5000.00,    0.01,    1.39,    0.00, 0
29, 3845, 1, 29, 14.67,  9.21, 74.53,  131.45, 5000.00,    0.01,    1.38,    0.00, 0
29, 3846, 1, 29, 14.73,  9.23, 75.09,  131.34, 5000.00,    0.01,    1.35,    0.00, 0
29, 3847, 1, 29, 14.76,  9.25, 75.49,  131.26, 5000.00,    0.01,    1.34,    0.00, 0
29, 3848, 1, 29, 14.74,  9.27, 75.74,  131.24, 5000.00,    0.01,    1.34,    0.00, 0
29, 3849, 1, 29, 14.84,  9.36, 75.88,  131.20, 5000.00,    0.01,    1.34,    0.00, 0
29, 3850, 1, 29, 14.76,  9.29, 75.99,  131.14, 5000.00,    0.01,    1.33,    0.00, 0
29, 3851, 1, 29, 12.61, 11.50, 55.98,  131.86, 5000.00,    0.01,    1.48,    0.00, 0
29, 3852, 1, 29, 12.61, 11.52, 56.08,  131.85, 5000.00,    0.01,    1.47,    0.00, 0
29, 3853, 1, 29, 12.47, 11.67, 56.22,  131.84, 5000.00,    0.01,    1.47,    0.00, 0
29, 3854, 1, 29, 12.76, 11.37, 56.51,  131.84, 5000.00,    0.01,    1.48,    0.00, 0
29, 3855, 1, 29, 12.78, 11.37, 56.90,  131.83, 5000.00,    0.01,    1.48,    0.00, 0
29, 3856, 1, 29, 12.73, 11.42, 57.42,  131.83, 5000.00,    0.01,    1.48,    0.00, 0
29, 3857, 1, 29, 12.73, 11.40, 58.06,  131.81, 5000.00,    0.01,    1.47,    0.00, 0
29, 3858, 1, 29, 12.78, 11.39, 58.96,  131.80, 5000.00,    0.01,    1.47,    0.00, 0
29, 3859, 1, 29, 12.78, 11.41, 60.21,  131.79, 5000.00,    0.01,    1.47,    0.00, 0
29, 3860, 1, 29, 12.80, 11.43, 61.96,  131.78, 5000.00,    0.01,    1.46,    0.00, 0
29, 3861, 1, 29, 12.68, 11.49, 64.24,  131.78, 5000.00,    0.01,    1.46,    0.00, 0
29, 3862, 1, 29, 12.84, 11.55, 67.23,  131.75, 5000.00,    0.01,    1.46,    0.00, 0
29, 3863, 1, 29, 12.67, 11.55, 69.98,  131.67, 5000.00,    0.01,    1.43,    0.00, 0
29, 3864, 1, 29, 12.75, 11.58, 71.82,  131.56, 5000.00,    0.01,    1.40,    0.00, 0
29, 3865, 1, 29, 12.88, 11.53, 73.08,  131.44, 5000.00,    0.01,    1.37,    0.00, 0
29, 3866, 1, 29, 12.88, 11.61, 73.95,  131.35, 5000.00,    0.01,    1.35,    0.00, 0
29, 3867, 1, 29, 12.93, 11.64, 74.64,  131.25, 5000.00,    0.01,    1.33,    0.00, 0
29, 3868, 1, 29, 12.96, 11.68, 75.18,  131.15, 5000.00,    0.01,    1.31,    0.00, 0
29, 3869, 1, 29, 12.98, 11.71, 75.58,  131.07, 5000.00,    0.01,    1.29,    0.00, 0
29, 3870, 1, 29, 12.93, 11.74, 75.78,  131.07, 5000.00,    0.01,    1.30,    0.00, 0
29, 3871, 1, 29, 12.90, 11.76, 75.92,  131.06, 5000.00,    0.01,    1.31,    0.00, 0
29, 3872, 1, 29, 12.82, 11.77, 76.01,  131.09, 5000.00,    0.01,    1.32,    0.00, 0
29, 3873, 1, 29,  9.37, 14.27, 55.91,  131.85, 5000.00,    0.01,    1.48,    0.00, 0
29, 3874, 1, 29,  9.31, 14.30, 56.02,  131.86, 5000.00,    0.01,    1.49,    0.00, 0
29, 3875, 1, 29,  9.23, 14.36, 56.15,  131.85, 5000.00,    0.01,    1.49,    0.00, 0
29, 3876, 1, 29,  9.49, 14.23, 56.44,  131.82, 5000.00,    0.01,    1.48,    0.00, 0
29, 3877, 1, 29,  9.25, 14.41, 56.86,  131.84, 5000.00,    0.00,    1.49,    0.00, 0
29, 3878, 1, 29,  9.21, 14.39, 57.37,  131.84, 5000.00,    0.00,    1.48,    0.00, 0
29, 3879, 1, 29,  9.03, 14.51, 58.04,  131.84, 5000.00,    0.00,    1.48,    0.00, 0
29, 3880, 1, 29,  9.10, 14.50, 58.95,  131.83, 5000.00,    0.00,    1.48,    0.00, 0
29, 3881, 1, 29,  9.08, 14.53, 60.21,  131.81, 5000.00,    0.00,    1.48,    0.00, 0
29, 3882, 1, 29,  9.31, 14.35, 61.94,  131.77, 5000.00,    0.00,    1.47,    0.00, 0
29, 3883, 1, 29,  9.10, 14.44, 64.24,  131.76, 5000.00,    0.00,    1.47,    0.00, 0
29, 3884, 1, 29,  9.19, 14.43, 67.26,  131.73, 5000.00,    0.00,    1.46,    0.00, 0
29, 3885, 1, 29,  8.77, 14.72, 69.97,  131.68, 5000.00,    0.01,    1.43,    0.00, 0
29, 3886, 1, 29,  8.75, 14.83, 71.82,  131.56, 5000.00,    0.01,    1.41,    0.00, 0
29, 3887, 1, 29,  8.86, 14.77, 73.08,  131.43, 5000.00,    0.01,    1.38,    0.00, 0
29, 3888, 1, 29,  8.71, 14.94, 73.99,  131.31, 5000.00,    0.01,    1.35,    0.00, 0
29, 3889, 1, 29,  8.72, 15.01, 74.68,  131.20, 5000.00,    0.01,    1.34,    0.00, 0
29, 3890, 1, 29,  8.73, 15.07, 75.24,  131.09, 5000.00,    0.01,    1.31,    0.00, 0
29, 3891, 1, 29,  8.74, 15.10, 75.64,  131.01, 5000.00,    0.01,    1.30,    0.00, 0
29, 3892, 1, 29,  8.77, 14.97, 75.81,  131.11, 5000.00,    0.01,    1.33,    0.00, 0
29, 3893, 1, 29,  8.79, 15.00, 75.98,  131.06, 5000.00,    0.01,    1.33,    0.00, 0
29, 3894, 1, 29,  8.77, 15.03, 76.09,  131.01, 5000.00,    0.01,    1.31,    0.00, 0
29, 3895, 1, 29,  5.82, 15.48, 56.24,  132.00, 5000.00,    0.01,    1.50,    0.00, 0
29, 3896, 1, 29,  5.81, 15.48, 56.33,  131.99, 5000.00,    0.01,    1.51,    0.00, 0
29, 3897, 1, 29,  5.66, 15.54, 56.44,  131.96, 5000.00,    0.01,    1.51,    0.00, 0
29, 3898, 1, 29,  5.77, 15.56, 56.78,  131.93, 5000.00,    0.01,    1.48,    0.00, 0
29, 3899, 1, 29,  5.76, 15.58, 57.17,  131.92, 5000.00,    0.01,    1.48,    0.00, 0
29, 3900, 1, 29,  5.79, 15.67, 57.67,  131.90, 5000.00,    0.00,    1.48,    0.00, 0
29, 3901, 1, 29,  5.71, 15.72, 58.35,  131.91, 5000.00,    0.01,    1.49,    0.00, 0
29, 3902, 1, 29,  5.82, 15.72, 59.26,  131.89, 5000.00,    0.00,    1.49,    0.00, 0
29, 3903, 1, 29,  5.85, 15.83, 60.51,  131.87, 5000.00,    0.00,    1.49,    0.00, 0
29, 3904, 1, 29,  5.87, 15.98, 62.24,  131.85, 5000.00,    0.00,    1.49,    0.00, 0
29, 3905, 1, 29,  5.59, 16.16, 64.51,  131.84, 5000.00,    0.00,    1.50,    0.00, 0
29, 3906, 1, 29,  5.69, 16.15, 67.42,  131.80, 5000.00,    0.01,    1.48,    0.00, 0
29, 3907, 1, 29,  5.53, 16.20, 70.09,  131.73, 5000.00,    0.01,    1.46,    0.00, 0
29, 3908, 1, 29,  5.46, 16.26, 71.90,  131.62, 5000.00,    0.01,    1.44,    0.00, 0
29, 3909, 1, 29,  5.64, 16.29, 73.14,  131.47, 5000.00,    0.01,    1.41,    0.00, 0
29, 3910, 1, 29,  5.13, 16.63, 74.11,  131.29, 5000.00,    0.01,    1.33,    0.00, 0
29, 3911, 1, 29,  5.10, 16.71, 74.78,  131.18, 5000.00,    0.01,    1.30,    0.00, 0
29, 3912, 1, 29,  5.08, 16.79, 75.33,  131.08, 5000.00,    0.01,    1.28,    0.00, 0
29, 3913, 1, 29,  5.08, 16.82, 75.72,  131.01, 5000.00,    0.01,    1.27,    0.00, 0
29, 3914, 1, 29,  5.10, 16.76, 75.88,  131.07, 5000.00,    0.01,    1.29,    0.00, 0
29, 3915, 1, 29,  5.10, 16.80, 76.06,  130.99, 5000.00,    0.01,    1.27,    0.00, 0
29, 3916, 1, 29,  5.14, 16.70, 76.14,  131.05, 5000.00,    0.01,    1.30,    0.00, 0
29, 3917, 1, 29,  4.04, 15.60, 56.66,  132.21, 5000.00,    0.01,    1.54,    0.00, 0
29, 3918, 1, 29,  3.85, 15.77, 56.69,  132.00, 5000.00,    0.01,    1.48,    0.00, 0
29, 3919, 1, 29,  3.76, 15.84, 56.79,  131.93, 5000.00,    0.01,    1.46,    0.00, 0
29, 3920, 1, 29,  3.88, 15.79, 57.08,  131.95, 5000.00,    0.01,    1.47,    0.00, 0
29, 3921, 1, 29,  3.86, 15.84, 57.46,  131.92, 5000.00,    0.01,    1.46,    0.00, 0
29, 3922, 1, 29,  3.84, 15.90, 57.94,  131.88, 5000.00,    0.01,    1.45,    0.00, 0
29, 3923, 1, 29,  3.64, 15.98, 58.58,  131.87, 5000.00,    0.01,    1.45,    0.00, 0
29, 3924, 1, 29,  3.75, 16.05, 59.48,  131.87, 5000.00,    0.01,    1.46,    0.00, 0
29, 3925, 1, 29,  3.76, 16.10, 60.72,  131.88, 5000.00,    0.01,    1.46,    0.00, 0
29, 3926, 1, 29,  3.73, 16.21, 62.43,  131.85, 5000.00,    0.01,    1.46,    0.00, 0
29, 3927, 1, 29,  3.43, 16.40, 64.62,  131.85, 5000.00,    0.01,    1.46,    0.00, 0
29, 3928, 1, 29,  3.53, 16.57, 67.60,  131.81, 5000.00,    0.01,    1.46,    0.00, 0
29, 3929, 1, 29,  3.41, 16.86, 70.25,  131.73, 5000.00,    0.01,    1.44,    0.00, 0
29, 3930, 1, 29,  3.30, 16.98, 72.10,  131.60, 5000.00,    0.01,    1.41,    0.00, 0
29, 3931, 1, 29,  3.43, 17.00, 73.31,  131.48, 5000.00,    0.01,    1.38,    0.00, 0
29, 3932, 1, 29,  3.20, 17.12, 74.19,  131.38, 5000.00,    0.01,    1.36,    0.00, 0
29, 3933, 1, 29,  3.15, 17.14, 74.86,  131.28, 5000.00,    0.01,    1.34,    0.00, 0
29, 3934, 1, 29,  3.13, 17.20, 75.39,  131.20, 5000.00,    0.01,    1.33,    0.00, 0
29, 3935, 1, 29,  3.12, 17.24, 75.79,  131.12, 5000.00,    0.01,    1.31,    0.00, 0
29, 3936, 1, 29,  3.14, 17.21, 75.96,  131.14, 5000.00,    0.01,    1.33,    0.00, 0
29, 3937, 1, 29,  3.15, 17.20, 76.10,  131.14, 5000.00,    0.01,    1.34,    0.00, 0
29, 3938, 1, 29,  3.16, 17.16, 76.19,  131.14, 5000.00,    0.01,    1.34,    0.00, 0
29, 3939, 1, 29,  2.76, 15.87, 57.07,  131.99, 5000.00,    0.01,    1.47,    0.00, 0
29, 3940, 1, 29,  2.70, 15.90, 57.14,  131.97, 5000.00,    0.01,    1.46,    0.00, 0
29, 3941, 1, 29,  2.65, 15.91, 57.27,  131.97, 5000.00,    0.01,    1.47,    0.00, 0
29, 3942, 1, 29,  2.74, 15.93, 57.56,  131.95, 5000.00,    0.01,    1.47,    0.00, 0
29, 3943, 1, 29,  2.70, 15.96, 57.93,  131.94, 5000.00,    0.01,    1.46,    0.00, 0
29, 3944, 1, 29,  2.68, 16.00, 58.41,  131.93, 5000.00,    0.01,    1.46,    0.00, 0
29, 3945, 1, 29,  2.45, 16.10, 59.02,  131.91, 5000.00,    0.01,    1.46,    0.00, 0
29, 3946, 1, 29,  2.56, 16.10, 59.91,  131.93, 5000.00,    0.01,    1.46,    0.00, 0
29, 3947, 1, 29,  2.56, 16.15, 61.13,  131.94, 5000.00,    0.01,    1.47,    0.00, 0
29, 3948, 1, 29,  2.52, 16.27, 62.83,  131.95, 5000.00,    0.01,    1.47,    0.00, 0
29, 3949, 1, 29,  2.19, 16.44, 64.87,  131.96, 5000.00,    0.01,    1.49,    0.00, 0
29, 3950, 1, 29,  2.29, 16.64, 67.88,  131.94, 5000.00,    0.01,    1.49,    0.00, 0
29, 3951, 1, 29,  2.17, 16.85, 70.41,  131.87, 5000.00,    0.01,    1.47,    0.00, 0
29, 3952, 1, 29,  2.07, 17.01, 72.20,  131.77, 5000.00,    0.01,    1.45,    0.00, 0
29, 3953, 1, 29,  2.22, 17.13, 73.40,  131.63, 5000.00,    0.01,    1.42,    0.00, 0
29, 3954, 1, 29,  1.97, 17.27, 74.24,  131.58, 5000.00,    0.01,    1.41,    0.00, 0
29, 3955, 1, 29,  1.92, 17.29, 74.90,  131.49, 5000.00,    0.01,    1.39,    0.00, 0
29, 3956, 1, 29,  1.89, 17.37, 75.42,  131.39, 5000.00,    0.01,    1.37,    0.00, 0
29, 3957, 1, 29,  1.89, 17.43, 75.80,  131.30, 5000.00,    0.01,    1.36,    0.00, 0
29, 3958, 1, 29,  1.88, 17.42, 76.04,  131.29, 5000.00,    0.01,    1.35,    0.00, 0
29, 3959, 1, 29,  1.88, 17.37, 76.16,  131.32, 5000.00,    0.01,    1.37,    0.00, 0
29, 3960, 1, 29,  1.86, 17.41, 76.29,  131.24, 5000.00,    0.01,    1.35,    0.00, 0
29, 3961, 1, 29,  2.16, 15.82, 57.43,  132.08, 5000.00,    0.01,    1.48,    0.00, 0
29, 3962, 1, 29,  2.08, 15.90, 57.47,  131.99, 5000.00,    0.01,    1.47,    0.00, 0
29, 3963, 1, 29,  2.05, 15.89, 57.62,  132.03, 5000.00,    0.01,    1.48,    0.00, 0
29, 3964, 1, 29,  2.11, 15.94, 57.88,  131.97, 5000.00,    0.01,    1.47,    0.00, 0
29, 3965, 1, 29,  2.11, 16.21, 58.26,  131.96, 5000.00,    0.01,    1.48,    0.00, 0
29, 3966, 1, 29,  2.05, 16.02, 58.72,  131.97, 5000.00,    0.01,    1.46,    0.00, 0
29, 3967, 1, 29,  1.80, 16.05, 59.39,  132.03, 5000.00,    0.01,    1.48,    0.00, 0
29, 3968, 1, 29,  1.93, 16.15, 60.20,  132.00, 5000.00,    0.01,    1.48,    0.00, 0
29, 3969, 1, 29,  1.93, 16.19, 61.53,  132.06, 5000.00,    0.01,    1.49,    0.00, 0
29, 3970, 1, 29,  1.88, 16.30, 63.14,  132.07, 5000.00,    0.01,    1.50,    0.00, 0
29, 3971, 1, 29,  1.55, 16.49, 64.95,  132.07, 5000.00,    0.01,    1.50,    0.00, 0
29, 3972, 1, 29,  1.65, 16.53, 68.00,  132.16, 5000.00,    0.01,    1.53,    0.00, 0
29, 3973, 1, 29,  1.50, 16.79, 70.65,  132.04, 5000.00,    0.01,    1.50,    0.00, 0
29, 3974, 1, 29,  1.41, 16.91, 72.37,  131.97, 5000.00,    0.01,    1.49,    0.00, 0
29, 3975, 1, 29,  1.56, 17.07, 73.61,  131.79, 5000.00,    0.01,    1.45,    0.00, 0
29, 3976, 1, 29,  1.30, 17.14, 74.42,  131.79, 5000.00,    0.01,    1.45,    0.00, 0
29, 3977, 1, 29,  1.26, 17.30, 75.06,  131.71, 5000.00,    0.01,    1.44,    0.00, 0
29, 3978, 1, 29,  1.21, 17.30, 75.61,  131.63, 5000.00,    0.01,    1.43,    0.00, 0
29, 3979, 1, 29,  1.19, 17.36, 75.99,  131.53, 5000.00,    0.01,    1.41,    0.00, 0
29, 3980, 1, 29,  1.18, 17.38, 76.30,  131.44, 5000.00,    0.01,    1.39,    0.00, 0
29, 3981, 1, 29,  1.17, 17.43, 76.48,  131.34, 5000.00,    0.01,    1.37,    0.00, 0
29, 3982, 1, 29,  1.19, 17.34, 76.46,  131.51, 5000.00,    0.02,    1.45,    0.00, 0
29, 3983, 1, 29,  1.89, 15.89, 57.45,  132.08, 5000.00,    0.01,    1.49,    0.00, 0
29, 3984, 1, 29,  1.83, 15.83, 57.57,  132.11, 5000.00,    0.01,    1.49,    0.00, 0
29, 3985, 1, 29,  1.82, 15.82, 57.67,  132.14, 5000.00,    0.01,    1.50,    0.00, 0
29, 3986, 1, 29,  1.86, 15.84, 57.99,  132.12, 5000.00,    0.01,    1.49,    0.00, 0
29, 3987, 1, 29,  1.82, 15.86, 58.36,  132.13, 5000.00,    0.01,    1.49,    0.00, 0
29, 3988, 1, 29,  1.79, 15.99, 58.80,  132.05, 5000.00,    0.01,    1.47,    0.00, 0
29, 3989, 1, 29,  1.54, 16.05, 59.41,  132.15, 5000.00,    0.01,    1.51,    0.00, 0
29, 3990, 1, 29,  1.67, 16.07, 60.30,  132.15, 5000.00,    0.01,    1.51,    0.00, 0
29, 3991, 1, 29,  1.65, 16.16, 61.61,  132.17, 5000.00,    0.01,    1.50,    0.00, 0
29, 3992, 1, 29,  1.60, 16.25, 63.26,  132.22, 5000.00,    0.01,    1.52,    0.00, 0
29, 3993, 1, 29,  1.25, 16.33, 65.29,  132.39, 5000.00,    0.01,    1.56,    0.00, 0
29, 3994, 1, 29,  1.35, 16.54, 67.89,  132.22, 5000.00,    0.01,    1.54,    0.00, 0
29, 3995, 1, 29,  1.22, 16.70, 70.58,  132.24, 5000.00,    0.01,    1.55,    0.00, 0
29, 3996, 1, 29,  1.14, 16.83, 72.28,  132.18, 5000.00,    0.01,    1.54,    0.00, 0
29, 3997, 1, 29,  1.30, 16.94, 73.47,  132.00, 5000.00,    0.01,    1.50,    0.00, 0
29, 3998, 1, 29,  1.18, 16.19, 73.47,  132.94, 5000.00,    0.02,    1.68,    0.00, 0
29, 3999, 1, 29,  1.02, 16.97, 74.91,  132.10, 5000.00,    0.01,    1.54,    0.00, 0
29, 4000, 1, 29,  0.98, 17.04, 75.43,  132.04, 5000.00,    0.01,    1.53,    0.00, 0
29, 4001, 1, 29,  0.97, 17.09, 75.79,  131.98, 5000.00,    0.01,    1.51,    0.00, 0
29, 4002, 1, 29,  0.96, 17.13, 76.12,  131.89, 5000.00,    0.01,    1.50,    0.00, 0
29, 4003, 1, 29,  0.95, 17.11, 76.29,  131.89, 5000.00,    0.02,    1.51,    0.00, 0
29, 4004, 1, 29,  0.94, 17.20, 76.45,  131.75, 5000.00,    0.02,    1.49,    0.00, 0
29, 4005, 1, 29, 16.32,  7.07, 56.27,  132.02, 5000.00,    0.01,    1.57,    0.00, 0
29, 4006, 1, 29, 16.27,  7.12, 56.48,  132.05, 5000.00,    0.01,    1.58,    0.00, 0
29, 4007, 1, 29, 16.41,  7.13, 56.52,  131.95, 5000.00,    0.01,    1.54,    0.00, 0
29, 4008, 1, 29, 16.60,  6.79, 56.73,  132.01, 5000.00,    0.01,    1.55,    0.00, 0
29, 4009, 1, 29, 16.63,  6.77, 57.07,  132.01, 5000.00,    0.01,    1.55,    0.00, 0
29, 4010, 1, 29, 16.65,  6.73, 57.59,  132.05, 5000.00,    0.02,    1.56,    0.00, 0
29, 4011, 1, 29, 16.72,  6.73, 58.30,  132.09, 5000.00,    0.02,    1.58,    0.00, 0
29, 4012, 1, 29, 16.71,  6.74, 59.21,  132.15, 5000.00,    0.02,    1.60,    0.00, 0
29, 4013, 1, 29, 16.66,  6.73, 60.48,  132.22, 5000.00,    0.02,    1.61,    0.00, 0
29, 4014, 1, 29, 16.65,  6.69, 62.23,  132.32, 5000.00,    0.02,    1.64,    0.00, 0
29, 4015, 1, 29, 16.58,  6.65, 64.42,  132.37, 5000.00,    0.02,    1.64,    0.00, 0
29, 4016, 1, 29, 16.56,  6.87, 67.28,  132.27, 5000.00,    0.02,    1.62,    0.00, 0
29, 4017, 1, 29, 16.59,  6.85, 69.80,  132.21, 5000.00,    0.02,    1.60,    0.00, 0
29, 4018, 1, 29, 16.68,  6.87, 71.75,  132.10, 5000.00,    0.02,    1.57,    0.00, 0
29, 4019, 1, 29, 16.70,  6.85, 72.95,  132.03, 5000.00,    0.02,    1.55,    0.00, 0
29, 4020, 1, 29, 16.72,  6.86, 73.79,  131.97, 5000.00,    0.02,    1.54,    0.00, 0
29, 4021, 1, 29, 16.73,  6.86, 74.45,  131.93, 5000.00,    0.02,    1.53,    0.00, 0
29, 4022, 1, 29, 16.75,  6.87, 74.94,  131.88, 5000.00,    0.01,    1.51,    0.00, 0
29, 4023, 1, 29, 16.76,  6.87, 75.33,  131.85, 5000.00,    0.01,    1.51,    0.00, 0
29, 4024, 1, 29, 16.74,  6.85, 75.62,  131.84, 5000.00,    0.01,    1.51,    0.00, 0
29, 4025, 1, 29, 16.60,  6.79, 75.82,  131.93, 5000.00,    0.01,    1.54,    0.00, 0
29, 4026, 1, 29, 16.43,  6.75, 75.86,  132.03, 5000.00,    0.01,    1.56,    0.00, 0
29, 4027, 1, 29, 16.23,  7.23, 56.24,  132.00, 5000.00,    0.01,    1.57,    0.00, 0
29, 4028, 1, 29, 16.33,  7.26, 56.34,  131.93, 5000.00,    0.01,    1.54,    0.00, 0
29, 4029, 1, 29, 16.36,  7.27, 56.47,  131.91, 5000.00,    0.01,    1.53,    0.00, 0
29, 4030, 1, 29, 16.64,  7.03, 56.63,  131.87, 5000.00,    0.01,    1.50,    0.00, 0
29, 4031, 1, 29, 16.67,  6.95, 57.00,  131.88, 5000.00,    0.01,    1.50,    0.00, 0
29, 4032, 1, 29, 16.63,  6.92, 57.63,  132.01, 5000.00,    0.01,    1.56,    0.00, 0
29, 4033, 1, 29, 16.63,  6.91, 58.30,  132.06, 5000.00,    0.01,    1.57,    0.00, 0
29, 4034, 1, 29, 16.64,  6.91, 59.21,  132.10, 5000.00,    0.02,    1.59,    0.00, 0
29, 4035, 1, 29, 16.60,  6.91, 60.49,  132.16, 5000.00,    0.02,    1.60,    0.00, 0
29, 4036, 1, 29, 16.60,  6.87, 62.23,  132.24, 5000.00,    0.02,    1.63,    0.00, 0
29, 4037, 1, 29, 16.59,  6.86, 64.45,  132.29, 5000.00,    0.02,    1.63,    0.00, 0
29, 4038, 1, 29, 16.56,  7.07, 67.32,  132.17, 5000.00,    0.02,    1.59,    0.00, 0
29, 4039, 1, 29, 16.52,  7.04, 69.77,  132.16, 5000.00,    0.02,    1.59,    0.00, 0
29, 4040, 1, 29, 16.70,  7.06, 71.84,  131.98, 5000.00,    0.02,    1.54,    0.00, 0
29, 4041, 1, 29, 16.78,  7.05, 73.06,  131.87, 5000.00,    0.01,    1.50,    0.00, 0
29, 4042, 1, 29, 16.81,  7.06, 73.94,  131.81, 5000.00,    0.01,    1.48,    0.00, 0
29, 4043, 1, 29, 16.85,  7.06, 74.60,  131.75, 5000.00,    0.01,    1.46,    0.00, 0
29, 4044, 1, 29, 16.88,  7.06, 75.10,  131.70, 5000.00,    0.01,    1.46,    0.00, 0
29, 4045, 1, 29, 16.90,  7.06, 75.48,  131.66, 5000.00,    0.01,    1.45,    0.00, 0
29, 4046, 1, 29, 16.87,  7.05, 75.73,  131.68, 5000.00,    0.01,    1.46,    0.00, 0
29, 4047, 1, 29, 16.49,  6.96, 75.83,  131.90, 5000.00,    0.01,    1.55,    0.00, 0
29, 4048, 1, 29, 16.31,  6.93, 75.87,  131.98, 5000.00,    0.01,    1.57,    0.00, 0
29, 4049, 1, 29, 16.21,  7.52, 56.22,  131.95, 5000.00,    0.01,    1.56,    0.00, 0
29, 4050, 1, 29, 16.29,  7.53, 56.33,  131.90, 5000.00,    0.01,    1.53,    0.00, 0
29, 4051, 1, 29, 16.34,  7.54, 56.46,  131.87, 5000.00,    0.01,    1.52,    0.00, 0
29, 4052, 1, 29, 16.56,  7.25, 56.62,  131.85, 5000.00,    0.01,    1.51,    0.00, 0
29, 4053, 1, 29, 16.54,  7.19, 57.10,  131.91, 5000.00,    0.01,    1.52,    0.00, 0
29, 4054, 1, 29, 16.51,  7.17, 57.64,  131.97, 5000.00,    0.01,    1.55,    0.00, 0
29, 4055, 1, 29, 16.59,  7.20, 58.29,  131.99, 5000.00,    0.01,    1.56,    0.00, 0
29, 4056, 1, 29, 16.58,  7.21, 59.24,  132.04, 5000.00,    0.01,    1.58,    0.00, 0
29, 4057, 1, 29, 16.54,  7.21, 60.52,  132.10, 5000.00,    0.01,    1.60,    0.00, 0
29, 4058, 1, 29, 16.53,  7.17, 62.27,  132.17, 5000.00,    0.02,    1.61,    0.00, 0
29, 4059, 1, 29, 16.52,  7.17, 64.49,  132.21, 5000.00,    0.02,    1.62,    0.00, 0
29, 4060, 1, 29, 16.45,  7.36, 67.30,  132.13, 5000.00,    0.01,    1.58,    0.00, 0
29, 4061, 1, 29, 16.42,  7.33, 69.75,  132.11, 5000.00,    0.01,    1.58,    0.00, 0
29, 4062, 1, 29, 16.49,  7.33, 71.67,  132.02, 5000.00,    0.01,    1.55,    0.00, 0
29, 4063, 1, 29, 16.54,  7.29, 72.91,  131.93, 5000.00,    0.01,    1.53,    0.00, 0
29, 4064, 1, 29, 16.73,  7.31, 73.94,  131.74, 5000.00,    0.01,    1.47,    0.00, 0
29, 4065, 1, 29, 16.77,  7.31, 74.60,  131.69, 5000.00,    0.01,    1.45,    0.00, 0
29, 4066, 1, 29, 16.79,  7.31, 75.13,  131.64, 5000.00,    0.01,    1.44,    0.00, 0
29, 4067, 1, 29, 16.81,  7.31, 75.51,  131.60, 5000.00,    0.01,    1.43,    0.00, 0
29, 4068, 1, 29, 16.77,  7.29, 75.77,  131.62, 5000.00,    0.01,    1.45,    0.00, 0
29, 4069, 1, 29, 16.37,  7.27, 75.83,  131.85, 5000.00,    0.01,    1.53,    0.00, 0
29, 4070, 1, 29, 16.64,  7.34, 76.05,  131.56, 5000.00,    0.02,    1.47,    0.00, 0
29, 4071, 1, 29, 16.00,  7.90, 56.18,  131.92, 5000.00,    0.01,    1.54,    0.00, 0
29, 4072, 1, 29, 16.10,  7.96, 56.25,  131.88, 5000.00,    0.01,    1.52,    0.00, 0
29, 4073, 1, 29, 16.19,  7.93, 56.39,  131.84, 5000.00,    0.01,    1.50,    0.00, 0
29, 4074, 1, 29, 16.28,  7.61, 56.68,  131.86, 5000.00,    0.01,    1.51,    0.00, 0
29, 4075, 1, 29, 16.31,  7.63, 57.12,  131.89, 5000.00,    0.01,    1.53,    0.00, 0
29, 4076, 1, 29, 16.34,  7.61, 57.63,  131.91, 5000.00,    0.01,    1.54,    0.00, 0
29, 4077, 1, 29, 16.34,  7.62, 58.30,  131.95, 5000.00,    0.01,    1.55,    0.00, 0
29, 4078, 1, 29, 16.32,  7.63, 59.25,  131.99, 5000.00,    0.01,    1.57,    0.00, 0
29, 4079, 1, 29, 16.29,  7.63, 60.52,  132.04, 5000.00,    0.01,    1.58,    0.00, 0
29, 4080, 1, 29, 16.30,  7.60, 62.28,  132.10, 5000.00,    0.01,    1.59,    0.00, 0
29, 4081, 1, 29, 16.28,  7.63, 64.51,  132.13, 5000.00,    0.01,    1.60,    0.00, 0
29, 4082, 1, 29, 16.19,  7.78, 67.30,  132.06, 5000.00,    0.01,    1.58,    0.00, 0
29, 4083, 1, 29, 16.20,  7.77, 69.78,  132.03, 5000.00,    0.01,    1.57,    0.00, 0
29, 4084, 1, 29, 16.35,  7.75, 71.74,  131.89, 5000.00,    0.01,    1.52,    0.00, 0
29, 4085, 1, 29, 16.33,  7.74, 72.90,  131.87, 5000.00,    0.01,    1.52,    0.00, 0
29, 4086, 1, 29, 16.46,  7.73, 73.88,  131.72, 5000.00,    0.01,    1.48,    0.00, 0
29, 4087, 1, 29, 16.51,  7.72, 74.57,  131.66, 5000.00,    0.01,    1.46,    0.00, 0
29, 4088, 1, 29, 16.53,  7.72, 75.11,  131.61, 5000.00,    0.01,    1.45,    0.00, 0
29, 4089, 1, 29, 16.55,  7.72, 75.52,  131.55, 5000.00,    0.01,    1.44,    0.00, 0
29, 4090, 1, 29, 16.57,  7.73, 75.84,  131.49, 5000.00,    0.01,    1.43,    0.00, 0
29, 4091, 1, 29, 16.56,  7.77, 75.98,  131.43, 5000.00,    0.01,    1.42,    0.00, 0
29, 4092, 1, 29, 16.63,  7.80, 76.12,  131.29, 5000.00,    0.02,    1.40,    0.00, 0
29, 4093, 1, 29, 15.35,  8.76, 56.36,  132.08, 5000.00,    0.01,    1.64,    0.00, 0
29, 4094, 1, 29, 15.65,  8.69, 56.41,  131.88, 5000.00,    0.01,    1.54,    0.00, 0
29, 4095, 1, 29, 15.73,  8.64, 56.54,  131.86, 5000.00,    0.01,    1.52,    0.00, 0
29, 4096, 1, 29, 15.80,  8.40, 56.87,  131.92, 5000.00,    0.01,    1.56,    0.00, 0
29, 4097, 1, 29, 15.84,  8.39, 57.28,  131.90, 5000.00,    0.01,    1.55,    0.00, 0
29, 4098, 1, 29, 15.92,  8.37, 57.77,  131.89, 5000.00,    0.01,    1.54,    0.00, 0
29, 4099, 1, 29, 15.93,  8.39, 58.44,  131.90, 5000.00,    0.01,    1.54,    0.00, 0
29, 4100, 1, 29, 15.95,  8.39, 59.36,  131.92, 5000.00,    0.01,    1.55,    0.00, 0
29, 4101, 1, 29, 15.92,  8.41, 60.61,  131.95, 5000.00,    0.01,    1.56,    0.00, 0
29, 4102, 1, 29, 15.93,  8.38, 62.37,  131.99, 5000.00,    0.01,    1.57,    0.00, 0
29, 4103, 1, 29, 15.92,  8.43, 64.57,  132.00, 5000.00,    0.01,    1.57,    0.00, 0
29, 4104, 1, 29, 15.82,  8.58, 67.37,  131.96, 5000.00,    0.01,    1.55,    0.00, 0
29, 4105, 1, 29, 15.85,  8.55, 69.87,  131.91, 5000.00,    0.01,    1.54,    0.00, 0
29, 4106, 1, 29, 15.93,  8.55, 71.75,  131.82, 5000.00,    0.01,    1.51,    0.00, 0
29, 4107, 1, 29, 15.99,  8.50, 72.99,  131.75, 5000.00,    0.01,    1.49,    0.00, 0
29, 4108, 1, 29, 16.16,  8.50, 73.98,  131.60, 5000.00,    0.01,    1.44,    0.00, 0
29, 4109, 1, 29, 16.18,  8.50, 74.64,  131.55, 5000.00,    0.01,    1.42,    0.00, 0
29, 4110, 1, 29, 16.24,  8.52, 75.19,  131.45, 5000.00,    0.01,    1.40,    0.00, 0
29, 4111, 1, 29, 16.25,  8.53, 75.54,  131.39, 5000.00,    0.01,    1.40,    0.00, 0
29, 4112, 1, 29, 16.28,  8.54, 75.86,  131.32, 5000.00,    0.01,    1.38,    0.00, 0
29, 4113, 1, 29, 16.32,  8.56, 76.04,  131.22, 5000.00,    0.01,    1.36,    0.00, 0
29, 4114, 1, 29, 16.31,  8.57, 76.14,  131.18, 5000.00,    0.01,    1.37,    0.00, 0
29, 4115, 1, 29, 14.94, 10.02, 56.13,  131.85, 5000.00,    0.01,    1.53,    0.00, 0
29, 4116, 1, 29, 14.95, 10.03, 56.24,  131.82, 5000.00,    0.01,    1.53,    0.00, 0
29, 4117, 1, 29, 15.09,  9.98, 56.38,  131.78, 5000.00,    0.01,    1.49,    0.00, 0
29, 4118, 1, 29, 15.23,  9.77, 56.66,  131.79, 5000.00,    0.01,    1.50,    0.00, 0
29, 4119, 1, 29, 15.22,  9.77, 57.06,  131.79, 5000.00,    0.01,    1.51,    0.00, 0
29, 4120, 1, 29, 15.23,  9.77, 57.58,  131.80, 5000.00,    0.01,    1.52,    0.00, 0
29, 4121, 1, 29, 15.14,  9.78, 58.25,  131.81, 5000.00,    0.01,    1.52,    0.00, 0
29, 4122, 1, 29, 15.16,  9.78, 59.17,  131.82, 5000.00,    0.01,    1.52,    0.00, 0
29, 4123, 1, 29, 15.14,  9.80, 60.44,  131.84, 5000.00,    0.01,    1.53,    0.00, 0
29, 4124, 1, 29, 15.17,  9.77, 62.19,  131.86, 5000.00,    0.01,    1.54,    0.00, 0
29, 4125, 1, 29, 15.12,  9.87, 64.40,  131.85, 5000.00,    0.01,    1.54,    0.00, 0
29, 4126, 1, 29, 14.97, 10.00, 67.26,  131.83, 5000.00,    0.01,    1.52,    0.00, 0
29, 4127, 1, 29, 15.05,  9.96, 69.81,  131.78, 5000.00,    0.01,    1.51,    0.00, 0
29, 4128, 1, 29, 15.13,  9.96, 71.69,  131.69, 5000.00,    0.01,    1.48,    0.00, 0
29, 4129, 1, 29, 15.36,  9.82, 72.98,  131.55, 5000.00,    0.01,    1.43,    0.00, 0
29, 4130, 1, 29, 15.38,  9.87, 73.85,  131.47, 5000.00,    0.01,    1.40,    0.00, 0
29, 4131, 1, 29, 15.44,  9.87, 74.54,  131.39, 5000.00,    0.01,    1.38,    0.00, 0
29, 4132, 1, 29, 15.49,  9.90, 75.10,  131.30, 5000.00,    0.01,    1.36,    0.00, 0
29, 4133, 1, 29, 15.53,  9.92, 75.50,  131.21, 5000.00,    0.01,    1.34,    0.00, 0
29, 4134, 1, 29, 15.49,  9.93, 75.74,  131.21, 5000.00,    0.01,    1.35,    0.00, 0
29, 4135, 1, 29, 15.59, 10.02, 75.89,  131.15, 5000.00,    0.01,    1.34,    0.00, 0
29, 4136, 1, 29, 15.50,  9.97, 76.00,  131.11, 5000.00,    0.01,    1.34,    0.00, 0
29, 4137, 1, 29, 13.18, 12.30, 55.98,  131.80, 5000.00,    0.01,    1.51,    0.00, 0
29, 4138, 1, 29, 13.19, 12.31, 56.09,  131.79, 5000.00,    0.01,    1.50,    0.00, 0
29, 4139, 1, 29, 13.21, 12.29, 56.22,  131.78, 5000.00,    0.01,    1.50,    0.00, 0
29, 4140, 1, 29, 13.37, 12.17, 56.52,  131.77, 5000.00,    0.01,    1.50,    0.00, 0
29, 4141, 1, 29, 13.37, 12.18, 56.92,  131.77, 5000.00,    0.01,    1.50,    0.00, 0
29, 4142, 1, 29, 13.39, 12.18, 57.43,  131.76, 5000.00,    0.01,    1.50,    0.00, 0
29, 4143, 1, 29, 13.29, 12.22, 58.09,  131.76, 5000.00,    0.01,    1.50,    0.00, 0
29, 4144, 1, 29, 13.32, 12.22, 59.00,  131.75, 5000.00,    0.01,    1.50,    0.00, 0
29, 4145, 1, 29, 13.31, 12.24, 60.26,  131.75, 5000.00,    0.01,    1.50,    0.00, 0
29, 4146, 1, 29, 13.46, 12.16, 61.99,  131.73, 5000.00,    0.01,    1.49,    0.00, 0
29, 4147, 1, 29, 13.29, 12.27, 64.26,  131.73, 5000.00,    0.01,    1.49,    0.00, 0
29, 4148, 1, 29, 13.22, 12.52, 67.23,  131.71, 5000.00,    0.01,    1.48,    0.00, 0
29, 4149, 1, 29, 13.29, 12.33, 69.98,  131.62, 5000.00,    0.01,    1.45,    0.00, 0
29, 4150, 1, 29, 13.39, 12.34, 71.82,  131.51, 5000.00,    0.01,    1.42,    0.00, 0
29, 4151, 1, 29, 13.53, 12.29, 73.08,  131.40, 5000.00,    0.01,    1.38,    0.00, 0
29, 4152, 1, 29, 13.54, 12.37, 73.96,  131.31, 5000.00,    0.01,    1.36,    0.00, 0
29, 4153, 1, 29, 13.59, 12.40, 74.64,  131.21, 5000.00,    0.01,    1.33,    0.00, 0
29, 4154, 1, 29, 13.62, 12.44, 75.18,  131.12, 5000.00,    0.01,    1.32,    0.00, 0
29, 4155, 1, 29, 13.65, 12.47, 75.59,  131.05, 5000.00,    0.01,    1.30,    0.00, 0
29, 4156, 1, 29, 13.57, 12.50, 75.78,  131.05, 5000.00,    0.01,    1.31,    0.00, 0
29, 4157, 1, 29, 13.48, 12.53, 75.90,  131.08, 5000.00,    0.01,    1.33,    0.00, 0
29, 4158, 1, 29, 13.47, 12.54, 76.01,  131.06, 5000.00,    0.01,    1.33,    0.00, 0
29, 4159, 1, 29,  9.80, 15.14, 55.91,  131.79, 5000.00,    0.00,    1.52,    0.00, 0
29, 4160, 1, 29,  9.74, 15.17, 56.02,  131.80, 5000.00,    0.00,    1.52,    0.00, 0
29, 4161, 1, 29,  9.84, 15.13, 56.16,  131.78, 5000.00,    0.00,    1.50,    0.00, 0
29, 4162, 1, 29,  9.94, 15.10, 56.45,  131.76, 5000.00,    0.00,    1.51,    0.00, 0
29, 4163, 1, 29,  9.93, 15.12, 56.85,  131.76, 5000.00,    0.00,    1.50,    0.00, 0
29, 4164, 1, 29,  9.89, 15.08, 57.36,  131.75, 5000.00,    0.00,    1.51,    0.00, 0
29, 4165, 1, 29,  9.50, 15.37, 58.06,  131.77, 5000.00,    0.00,    1.51,    0.00, 0
29, 4166, 1, 29,  9.57, 15.36, 58.98,  131.76, 5000.00,    0.00,    1.51,    0.00, 0
29, 4167, 1, 29,  9.56, 15.39, 60.24,  131.75, 5000.00,    0.00,    1.50,    0.00, 0
29, 4168, 1, 29,  9.87, 15.16, 61.97,  131.71, 5000.00,    0.00,    1.49,    0.00, 0
29, 4169, 1, 29,  9.29, 15.49, 64.28,  131.73, 5000.00,    0.00,    1.49,    0.00, 0
29, 4170, 1, 29,  9.60, 15.35, 67.26,  131.67, 5000.00,    0.00,    1.48,    0.00, 0
29, 4171, 1, 29,  9.23, 15.59, 69.96,  131.62, 5000.00,    0.01,    1.46,    0.00, 0
29, 4172, 1, 29,  9.20, 15.71, 71.81,  131.51, 5000.00,    0.01,    1.43,    0.00, 0
29, 4173, 1, 29,  9.30, 15.65, 73.06,  131.39, 5000.00,    0.01,    1.40,    0.00, 0
29, 4174, 1, 29,  9.14, 15.83, 73.98,  131.28, 5000.00,    0.01,    1.37,    0.00, 0
29, 4175, 1, 29,  9.13, 15.91, 74.67,  131.17, 5000.00,    0.01,    1.34,    0.00, 0
29, 4176, 1, 29,  9.12, 15.98, 75.23,  131.07, 5000.00,    0.01,    1.32,    0.00, 0
29, 4177, 1, 29,  9.12, 16.03, 75.64,  131.00, 5000.00,    0.01,    1.30,    0.00, 0
29, 4178, 1, 29,  9.18, 15.89, 75.81,  131.06, 5000.00,    0.01,    1.33,    0.00, 0
29, 4179, 1, 29,  9.21, 15.89, 75.98,  131.03, 5000.00,    0.01,    1.33,    0.00, 0
29, 4180, 1, 29,  9.19, 15.94, 76.09,  130.99, 5000.00,    0.01,    1.32,    0.00, 0
29, 4181, 1, 29,  6.05, 16.31, 56.26,  132.01, 5000.00,    0.01,    1.56,    0.00, 0
29, 4182, 1, 29,  6.07, 16.37, 56.35,  131.92, 5000.00,    0.01,    1.53,    0.00, 0
29, 4183, 1, 29,  5.97, 16.54, 56.52,  131.85, 5000.00,    0.01,    1.49,    0.00, 0
29, 4184, 1, 29,  6.21, 16.34, 56.76,  131.89, 5000.00,    0.01,    1.53,    0.00, 0
29, 4185, 1, 29,  6.17, 16.38, 57.18,  131.89, 5000.00,    0.00,    1.53,    0.00, 0
29, 4186, 1, 29,  6.21, 16.48, 57.70,  131.86, 5000.00,    0.00,    1.53,    0.00, 0
29, 4187, 1, 29,  6.02, 16.60, 58.37,  131.84, 5000.00,    0.00,    1.52,    0.00, 0
29, 4188, 1, 29,  6.14, 16.60, 59.28,  131.82, 5000.00,    0.00,    1.52,    0.00, 0
29, 4189, 1, 29,  6.17, 16.72, 60.54,  131.80, 5000.00,    0.00,    1.52,    0.00, 0
29, 4190, 1, 29,  6.42, 16.78, 62.30,  131.78, 5000.00,    0.00,    1.52,    0.00, 0
29, 4191, 1, 29,  5.90, 17.08, 64.54,  131.76, 5000.00,    0.00,    1.51,    0.00, 0
29, 4192, 1, 29,  5.94, 17.11, 67.42,  131.74, 5000.00,    0.00,    1.51,    0.00, 0
29, 4193, 1, 29,  5.84, 17.12, 70.07,  131.66, 5000.00,    0.01,    1.49,    0.00, 0
29, 4194, 1, 29,  5.77, 17.18, 71.90,  131.57, 5000.00,    0.01,    1.46,    0.00, 0
29, 4195, 1, 29,  5.95, 17.23, 73.14,  131.42, 5000.00,    0.01,    1.43,    0.00, 0
29, 4196, 1, 29,  5.66, 17.37, 74.03,  131.31, 5000.00,    0.01,    1.40,    0.00, 0
29, 4197, 1, 29,  5.36, 17.67, 74.79,  131.16, 5000.00,    0.01,    1.31,    0.00, 0
29, 4198, 1, 29,  5.34, 17.74, 75.33,  131.07, 5000.00,    0.01,    1.29,    0.00, 0
29, 4199, 1, 29,  5.34, 17.78, 75.72,  131.00, 5000.00,    0.01,    1.28,    0.00, 0
29, 4200, 1, 29,  5.40, 17.66, 75.87,  131.08, 5000.00,    0.01,    1.31,    0.00, 0
29, 4201, 1, 29,  5.38, 17.69, 76.03,  131.04, 5000.00,    0.01,    1.30,    0.00, 0
29, 4202, 1, 29,  5.40, 17.67, 76.14,  131.02, 5000.00,    0.01,    1.31,    0.00, 0
29, 4203, 1, 29,  3.99, 16.73, 56.75,  131.85, 5000.00,    0.01,    1.47,    0.00, 0
29, 4204, 1, 29,  3.95, 16.74, 56.84,  131.85, 5000.00,    0.01,    1.47,    0.00, 0
29, 4205, 1, 29,  4.08, 16.70, 56.97,  131.85, 5000.00,    0.01,    1.48,    0.00, 0
29, 4206, 1, 29,  4.03, 16.74, 57.25,  131.85, 5000.00,    0.01,    1.48,    0.00, 0
29, 4207, 1, 29,  4.00, 16.78, 57.64,  131.82, 5000.00,    0.01,    1.48,    0.00, 0
29, 4208, 1, 29,  3.99, 16.80, 58.12,  131.82, 5000.00,    0.01,    1.48,    0.00, 0
29, 4209, 1, 29,  3.78, 16.89, 58.77,  131.82, 5000.00,    0.01,    1.48,    0.00, 0
29, 4210, 1, 29,  3.92, 16.98, 59.64,  131.80, 5000.00,    0.01,    1.48,    0.00, 0
29, 4211, 1, 29,  3.92, 17.03, 60.89,  131.81, 5000.00,    0.01,    1.49,    0.00, 0
29, 4212, 1, 29,  4.17, 17.03, 62.65,  131.83, 5000.00,    0.01,    1.50,    0.00, 0
29, 4213, 1, 29,  3.58, 17.33, 64.85,  131.82, 5000.00,    0.01,    1.49,    0.00, 0
29, 4214, 1, 29,  3.68, 17.52, 67.67,  131.76, 5000.00,    0.01,    1.49,    0.00, 0
29, 4215, 1, 29,  3.59, 17.82, 70.31,  131.67, 5000.00,    0.01,    1.46,    0.00, 0
29, 4216, 1, 29,  3.47, 17.94, 72.14,  131.55, 5000.00,    0.01,    1.43,    0.00, 0
29, 4217, 1, 29,  3.61, 17.96, 73.32,  131.44, 5000.00,    0.01,    1.39,    0.00, 0
29, 4218, 1, 29,  3.36, 18.09, 74.19,  131.36, 5000.00,    0.01,    1.37,    0.00, 0
29, 4219, 1, 29,  3.31, 18.10, 74.87,  131.26, 5000.00,    0.01,    1.35,    0.00, 0
29, 4220, 1, 29,  3.29, 18.17, 75.40,  131.18, 5000.00,    0.01,    1.34,    0.00, 0
29, 4221, 1, 29,  3.28, 18.21, 75.79,  131.11, 5000.00,    0.01,    1.32,    0.00, 0
29, 4222, 1, 29,  3.30, 18.19, 75.97,  131.10, 5000.00,    0.01,    1.32,    0.00, 0
29, 4223, 1, 29,  3.33, 18.12, 76.08,  131.16, 5000.00,    0.01,    1.36,    0.00, 0
29, 4224, 1, 29,  3.33, 18.14, 76.19,  131.11, 5000.00,    0.01,    1.35,    0.00, 0
29, 4225, 1, 29,  2.82, 16.81, 57.26,  131.88, 5000.00,    0.01,    1.48,    0.00, 0
29, 4226, 1, 29,  2.78, 16.83, 57.35,  131.88, 5000.00,    0.01,    1.48,    0.00, 0
29, 4227, 1, 29,  2.94, 16.81, 57.48,  131.87, 5000.00,    0.01,    1.48,    0.00, 0
29, 4228, 1, 29,  2.82, 16.87, 57.75,  131.85, 5000.00,    0.01,    1.47,    0.00, 0
29, 4229, 1, 29,  2.80, 16.87, 58.13,  131.87, 5000.00,    0.01,    1.48,    0.00, 0
29, 4230, 1, 29,  2.80, 16.87, 58.66,  131.90, 5000.00,    0.01,    1.49,    0.00, 0
29, 4231, 1, 29,  2.54, 16.98, 59.25,  131.87, 5000.00,    0.01,    1.48,    0.00, 0
29, 4232, 1, 29,  2.66, 17.01, 60.10,  131.87, 5000.00,    0.01,    1.49,    0.00, 0
29, 4233, 1, 29,  2.66, 17.06, 61.35,  131.90, 5000.00,    0.01,    1.50,    0.00, 0
29, 4234, 1, 29,  2.88, 17.15, 63.01,  131.89, 5000.00,    0.01,    1.50,    0.00, 0
29, 4235, 1, 29,  2.29, 17.38, 64.96,  131.90, 5000.00,    0.01,    1.51,    0.00, 0
29, 4236, 1, 29,  2.39, 17.59, 67.94,  131.89, 5000.00,    0.01,    1.51,    0.00, 0
29, 4237, 1, 29,  2.27, 17.81, 70.46,  131.81, 5000.00,    0.01,    1.49,    0.00, 0
29, 4238, 1, 29,  2.17, 17.99, 72.23,  131.71, 5000.00,    0.01,    1.47,    0.00, 0
29, 4239, 1, 29,  2.34, 18.11, 73.41,  131.59, 5000.00,    0.01,    1.44,    0.00, 0
29, 4240, 1, 29,  2.07, 18.25, 74.25,  131.54, 5000.00,    0.01,    1.42,    0.00, 0
29, 4241, 1, 29,  2.02, 18.27, 74.90,  131.46, 5000.00,    0.01,    1.40,    0.00, 0
29, 4242, 1, 29,  1.99, 18.36, 75.42,  131.37, 5000.00,    0.01,    1.39,    0.00, 0
29, 4243, 1, 29,  1.98, 18.42, 75.80,  131.28, 5000.00,    0.01,    1.37,    0.00, 0
29, 4244, 1, 29,  2.01, 18.35, 76.03,  131.29, 5000.00,    0.01,    1.37,    0.00, 0
29, 4245, 1, 29,  1.98, 18.36, 76.15,  131.31, 5000.00,    0.01,    1.39,    0.00, 0
29, 4246, 1, 29,  1.95, 18.40, 76.29,  131.24, 5000.00,    0.01,    1.37,    0.00, 0
29, 4247, 1, 29,  2.19, 16.78, 57.39,  131.93, 5000.00,    0.01,    1.49,    0.00, 0
29, 4248, 1, 29,  2.13, 16.78, 57.51,  131.96, 5000.00,    0.01,    1.50,    0.00, 0
29, 4249, 1, 29,  2.31, 16.76, 57.63,  131.94, 5000.00,    0.01,    1.49,    0.00, 0
29, 4250, 1, 29,  2.17, 16.81, 57.90,  131.93, 5000.00,    0.01,    1.50,    0.00, 0
29, 4251, 1, 29,  2.17, 17.09, 58.27,  131.91, 5000.00,    0.01,    1.50,    0.00, 0
29, 4252, 1, 29,  2.12, 16.88, 58.75,  131.93, 5000.00,    0.01,    1.49,    0.00, 0
29, 4253, 1, 29,  1.86, 17.00, 59.30,  131.91, 5000.00,    0.01,    1.49,    0.00, 0
29, 4254, 1, 29,  2.00, 17.05, 60.23,  131.94, 5000.00,    0.01,    1.51,    0.00, 0
29, 4255, 1, 29,  2.00, 17.10, 61.55,  131.99, 5000.00,    0.01,    1.52,    0.00, 0
29, 4256, 1, 29,  2.20, 17.20, 63.14,  131.97, 5000.00,    0.01,    1.52,    0.00, 0
29, 4257, 1, 29,  1.62, 17.44, 64.92,  131.99, 5000.00,    0.01,    1.53,    0.00, 0
29, 4258, 1, 29,  1.71, 17.50, 67.98,  132.07, 5000.00,    0.01,    1.55,    0.00, 0
29, 4259, 1, 29,  1.57, 17.74, 70.61,  131.97, 5000.00,    0.01,    1.53,    0.00, 0
29, 4260, 1, 29,  1.47, 17.90, 72.36,  131.89, 5000.00,    0.01,    1.51,    0.00, 0
29, 4261, 1, 29,  1.65, 18.02, 73.59,  131.75, 5000.00,    0.01,    1.48,    0.00, 0
29, 4262, 1, 29,  1.37, 18.09, 74.37,  131.75, 5000.00,    0.01,    1.48,    0.00, 0
29, 4263, 1, 29,  1.32, 18.29, 75.06,  131.66, 5000.00,    0.01,    1.46,    0.00, 0
29, 4264, 1, 29,  1.27, 18.30, 75.61,  131.57, 5000.00,    0.01,    1.44,    0.00, 0
29, 4265, 1, 29,  1.25, 18.36, 75.99,  131.49, 5000.00,    0.01,    1.42,    0.00, 0
29, 4266, 1, 29,  1.24, 18.41, 76.30,  131.40, 5000.00,    0.01,    1.40,    0.00, 0
29, 4267, 1, 29,  1.22, 18.47, 76.50,  131.29, 5000.00,    0.01,    1.38,    0.00, 0
29, 4268, 1, 29,  1.24, 18.38, 76.51,  131.38, 5000.00,    0.02,    1.42,    0.00, 0
29, 4269, 1, 29,  1.92, 16.76, 57.47,  132.04, 5000.00,    0.01,    1.52,    0.00, 0
29, 4270, 1, 29,  1.89, 16.65, 57.62,  132.10, 5000.00,    0.01,    1.51,    0.00, 0
29, 4271, 1, 29,  2.02, 16.79, 57.64,  131.94, 5000.00,    0.01,    1.50,    0.00, 0
29, 4272, 1, 29,  1.91, 16.73, 58.02,  132.06, 5000.00,    0.01,    1.52,    0.00, 0
29, 4273, 1, 29,  1.88, 16.75, 58.36,  132.06, 5000.00,    0.01,    1.53,    0.00, 0
29, 4274, 1, 29,  1.84, 16.84, 58.86,  132.01, 5000.00,    0.01,    1.50,    0.00, 0
29, 4275, 1, 29,  1.58, 16.86, 59.43,  132.21, 5000.00,    0.01,    1.55,    0.00, 0
29, 4276, 1, 29,  1.72, 16.97, 60.33,  132.08, 5000.00,    0.01,    1.53,    0.00, 0
29, 4277, 1, 29,  1.71, 17.06, 61.61,  132.10, 5000.00,    0.01,    1.53,    0.00, 0
29, 4278, 1, 29,  1.89, 17.22, 63.19,  132.02, 5000.00,    0.01,    1.52,    0.00, 0
29, 4279, 1, 29,  1.28, 17.25, 65.38,  132.33, 5000.00,    0.01,    1.59,    0.00, 0
29, 4280, 1, 29,  1.41, 17.49, 67.87,  132.12, 5000.00,    0.01,    1.56,    0.00, 0
29, 4281, 1, 29,  1.28, 17.66, 70.54,  132.14, 5000.00,    0.01,    1.57,    0.00, 0
29, 4282, 1, 29,  1.19, 17.81, 72.27,  132.07, 5000.00,    0.01,    1.56,    0.00, 0
29, 4283, 1, 29,  1.36, 17.93, 73.47,  131.90, 5000.00,    0.01,    1.52,    0.00, 0
29, 4284, 1, 29,  1.27, 17.19, 73.21,  132.72, 5000.00,    0.02,    1.81,    0.00, 0
29, 4285, 1, 29,  1.07, 17.97, 74.89,  132.00, 5000.00,    0.01,    1.55,    0.00, 0
29, 4286, 1, 29,  1.03, 18.04, 75.42,  131.94, 5000.00,    0.01,    1.54,    0.00, 0
29, 4287, 1, 29,  1.02, 18.08, 75.78,  131.89, 5000.00,    0.01,    1.53,    0.00, 0
29, 4288, 1, 29,  1.01, 18.13, 76.12,  131.82, 5000.00,    0.01,    1.52,    0.00, 0
29, 4289, 1, 29,  1.00, 18.10, 76.28,  131.82, 5000.00,    0.02,    1.53,    0.00, 0
29, 4290, 1, 29,  0.99, 18.20, 76.44,  131.69, 5000.00,    0.02,    1.50,    0.00, 0
29, 4291, 1, 29, 17.10,  7.61, 56.28,  131.93, 5000.00,    0.01,    1.61,    0.00, 0
29, 4292, 1, 29, 17.19,  7.63, 56.39,  131.89, 5000.00,    0.01,    1.58,    0.00, 0
29, 4293, 1, 29, 17.29,  7.67, 56.49,  131.84, 5000.00,    0.01,    1.55,    0.00, 0
29, 4294, 1, 29, 17.43,  7.31, 56.73,  131.93, 5000.00,    0.01,    1.57,    0.00, 0
29, 4295, 1, 29, 17.47,  7.29, 57.07,  131.93, 5000.00,    0.01,    1.58,    0.00, 0
29, 4296, 1, 29, 17.49,  7.25, 57.61,  131.96, 5000.00,    0.02,    1.59,    0.00, 0
29, 4297, 1, 29, 17.56,  7.26, 58.32,  132.01, 5000.00,    0.02,    1.61,    0.00, 0
29, 4298, 1, 29, 17.55,  7.26, 59.26,  132.06, 5000.00,    0.02,    1.62,    0.00, 0
29, 4299, 1, 29, 17.50,  7.25, 60.54,  132.13, 5000.00,    0.02,    1.65,    0.00, 0
29, 4300, 1, 29, 17.49,  7.21, 62.28,  132.21, 5000.00,    0.02,    1.66,    0.00, 0
29, 4301, 1, 29, 17.41,  7.17, 64.47,  132.26, 5000.00,    0.02,    1.68,    0.00, 0
29, 4302, 1, 29, 17.39,  7.39, 67.18,  132.17, 5000.00,    0.02,    1.64,    0.00, 0
29, 4303, 1, 29, 17.43,  7.38, 69.83,  132.11, 5000.00,    0.02,    1.63,    0.00, 0
29, 4304, 1, 29, 17.51,  7.40, 71.72,  132.01, 5000.00,    0.02,    1.59,    0.00, 0
29, 4305, 1, 29, 17.54,  7.38, 72.92,  131.94, 5000.00,    0.02,    1.58,    0.00, 0
29, 4306, 1, 29, 17.57,  7.39, 73.77,  131.88, 5000.00,    0.02,    1.56,    0.00, 0
29, 4307, 1, 29, 17.58,  7.39, 74.43,  131.84, 5000.00,    0.02,    1.55,    0.00, 0
29, 4308, 1, 29, 17.60,  7.40, 74.94,  131.79, 5000.00,    0.01,    1.54,    0.00, 0
29, 4309, 1, 29, 17.61,  7.40, 75.33,  131.76, 5000.00,    0.01,    1.53,    0.00, 0
29, 4310, 1, 29, 17.60,  7.38, 75.61,  131.75, 5000.00,    0.01,    1.53,    0.00, 0
29, 4311, 1, 29, 17.51,  7.34, 75.83,  131.77, 5000.00,    0.01,    1.55,    0.00, 0
29, 4312, 1, 29, 17.26,  7.28, 75.84,  131.88, 5000.00,    0.01,    1.59,    0.00, 0
29, 4313, 1, 29, 16.99,  7.79, 56.25,  131.91, 5000.00,    0.01,    1.61,    0.00, 0
29, 4314, 1, 29, 17.09,  7.81, 56.37,  131.87, 5000.00,    0.01,    1.58,    0.00, 0
29, 4315, 1, 29, 17.18,  7.83, 56.48,  131.83, 5000.00,    0.01,    1.56,    0.00, 0
29, 4316, 1, 29, 17.49,  7.55, 56.64,  131.81, 5000.00,    0.01,    1.52,    0.00, 0
29, 4317, 1, 29, 17.51,  7.48, 57.01,  131.82, 5000.00,    0.01,    1.53,    0.00, 0
29, 4318, 1, 29, 17.57,  7.47, 57.56,  131.87, 5000.00,    0.01,    1.55,    0.00, 0
29, 4319, 1, 29, 17.47,  7.45, 58.33,  131.96, 5000.00,    0.01,    1.59,    0.00, 0
29, 4320, 1, 29, 17.48,  7.45, 59.26,  132.01, 5000.00,    0.02,    1.61,    0.00, 0
29, 4321, 1, 29, 17.43,  7.44, 60.56,  132.07, 5000.00,    0.02,    1.63,    0.00, 0
29, 4322, 1, 29, 17.43,  7.40, 62.30,  132.14, 5000.00,    0.02,    1.66,    0.00, 0
29, 4323, 1, 29, 17.42,  7.39, 64.50,  132.18, 5000.00,    0.02,    1.66,    0.00, 0
29, 4324, 1, 29, 17.31,  7.59, 67.17,  132.11, 5000.00,    0.02,    1.63,    0.00, 0
29, 4325, 1, 29, 17.35,  7.57, 69.81,  132.06, 5000.00,    0.02,    1.62,    0.00, 0
29, 4326, 1, 29, 17.44,  7.59, 71.69,  131.97, 5000.00,    0.02,    1.58,    0.00, 0
29, 4327, 1, 29, 17.60,  7.58, 73.06,  131.82, 5000.00,    0.01,    1.53,    0.00, 0
29, 4328, 1, 29, 17.67,  7.60, 73.94,  131.74, 5000.00,    0.01,    1.50,    0.00, 0
29, 4329, 1, 29, 17.71,  7.60, 74.61,  131.68, 5000.00,    0.01,    1.49,    0.00, 0
29, 4330, 1, 29, 17.73,  7.61, 75.10,  131.64, 5000.00,    0.01,    1.48,    0.00, 0
29, 4331, 1, 29, 17.77,  7.61, 75.48,  131.60, 5000.00,    0.01,    1.46,    0.00, 0
29, 4332, 1, 29, 17.73,  7.59, 75.74,  131.60, 5000.00,    0.01,    1.47,    0.00, 0
29, 4333, 1, 29, 17.36,  7.51, 75.84,  131.75, 5000.00,    0.01,    1.56,    0.00, 0
29, 4334, 1, 29, 17.17,  7.48, 75.86,  131.84, 5000.00,    0.01,    1.60,    0.00, 0
29, 4335, 1, 29, 16.99,  8.09, 56.23,  131.86, 5000.00,    0.01,    1.59,    0.00, 0
29, 4336, 1, 29, 17.10,  8.09, 56.33,  131.81, 5000.00,    0.01,    1.56,    0.00, 0
29, 4337, 1, 29, 17.19,  8.10, 56.41,  131.77, 5000.00,    0.01,    1.53,    0.00, 0
29, 4338, 1, 29, 17.29,  7.78, 56.77,  131.84, 5000.00,    0.01,    1.57,    0.00, 0
29, 4339, 1, 29, 17.31,  7.75, 57.16,  131.86, 5000.00,    0.01,    1.56,    0.00, 0
29, 4340, 1, 29, 17.34,  7.72, 57.66,  131.88, 5000.00,    0.01,    1.57,    0.00, 0
29, 4341, 1, 29, 17.42,  7.75, 58.33,  131.91, 5000.00,    0.01,    1.58,    0.00, 0
29, 4342, 1, 29, 17.42,  7.76, 59.27,  131.95, 5000.00,    0.01,    1.60,    0.00, 0
29, 4343, 1, 29, 17.37,  7.77, 60.57,  132.01, 5000.00,    0.01,    1.62,    0.00, 0
29, 4344, 1, 29, 17.37,  7.72, 62.32,  132.07, 5000.00,    0.02,    1.64,    0.00, 0
29, 4345, 1, 29, 17.35,  7.73, 64.52,  132.11, 5000.00,    0.02,    1.65,    0.00, 0
29, 4346, 1, 29, 17.22,  7.91, 67.19,  132.06, 5000.00,    0.01,    1.62,    0.00, 0
29, 4347, 1, 29, 17.24,  7.89, 69.79,  132.01, 5000.00,    0.01,    1.61,    0.00, 0
29, 4348, 1, 29, 17.32,  7.89, 71.65,  131.92, 5000.00,    0.01,    1.58,    0.00, 0
29, 4349, 1, 29, 17.38,  7.85, 72.90,  131.84, 5000.00,    0.01,    1.55,    0.00, 0
29, 4350, 1, 29, 17.57,  7.87, 73.94,  131.68, 5000.00,    0.01,    1.49,    0.00, 0
29, 4351, 1, 29, 17.62,  7.86, 74.61,  131.62, 5000.00,    0.01,    1.47,    0.00, 0
29, 4352, 1, 29, 17.65,  7.87, 75.14,  131.58, 5000.00,    0.01,    1.46,    0.00, 0
29, 4353, 1, 29, 17.69,  7.86, 75.52,  131.53, 5000.00,    0.01,    1.44,    0.00, 0
29, 4354, 1, 29, 17.63,  7.85, 75.78,  131.54, 5000.00,    0.01,    1.45,    0.00, 0
29, 4355, 1, 29, 17.21,  7.83, 75.84,  131.71, 5000.00,    0.01,    1.54,    0.00, 0
29, 4356, 1, 29, 17.02,  7.82, 75.87,  131.74, 5000.00,    0.01,    1.56,    0.00, 0
29, 4357, 1, 29, 16.81,  8.50, 56.18,  131.81, 5000.00,    0.01,    1.55,    0.00, 0
29, 4358, 1, 29, 16.88,  8.54, 56.30,  131.80, 5000.00,    0.01,    1.55,    0.00, 0
29, 4359, 1, 29, 16.93,  8.55, 56.43,  131.77, 5000.00,    0.01,    1.54,    0.00, 0
29, 4360, 1, 29, 17.09,  8.19, 56.69,  131.78, 5000.00,    0.01,    1.54,    0.00, 0
29, 4361, 1, 29, 17.15,  8.20, 57.12,  131.80, 5000.00,    0.01,    1.55,    0.00, 0
29, 4362, 1, 29, 17.17,  8.19, 57.64,  131.82, 5000.00,    0.01,    1.55,    0.00, 0
29, 4363, 1, 29, 17.16,  8.20, 58.31,  131.85, 5000.00,    0.01,    1.57,    0.00, 0
29, 4364, 1, 29, 17.14,  8.21, 59.27,  131.90, 5000.00,    0.01,    1.59,    0.00, 0
29, 4365, 1, 29, 17.10,  8.22, 60.57,  131.95, 5000.00,    0.01,    1.60,    0.00, 0
29, 4366, 1, 29, 17.12,  8.19, 62.33,  132.00, 5000.00,    0.01,    1.62,    0.00, 0
29, 4367, 1, 29, 17.10,  8.21, 64.52,  132.03, 5000.00,    0.01,    1.63,    0.00, 0
29, 4368, 1, 29, 16.97,  8.37, 67.25,  131.98, 5000.00,    0.01,    1.61,    0.00, 0
29, 4369, 1, 29, 17.01,  8.36, 69.78,  131.94, 5000.00,    0.01,    1.59,    0.00, 0
29, 4370, 1, 29, 17.09,  8.36, 71.64,  131.85, 5000.00,    0.01,    1.57,    0.00, 0
29, 4371, 1, 29, 17.14,  8.32, 72.88,  131.78, 5000.00,    0.01,    1.54,    0.00, 0
29, 4372, 1, 29, 17.18,  8.34, 73.78,  131.71, 5000.00,    0.01,    1.52,    0.00, 0
29, 4373, 1, 29, 17.35,  8.30, 74.58,  131.59, 5000.00,    0.01,    1.47,    0.00, 0
29, 4374, 1, 29, 17.20,  8.35, 74.97,  131.62, 5000.00,    0.01,    1.50,    0.00, 0
29, 4375, 1, 29, 17.41,  8.30, 75.52,  131.47, 5000.00,    0.01,    1.45,    0.00, 0
29, 4376, 1, 29, 17.42,  8.31, 75.85,  131.42, 5000.00,    0.01,    1.44,    0.00, 0
29, 4377, 1, 29, 17.02,  8.38, 75.85,  131.58, 5000.00,    0.01,    1.53,    0.00, 0
29, 4378, 1, 29, 17.48,  8.38, 76.13,  131.25, 5000.00,    0.02,    1.41,    0.00, 0
29, 4379, 1, 29, 16.35,  9.34, 56.51,  131.81, 5000.00,    0.01,    1.57,    0.00, 0
29, 4380, 1, 29, 16.44,  9.34, 56.59,  131.78, 5000.00,    0.01,    1.55,    0.00, 0
29, 4381, 1, 29, 16.44,  9.36, 56.71,  131.78, 5000.00,    0.01,    1.55,    0.00, 0
29, 4382, 1, 29, 16.58,  9.05, 57.06,  131.81, 5000.00,    0.01,    1.57,    0.00, 0
29, 4383, 1, 29, 16.71,  9.01, 57.45,  131.78, 5000.00,    0.01,    1.54,    0.00, 0
29, 4384, 1, 29, 16.73,  8.99, 57.96,  131.79, 5000.00,    0.01,    1.56,    0.00, 0
29, 4385, 1, 29, 16.74,  9.01, 58.62,  131.80, 5000.00,    0.01,    1.56,    0.00, 0
29, 4386, 1, 29, 16.75,  9.02, 59.54,  131.82, 5000.00,    0.01,    1.57,    0.00, 0
29, 4387, 1, 29, 16.72,  9.03, 60.82,  131.85, 5000.00,    0.01,    1.58,    0.00, 0
29, 4388, 1, 29, 16.74,  9.00, 62.55,  131.89, 5000.00,    0.01,    1.59,    0.00, 0
29, 4389, 1, 29, 16.72,  9.05, 64.66,  131.90, 5000.00,    0.01,    1.59,    0.00, 0
29, 4390, 1, 29, 16.58,  9.19, 67.42,  131.87, 5000.00,    0.01,    1.58,    0.00, 0
29, 4391, 1, 29, 16.64,  9.18, 69.97,  131.81, 5000.00,    0.01,    1.56,    0.00, 0
29, 4392, 1, 29, 16.72,  9.18, 71.80,  131.73, 5000.00,    0.01,    1.53,    0.00, 0
29, 4393, 1, 29, 16.80,  9.12, 73.04,  131.65, 5000.00,    0.01,    1.51,    0.00, 0
29, 4394, 1, 29, 16.96,  9.11, 73.99,  131.53, 5000.00,    0.01,    1.45,    0.00, 0
29, 4395, 1, 29, 16.99,  9.11, 74.65,  131.47, 5000.00,    0.01,    1.44,    0.00, 0
29, 4396, 1, 29, 17.05,  9.13, 75.21,  131.39, 5000.00,    0.01,    1.41,    0.00, 0
29, 4397, 1, 29, 17.06,  9.14, 75.55,  131.34, 5000.00,    0.01,    1.41,    0.00, 0
29, 4398, 1, 29, 17.10,  9.15, 75.87,  131.27, 5000.00,    0.01,    1.39,    0.00, 0
29, 4399, 1, 29, 17.12,  9.17, 76.05,  131.18, 5000.00,    0.01,    1.38,    0.00, 0
29, 4400, 1, 29, 17.12,  9.19, 76.15,  131.14, 5000.00,    0.01,    1.37,    0.00, 0
29, 4401, 1, 29, 15.65, 10.73, 56.12,  131.77, 5000.00,    0.01,    1.55,    0.00, 0
29, 4402, 1, 29, 15.64, 10.72, 56.24,  131.77, 5000.00,    0.01,    1.55,    0.00, 0
29, 4403, 1, 29, 15.77, 10.68, 56.36,  131.71, 5000.00,    0.01,    1.52,    0.00, 0
29, 4404, 1, 29, 15.99, 10.44, 56.65,  131.70, 5000.00,    0.01,    1.52,    0.00, 0
29, 4405, 1, 29, 15.98, 10.45, 57.06,  131.71, 5000.00,    0.01,    1.52,    0.00, 0
29, 4406, 1, 29, 15.98, 10.45, 57.58,  131.71, 5000.00,    0.01,    1.53,    0.00, 0
29, 4407, 1, 29, 15.89, 10.47, 58.26,  131.72, 5000.00,    0.01,    1.53,    0.00, 0
29, 4408, 1, 29, 15.90, 10.47, 59.18,  131.73, 5000.00,    0.01,    1.55,    0.00, 0
29, 4409, 1, 29, 15.87, 10.50, 60.47,  131.75, 5000.00,    0.01,    1.55,    0.00, 0
29, 4410, 1, 29, 15.90, 10.47, 62.23,  131.76, 5000.00,    0.01,    1.56,    0.00, 0
29, 4411, 1, 29, 15.84, 10.57, 64.44,  131.77, 5000.00,    0.01,    1.56,    0.00, 0
29, 4412, 1, 29, 15.72, 10.67, 67.23,  131.75, 5000.00,    0.01,    1.54,    0.00, 0
29, 4413, 1, 29, 15.78, 10.65, 69.81,  131.69, 5000.00,    0.01,    1.52,    0.00, 0
29, 4414, 1, 29, 15.88, 10.64, 71.69,  131.61, 5000.00,    0.01,    1.49,    0.00, 0
29, 4415, 1, 29, 16.12, 10.50, 72.98,  131.49, 5000.00,    0.01,    1.44,    0.00, 0
29, 4416, 1, 29, 16.14, 10.54, 73.85,  131.42, 5000.00,    0.01,    1.42,    0.00, 0
29, 4417, 1, 29, 16.21, 10.54, 74.55,  131.34, 5000.00,    0.01,    1.39,    0.00, 0
29, 4418, 1, 29, 16.27, 10.57, 75.10,  131.25, 5000.00,    0.01,    1.37,    0.00, 0
29, 4419, 1, 29, 16.31, 10.58, 75.51,  131.17, 5000.00,    0.01,    1.35,    0.00, 0
29, 4420, 1, 29, 16.26, 10.60, 75.74,  131.16, 5000.00,    0.01,    1.36,    0.00, 0
29, 4421, 1, 29, 16.37, 10.69, 75.90,  131.10, 5000.00,    0.01,    1.35,    0.00, 0
29, 4422, 1, 29, 16.28, 10.63, 76.00,  131.07, 5000.00,    0.01,    1.34,    0.00, 0
29, 4423, 1, 29, 13.77, 13.10, 55.98,  131.73, 5000.00,    0.01,    1.53,    0.00, 0
29, 4424, 1, 29, 13.79, 13.07, 56.08,  131.73, 5000.00,    0.01,    1.54,    0.00, 0
29, 4425, 1, 29, 13.92, 13.03, 56.21,  131.69, 5000.00,    0.01,    1.51,    0.00, 0
29, 4426, 1, 29, 14.05, 12.92, 56.51,  131.69, 5000.00,    0.01,    1.51,    0.00, 0
29, 4427, 1, 29, 14.02, 12.94, 56.92,  131.69, 5000.00,    0.00,    1.52,    0.00, 0
29, 4428, 1, 29, 14.05, 12.95, 57.43,  131.69, 5000.00,    0.00,    1.52,    0.00, 0
29, 4429, 1, 29, 13.93, 12.99, 58.10,  131.68, 5000.00,    0.00,    1.51,    0.00, 0
29, 4430, 1, 29, 13.97, 12.99, 59.02,  131.68, 5000.00,    0.00,    1.52,    0.00, 0
29, 4431, 1, 29, 13.94, 13.02, 60.29,  131.68, 5000.00,    0.00,    1.52,    0.00, 0
29, 4432, 1, 29, 14.00, 13.00, 62.07,  131.68, 5000.00,    0.00,    1.52,    0.00, 0
29, 4433, 1, 29, 13.82, 13.12, 64.30,  131.67, 5000.00,    0.00,    1.51,    0.00, 0
29, 4434, 1, 29, 13.89, 13.28, 67.23,  131.64, 5000.00,    0.01,    1.51,    0.00, 0
29, 4435, 1, 29, 13.92, 13.11, 69.96,  131.56, 5000.00,    0.01,    1.47,    0.00, 0
29, 4436, 1, 29, 14.03, 13.12, 71.81,  131.47, 5000.00,    0.01,    1.43,    0.00, 0
29, 4437, 1, 29, 14.20, 13.05, 73.08,  131.36, 5000.00,    0.01,    1.39,    0.00, 0
29, 4438, 1, 29, 14.21, 13.13, 73.96,  131.28, 5000.00,    0.01,    1.37,    0.00, 0
29, 4439, 1, 29, 14.27, 13.16, 74.66,  131.18, 5000.00,    0.01,    1.34,    0.00, 0
29, 4440, 1, 29, 14.30, 13.20, 75.20,  131.09, 5000.00,    0.01,    1.32,    0.00, 0
29, 4441, 1, 29, 14.33, 13.22, 75.60,  131.02, 5000.00,    0.01,    1.31,    0.00, 0
29, 4442, 1, 29, 14.25, 13.27, 75.79,  131.02, 5000.00,    0.01,    1.32,    0.00, 0
29, 4443, 1, 29, 14.10, 13.32, 75.91,  131.06, 5000.00,    0.01,    1.35,    0.00, 0
29, 4444, 1, 29, 14.15, 13.30, 76.02,  131.02, 5000.00,    0.01,    1.34,    0.00, 0
29, 4445, 1, 29, 10.18, 16.03, 55.90,  131.75, 5000.00,    0.00,    1.55,    0.00, 0
29, 4446, 1, 29, 10.29, 15.98, 56.00,  131.73, 5000.00,    0.00,    1.54,    0.00, 0
29, 4447, 1, 29, 10.26, 16.00, 56.14,  131.72, 5000.00,    0.00,    1.54,    0.00, 0
29, 4448, 1, 29, 10.41, 15.96, 56.44,  131.70, 5000.00,    0.00,    1.53,    0.00, 0
29, 4449, 1, 29, 10.41, 15.98, 56.83,  131.69, 5000.00,    0.00,    1.53,    0.00, 0
29, 4450, 1, 29, 10.37, 15.94, 57.35,  131.69, 5000.00,    0.00,    1.53,    0.00, 0
29, 4451, 1, 29, 10.22, 16.06, 58.03,  131.68, 5000.00,    0.00,    1.53,    0.00, 0
29, 4452, 1, 29, 10.30, 16.05, 58.95,  131.67, 5000.00,    0.00,    1.52,    0.00, 0
29, 4453, 1, 29, 10.06, 16.25, 60.28,  131.68, 5000.00,    0.00,    1.53,    0.00, 0
29, 4454, 1, 29, 10.38, 16.01, 61.99,  131.65, 5000.00,    0.00,    1.51,    0.00, 0
29, 4455, 1, 29, 10.04, 16.18, 64.28,  131.64, 5000.00,    0.00,    1.51,    0.00, 0
29, 4456, 1, 29, 10.08, 16.22, 67.26,  131.61, 5000.00,    0.00,    1.51,    0.00, 0
29, 4457, 1, 29,  9.70, 16.48, 69.93,  131.56, 5000.00,    0.00,    1.48,    0.00, 0
29, 4458, 1, 29,  9.65, 16.60, 71.80,  131.46, 5000.00,    0.01,    1.45,    0.00, 0
29, 4459, 1, 29,  9.74, 16.54, 73.04,  131.35, 5000.00,    0.01,    1.42,    0.00, 0
29, 4460, 1, 29,  9.56, 16.74, 73.97,  131.25, 5000.00,    0.01,    1.38,    0.00, 0
29, 4461, 1, 29,  9.54, 16.82, 74.66,  131.15, 5000.00,    0.01,    1.35,    0.00, 0
29, 4462, 1, 29,  9.51, 16.91, 75.22,  131.06, 5000.00,    0.01,    1.33,    0.00, 0
29, 4463, 1, 29,  9.50, 16.96, 75.64,  130.98, 5000.00,    0.01,    1.31,    0.00, 0
29, 4464, 1, 29,  9.57, 16.82, 75.81,  131.02, 5000.00,    0.01,    1.33,    0.00, 0
29, 4465, 1, 29,  9.61, 16.82, 75.98,  131.00, 5000.00,    0.01,    1.33,    0.00, 0
29, 4466, 1, 29,  9.62, 16.84, 76.10,  130.96, 5000.00,    0.01,    1.33,    0.00, 0
29, 4467, 1, 29,  6.26, 17.38, 56.25,  131.84, 5000.00,    0.01,    1.54,    0.00, 0
29, 4468, 1, 29,  6.52, 17.23, 56.31,  131.83, 5000.00,    0.00,    1.55,    0.00, 0
29, 4469, 1, 29,  6.48, 17.25, 56.47,  131.82, 5000.00,    0.00,    1.55,    0.00, 0
29, 4470, 1, 29,  6.51, 17.29, 56.76,  131.79, 5000.00,    0.00,    1.54,    0.00, 0
29, 4471, 1, 29,  6.55, 17.25, 57.15,  131.80, 5000.00,    0.00,    1.55,    0.00, 0
29, 4472, 1, 29,  6.61, 17.32, 57.67,  131.78, 5000.00,    0.00,    1.56,    0.00, 0
29, 4473, 1, 29,  6.39, 17.50, 58.35,  131.77, 5000.00,    0.00,    1.55,    0.00, 0
29, 4474, 1, 29,  6.53, 17.46, 59.27,  131.75, 5000.00,    0.00,    1.55,    0.00, 0
29, 4475, 1, 29,  6.54, 17.60, 60.54,  131.73, 5000.00,    0.00,    1.55,    0.00, 0
29, 4476, 1, 29,  6.77, 17.70, 62.32,  131.71, 5000.00,    0.00,    1.55,    0.00, 0
29, 4477, 1, 29,  6.25, 17.99, 64.55,  131.69, 5000.00,    0.00,    1.54,    0.00, 0
29, 4478, 1, 29,  6.31, 18.02, 67.41,  131.66, 5000.00,    0.00,    1.53,    0.00, 0
29, 4479, 1, 29,  6.19, 18.04, 70.03,  131.60, 5000.00,    0.01,    1.51,    0.00, 0
29, 4480, 1, 29,  6.07, 18.14, 71.89,  131.49, 5000.00,    0.01,    1.48,    0.00, 0
29, 4481, 1, 29,  6.25, 18.19, 73.12,  131.38, 5000.00,    0.01,    1.45,    0.00, 0
29, 4482, 1, 29,  5.96, 18.30, 74.01,  131.28, 5000.00,    0.01,    1.42,    0.00, 0
29, 4483, 1, 29,  5.91, 18.41, 74.71,  131.17, 5000.00,    0.01,    1.39,    0.00, 0
29, 4484, 1, 29,  5.61, 18.70, 75.32,  131.05, 5000.00,    0.01,    1.30,    0.00, 0
29, 4485, 1, 29,  5.61, 18.74, 75.72,  130.99, 5000.00,    0.01,    1.29,    0.00, 0
29, 4486, 1, 29,  5.69, 18.60, 75.86,  131.04, 5000.00,    0.01,    1.33,    0.00, 0
29, 4487, 1, 29,  5.68, 18.62, 76.02,  131.02, 5000.00,    0.01,    1.33,    0.00, 0
29, 4488, 1, 29,  5.68, 18.63, 76.13,  131.00, 5000.00,    0.01,    1.32,    0.00, 0
29, 4489, 1, 29,  4.21, 17.54, 56.74,  131.85, 5000.00,    0.01,    1.52,    0.00, 0
29, 4490, 1, 29,  4.30, 17.58, 56.81,  131.78, 5000.00,    0.01,    1.50,    0.00, 0
29, 4491, 1, 29,  4.27, 17.59, 56.94,  131.79, 5000.00,    0.01,    1.50,    0.00, 0
29, 4492, 1, 29,  4.20, 17.65, 57.23,  131.77, 5000.00,    0.01,    1.50,    0.00, 0
29, 4493, 1, 29,  4.19, 17.67, 57.62,  131.77, 5000.00,    0.01,    1.50,    0.00, 0
29, 4494, 1, 29,  4.18, 17.71, 58.10,  131.76, 5000.00,    0.01,    1.50,    0.00, 0
29, 4495, 1, 29,  3.95, 17.81, 58.75,  131.75, 5000.00,    0.01,    1.50,    0.00, 0
29, 4496, 1, 29,  4.09, 17.91, 59.63,  131.73, 5000.00,    0.01,    1.50,    0.00, 0
29, 4497, 1, 29,  4.09, 17.97, 60.85,  131.73, 5000.00,    0.01,    1.51,    0.00, 0
29, 4498, 1, 29,  4.28, 18.04, 62.55,  131.73, 5000.00,    0.01,    1.50,    0.00, 0
29, 4499, 1, 29,  3.76, 18.29, 64.73,  131.74, 5000.00,    0.01,    1.50,    0.00, 0
29, 4500, 1, 29,  3.86, 18.48, 67.63,  131.70, 5000.00,    0.01,    1.51,    0.00, 0
29, 4501, 1, 29,  3.87, 18.69, 70.16,  131.67, 5000.00,    0.01,    1.52,    0.00, 0
29, 4502, 1, 29,  3.65, 18.92, 72.11,  131.50, 5000.00,    0.01,    1.45,    0.00, 0
29, 4503, 1, 29,  3.79, 18.93, 73.30,  131.41, 5000.00,    0.01,    1.41,    0.00, 0
29, 4504, 1, 29,  3.53, 19.07, 74.17,  131.32, 5000.00,    0.01,    1.39,    0.00, 0
29, 4505, 1, 29,  3.48, 19.08, 74.85,  131.23, 5000.00,    0.01,    1.37,    0.00, 0
29, 4506, 1, 29,  3.45, 19.15, 75.39,  131.15, 5000.00,    0.01,    1.34,    0.00, 0
29, 4507, 1, 29,  3.44, 19.19, 75.78,  131.09, 5000.00,    0.01,    1.32,    0.00, 0
29, 4508, 1, 29,  3.46, 19.17, 75.98,  131.07, 5000.00,    0.01,    1.33,    0.00, 0
29, 4509, 1, 29,  3.49, 19.10, 76.08,  131.12, 5000.00,    0.01,    1.36,    0.00, 0
29, 4510, 1, 29,  3.50, 19.12, 76.18,  131.07, 5000.00,    0.01,    1.36,    0.00, 0
29, 4511, 1, 29,  2.94, 17.67, 57.23,  131.86, 5000.00,    0.01,    1.52,    0.00, 0
29, 4512, 1, 29,  3.10, 17.70, 57.31,  131.80, 5000.00,    0.01,    1.50,    0.00, 0
29, 4513, 1, 29,  3.05, 17.70, 57.44,  131.82, 5000.00,    0.01,    1.51,    0.00, 0
29, 4514, 1, 29,  2.94, 17.73, 57.73,  131.82, 5000.00,    0.01,    1.51,    0.00, 0
29, 4515, 1, 29,  2.92, 17.77, 58.10,  131.81, 5000.00,    0.01,    1.50,    0.00, 0
29, 4516, 1, 29,  2.90, 17.80, 58.60,  131.81, 5000.00,    0.01,    1.51,    0.00, 0
29, 4517, 1, 29,  2.64, 17.91, 59.19,  131.80, 5000.00,    0.01,    1.50,    0.00, 0
29, 4518, 1, 29,  2.78, 17.92, 60.08,  131.81, 5000.00,    0.01,    1.51,    0.00, 0
29, 4519, 1, 29,  2.78, 17.99, 61.28,  131.81, 5000.00,    0.01,    1.51,    0.00, 0
29, 4520, 1, 29,  2.97, 18.09, 62.95,  131.81, 5000.00,    0.01,    1.51,    0.00, 0
29, 4521, 1, 29,  2.40, 18.26, 65.16,  131.90, 5000.00,    0.01,    1.55,    0.00, 0
29, 4522, 1, 29,  2.54, 18.50, 67.79,  131.85, 5000.00,    0.01,    1.55,    0.00, 0
29, 4523, 1, 29,  2.39, 18.79, 70.42,  131.75, 5000.00,    0.01,    1.51,    0.00, 0
29, 4524, 1, 29,  2.28, 18.98, 72.22,  131.65, 5000.00,    0.01,    1.48,    0.00, 0
29, 4525, 1, 29,  2.46, 19.10, 73.40,  131.54, 5000.00,    0.01,    1.45,    0.00, 0
29, 4526, 1, 29,  2.17, 19.24, 74.24,  131.50, 5000.00,    0.01,    1.44,    0.00, 0
29, 4527, 1, 29,  2.12, 19.26, 74.89,  131.43, 5000.00,    0.01,    1.41,    0.00, 0
29, 4528, 1, 29,  2.09, 19.35, 75.41,  131.35, 5000.00,    0.01,    1.39,    0.00, 0
29, 4529, 1, 29,  2.08, 19.42, 75.79,  131.27, 5000.00,    0.01,    1.38,    0.00, 0
29, 4530, 1, 29,  2.10, 19.38, 76.03,  131.23, 5000.00,    0.01,    1.38,    0.00, 0
29, 4531, 1, 29,  2.09, 19.36, 76.14,  131.28, 5000.00,    0.01,    1.40,    0.00, 0
29, 4532, 1, 29,  2.23, 18.98, 76.15,  131.47, 5000.00,    0.01,    1.50,    0.00, 0
29, 4533, 1, 29,  2.25, 17.64, 57.36,  131.89, 5000.00,    0.01,    1.52,    0.00, 0
29, 4534, 1, 29,  2.44, 17.66, 57.44,  131.86, 5000.00,    0.01,    1.51,    0.00, 0
29, 4535, 1, 29,  2.37, 17.67, 57.58,  131.86, 5000.00,    0.01,    1.51,    0.00, 0
29, 4536, 1, 29,  2.24, 17.71, 57.88,  131.86, 5000.00,    0.01,    1.51,    0.00, 0
29, 4537, 1, 29,  2.25, 17.98, 58.25,  131.84, 5000.00,    0.01,    1.51,    0.00, 0
29, 4538, 1, 29,  2.23, 17.70, 58.81,  131.91, 5000.00,    0.01,    1.53,    0.00, 0
29, 4539, 1, 29,  1.93, 17.91, 59.27,  131.84, 5000.00,    0.01,    1.51,    0.00, 0
29, 4540, 1, 29,  2.08, 17.95, 60.25,  131.88, 5000.00,    0.01,    1.53,    0.00, 0
29, 4541, 1, 29,  2.08, 18.02, 61.46,  131.90, 5000.00,    0.01,    1.54,    0.00, 0
29, 4542, 1, 29,  2.29, 18.12, 63.22,  131.92, 5000.00,    0.01,    1.54,    0.00, 0
29, 4543, 1, 29,  1.69, 18.39, 64.90,  131.92, 5000.00,    0.01,    1.55,    0.00, 0
29, 4544, 1, 29,  1.80, 18.46, 67.93,  131.97, 5000.00,    0.01,    1.57,    0.00, 0
29, 4545, 1, 29,  1.65, 18.70, 70.55,  131.90, 5000.00,    0.01,    1.55,    0.00, 0
29, 4546, 1, 29,  1.55, 18.88, 72.34,  131.82, 5000.00,    0.01,    1.53,    0.00, 0
29, 4547, 1, 29,  1.79, 18.89, 73.40,  131.75, 5000.00,    0.01,    1.53,    0.00, 0
29, 4548, 1, 29,  1.44, 19.08, 74.34,  131.69, 5000.00,    0.01,    1.50,    0.00, 0
29, 4549, 1, 29,  1.39, 19.30, 75.06,  131.60, 5000.00,    0.01,    1.47,    0.00, 0
29, 4550, 1, 29,  1.34, 19.29, 75.59,  131.53, 5000.00,    0.01,    1.45,    0.00, 0
29, 4551, 1, 29,  1.32, 19.36, 75.97,  131.45, 5000.00,    0.01,    1.43,    0.00, 0
29, 4552, 1, 29,  1.30, 19.40, 76.28,  131.37, 5000.00,    0.01,    1.41,    0.00, 0
29, 4553, 1, 29,  1.28, 19.48, 76.50,  131.26, 5000.00,    0.01,    1.39,    0.00, 0
29, 4554, 1, 29,  1.29, 19.41, 76.50,  131.32, 5000.00,    0.01,    1.42,    0.00, 0
29, 4555, 1, 29,  1.99, 17.65, 57.43,  131.97, 5000.00,    0.01,    1.54,    0.00, 0
29, 4556, 1, 29,  2.12, 17.67, 57.47,  131.87, 5000.00,    0.01,    1.52,    0.00, 0
29, 4557, 1, 29,  2.08, 17.63, 57.65,  131.93, 5000.00,    0.01,    1.53,    0.00, 0
29, 4558, 1, 29,  1.95, 17.66, 57.94,  131.94, 5000.00,    0.01,    1.53,    0.00, 0
29, 4559, 1, 29,  1.93, 17.70, 58.30,  131.94, 5000.00,    0.01,    1.53,    0.00, 0
29, 4560, 1, 29,  1.90, 17.66, 58.90,  131.98, 5000.00,    0.01,    1.55,    0.00, 0
29, 4561, 1, 29,  1.63, 17.85, 59.40,  132.03, 5000.00,    0.01,    1.55,    0.00, 0
29, 4562, 1, 29,  1.78, 17.92, 60.29,  131.96, 5000.00,    0.01,    1.54,    0.00, 0
29, 4563, 1, 29,  1.77, 17.99, 61.55,  131.99, 5000.00,    0.01,    1.55,    0.00, 0
29, 4564, 1, 29,  1.97, 18.12, 63.34,  131.99, 5000.00,    0.01,    1.55,    0.00, 0
29, 4565, 1, 29,  1.33, 18.20, 65.30,  132.21, 5000.00,    0.01,    1.61,    0.00, 0
29, 4566, 1, 29,  1.48, 18.46, 67.81,  132.02, 5000.00,    0.01,    1.58,    0.00, 0
29, 4567, 1, 29,  1.34, 18.64, 70.49,  132.03, 5000.00,    0.01,    1.59,    0.00, 0
29, 4568, 1, 29,  1.24, 18.82, 72.27,  131.95, 5000.00,    0.01,    1.57,    0.00, 0
29, 4569, 1, 29,  1.43, 18.95, 73.47,  131.81, 5000.00,    0.01,    1.53,    0.00, 0
29, 4570, 1, 29,  1.34, 18.22, 73.22,  132.44, 5000.00,    0.02,    1.82,    0.00, 0
29, 4571, 1, 29,  1.11, 18.98, 74.88,  131.88, 5000.00,    0.01,    1.56,    0.00, 0
29, 4572, 1, 29,  1.08, 19.05, 75.41,  131.82, 5000.00,    0.01,    1.55,    0.00, 0
29, 4573, 1, 29,  1.06, 19.10, 75.78,  131.77, 5000.00,    0.01,    1.54,    0.00, 0
29, 4574, 1, 29,  1.06, 19.14, 76.11,  131.71, 5000.00,    0.01,    1.53,    0.00, 0
29, 4575, 1, 29,  1.05, 19.10, 76.26,  131.72, 5000.00,    0.01,    1.54,    0.00, 0
29, 4576, 1, 29,  1.04, 19.19, 76.42,  131.62, 5000.00,    0.02,    1.52,    0.00, 0
29, 4577, 1, 29, 17.94,  8.22, 56.34,  131.79, 5000.00,    0.01,    1.61,    0.00, 0
29, 4578, 1, 29, 18.03,  8.25, 56.45,  131.77, 5000.00,    0.01,    1.59,    0.00, 0
29, 4579, 1, 29, 18.08,  8.27, 56.54,  131.75, 5000.00,    0.01,    1.57,    0.00, 0
29, 4580, 1, 29, 18.35,  7.92, 56.72,  131.80, 5000.00,    0.01,    1.57,    0.00, 0
29, 4581, 1, 29, 18.39,  7.89, 57.06,  131.79, 5000.00,    0.01,    1.57,    0.00, 0
29, 4582, 1, 29, 18.35,  7.83, 57.66,  131.85, 5000.00,    0.02,    1.59,    0.00, 0
29, 4583, 1, 29, 18.41,  7.84, 58.37,  131.90, 5000.00,    0.02,    1.63,    0.00, 0
29, 4584, 1, 29, 18.40,  7.84, 59.31,  131.95, 5000.00,    0.02,    1.64,    0.00, 0
29, 4585, 1, 29, 18.35,  7.83, 60.58,  132.00, 5000.00,    0.02,    1.67,    0.00, 0
29, 4586, 1, 29, 18.34,  7.79, 62.35,  132.08, 5000.00,    0.02,    1.69,    0.00, 0
29, 4587, 1, 29, 18.26,  7.73, 64.53,  132.12, 5000.00,    0.02,    1.70,    0.00, 0
29, 4588, 1, 29, 18.23,  7.97, 67.14,  132.04, 5000.00,    0.02,    1.67,    0.00, 0
29, 4589, 1, 29, 18.26,  7.95, 69.68,  132.00, 5000.00,    0.02,    1.66,    0.00, 0
29, 4590, 1, 29, 18.36,  7.96, 71.56,  131.92, 5000.00,    0.02,    1.62,    0.00, 0
29, 4591, 1, 29, 18.42,  7.94, 72.80,  131.85, 5000.00,    0.02,    1.59,    0.00, 0
29, 4592, 1, 29, 18.47,  7.96, 73.68,  131.78, 5000.00,    0.02,    1.57,    0.00, 0
29, 4593, 1, 29, 18.48,  7.95, 74.32,  131.74, 5000.00,    0.02,    1.56,    0.00, 0
29, 4594, 1, 29, 18.50,  7.96, 74.82,  131.70, 5000.00,    0.01,    1.54,    0.00, 0
29, 4595, 1, 29, 18.50,  7.96, 75.20,  131.67, 5000.00,    0.01,    1.54,    0.00, 0
29, 4596, 1, 29, 18.50,  7.95, 75.47,  131.64, 5000.00,    0.01,    1.52,    0.00, 0
29, 4597, 1, 29, 18.51,  7.95, 75.70,  131.64, 5000.00,    0.01,    1.53,    0.00, 0
29, 4598, 1, 29, 18.37,  7.89, 75.81,  131.66, 5000.00,    0.01,    1.56,    0.00, 0
29, 4599, 1, 29, 17.81,  8.40, 56.31,  131.77, 5000.00,    0.01,    1.62,    0.00, 0
29, 4600, 1, 29, 17.93,  8.44, 56.43,  131.74, 5000.00,    0.01,    1.58,    0.00, 0
29, 4601, 1, 29, 18.03,  8.45, 56.50,  131.72, 5000.00,    0.01,    1.56,    0.00, 0
29, 4602, 1, 29, 18.27,  8.10, 56.72,  131.75, 5000.00,    0.01,    1.56,    0.00, 0
29, 4603, 1, 29, 18.25,  8.06, 57.16,  131.78, 5000.00,    0.01,    1.57,    0.00, 0
29, 4604, 1, 29, 18.33,  8.06, 57.68,  131.81, 5000.00,    0.01,    1.59,    0.00, 0
29, 4605, 1, 29, 18.33,  8.05, 58.37,  131.85, 5000.00,    0.01,    1.61,    0.00, 0
29, 4606, 1, 29, 18.32,  8.04, 59.31,  131.89, 5000.00,    0.01,    1.63,    0.00, 0
29, 4607, 1, 29, 18.27,  8.04, 60.60,  131.95, 5000.00,    0.02,    1.65,    0.00, 0
29, 4608, 1, 29, 18.28,  7.99, 62.35,  132.01, 5000.00,    0.02,    1.67,    0.00, 0
29, 4609, 1, 29, 18.27,  7.98, 64.51,  132.05, 5000.00,    0.02,    1.69,    0.00, 0
29, 4610, 1, 29, 18.16,  8.18, 67.13,  131.99, 5000.00,    0.02,    1.65,    0.00, 0
29, 4611, 1, 29, 18.19,  8.16, 69.67,  131.95, 5000.00,    0.02,    1.65,    0.00, 0
29, 4612, 1, 29, 18.28,  8.17, 71.54,  131.87, 5000.00,    0.02,    1.61,    0.00, 0
29, 4613, 1, 29, 18.44,  8.15, 72.91,  131.75, 5000.00,    0.02,    1.56,    0.00, 0
29, 4614, 1, 29, 18.53,  8.17, 73.82,  131.68, 5000.00,    0.01,    1.53,    0.00, 0
29, 4615, 1, 29, 18.57,  8.17, 74.48,  131.63, 5000.00,    0.01,    1.51,    0.00, 0
29, 4616, 1, 29, 18.60,  8.17, 74.97,  131.59, 5000.00,    0.01,    1.49,    0.00, 0
29, 4617, 1, 29, 18.63,  8.17, 75.35,  131.56, 5000.00,    0.01,    1.48,    0.00, 0
29, 4618, 1, 29, 18.67,  8.18, 75.65,  131.53, 5000.00,    0.01,    1.47,    0.00, 0
29, 4619, 1, 29, 18.55,  8.14, 75.77,  131.55, 5000.00,    0.01,    1.49,    0.00, 0
29, 4620, 1, 29, 18.30,  8.09, 75.81,  131.61, 5000.00,    0.01,    1.56,    0.00, 0
29, 4621, 1, 29, 17.86,  8.71, 56.26,  131.72, 5000.00,    0.01,    1.58,    0.00, 0
29, 4622, 1, 29, 17.94,  8.73, 56.39,  131.70, 5000.00,    0.01,    1.56,    0.00, 0
29, 4623, 1, 29, 18.04,  8.73, 56.43,  131.67, 5000.00,    0.01,    1.53,    0.00, 0
29, 4624, 1, 29, 18.10,  8.39, 56.81,  131.74, 5000.00,    0.01,    1.58,    0.00, 0
29, 4625, 1, 29, 18.13,  8.36, 57.21,  131.75, 5000.00,    0.01,    1.58,    0.00, 0
29, 4626, 1, 29, 18.16,  8.34, 57.71,  131.77, 5000.00,    0.01,    1.58,    0.00, 0
29, 4627, 1, 29, 18.25,  8.36, 58.37,  131.80, 5000.00,    0.01,    1.60,    0.00, 0
29, 4628, 1, 29, 18.26,  8.38, 59.30,  131.84, 5000.00,    0.01,    1.62,    0.00, 0
29, 4629, 1, 29, 18.21,  8.38, 60.60,  131.89, 5000.00,    0.01,    1.63,    0.00, 0
29, 4630, 1, 29, 18.21,  8.33, 62.35,  131.95, 5000.00,    0.01,    1.65,    0.00, 0
29, 4631, 1, 29, 18.19,  8.33, 64.51,  131.98, 5000.00,    0.01,    1.66,    0.00, 0
29, 4632, 1, 29, 18.05,  8.52, 67.13,  131.94, 5000.00,    0.01,    1.64,    0.00, 0
29, 4633, 1, 29, 18.08,  8.49, 69.67,  131.90, 5000.00,    0.01,    1.63,    0.00, 0
29, 4634, 1, 29, 18.16,  8.49, 71.52,  131.82, 5000.00,    0.01,    1.60,    0.00, 0
29, 4635, 1, 29, 18.22,  8.45, 72.76,  131.75, 5000.00,    0.01,    1.57,    0.00, 0
29, 4636, 1, 29, 18.28,  8.45, 73.65,  131.68, 5000.00,    0.01,    1.55,    0.00, 0
29, 4637, 1, 29, 18.48,  8.44, 74.50,  131.57, 5000.00,    0.01,    1.49,    0.00, 0
29, 4638, 1, 29, 18.52,  8.45, 75.02,  131.53, 5000.00,    0.01,    1.47,    0.00, 0
29, 4639, 1, 29, 18.54,  8.45, 75.40,  131.49, 5000.00,    0.01,    1.46,    0.00, 0
29, 4640, 1, 29, 18.61,  8.45, 75.71,  131.46, 5000.00,    0.01,    1.45,    0.00, 0
29, 4641, 1, 29, 18.43,  8.41, 75.78,  131.50, 5000.00,    0.01,    1.48,    0.00, 0
29, 4642, 1, 29, 18.15,  8.40, 75.82,  131.55, 5000.00,    0.01,    1.54,    0.00, 0
29, 4643, 1, 29, 17.55,  9.14, 56.24,  131.72, 5000.00,    0.01,    1.58,    0.00, 0
29, 4644, 1, 29, 17.68,  9.20, 56.36,  131.71, 5000.00,    0.01,    1.57,    0.00, 0
29, 4645, 1, 29, 17.72,  9.20, 56.47,  131.69, 5000.00,    0.01,    1.56,    0.00, 0
29, 4646, 1, 29, 17.90,  8.83, 56.74,  131.69, 5000.00,    0.01,    1.54,    0.00, 0
29, 4647, 1, 29, 17.98,  8.85, 57.16,  131.70, 5000.00,    0.01,    1.56,    0.00, 0
29, 4648, 1, 29, 18.00,  8.83, 57.67,  131.72, 5000.00,    0.01,    1.57,    0.00, 0
29, 4649, 1, 29, 17.98,  8.84, 58.35,  131.75, 5000.00,    0.01,    1.58,    0.00, 0
29, 4650, 1, 29, 17.95,  8.85, 59.32,  131.78, 5000.00,    0.01,    1.61,    0.00, 0
29, 4651, 1, 29, 17.91,  8.86, 60.62,  131.83, 5000.00,    0.01,    1.62,    0.00, 0
29, 4652, 1, 29, 17.93,  8.82, 62.38,  131.88, 5000.00,    0.01,    1.64,    0.00, 0
29, 4653, 1, 29, 17.91,  8.84, 64.53,  131.90, 5000.00,    0.01,    1.65,    0.00, 0
29, 4654, 1, 29, 17.78,  9.00, 67.19,  131.87, 5000.00,    0.01,    1.63,    0.00, 0
29, 4655, 1, 29, 17.82,  8.98, 69.64,  131.83, 5000.00,    0.01,    1.61,    0.00, 0
29, 4656, 1, 29, 17.89,  8.99, 71.49,  131.76, 5000.00,    0.01,    1.59,    0.00, 0
29, 4657, 1, 29, 17.96,  8.94, 72.74,  131.69, 5000.00,    0.01,    1.56,    0.00, 0
29, 4658, 1, 29, 18.01,  8.96, 73.62,  131.63, 5000.00,    0.01,    1.54,    0.00, 0
29, 4659, 1, 29, 18.18,  8.90, 74.44,  131.52, 5000.00,    0.01,    1.49,    0.00, 0
29, 4660, 1, 29, 17.99,  8.96, 74.79,  131.55, 5000.00,    0.01,    1.52,    0.00, 0
29, 4661, 1, 29, 18.06,  8.96, 75.24,  131.49, 5000.00,    0.01,    1.50,    0.00, 0
29, 4662, 1, 29, 18.35,  8.91, 75.75,  131.37, 5000.00,    0.01,    1.44,    0.00, 0
29, 4663, 1, 29, 18.10,  8.98, 75.80,  131.42, 5000.00,    0.01,    1.48,    0.00, 0
29, 4664, 1, 29, 17.85,  8.98, 75.83,  131.44, 5000.00,    0.01,    1.51,    0.00, 0
29, 4665, 1, 29, 17.06, 10.02, 56.34,  131.73, 5000.00,    0.01,    1.61,    0.00, 0
29, 4666, 1, 29, 17.14, 10.02, 56.45,  131.69, 5000.00,    0.01,    1.58,    0.00, 0
29, 4667, 1, 29, 17.20, 10.02, 56.58,  131.68, 5000.00,    0.01,    1.57,    0.00, 0
29, 4668, 1, 29, 17.34,  9.73, 56.90,  131.70, 5000.00,    0.01,    1.59,    0.00, 0
29, 4669, 1, 29, 17.43,  9.68, 57.29,  131.68, 5000.00,    0.01,    1.57,    0.00, 0
29, 4670, 1, 29, 17.52,  9.66, 57.79,  131.68, 5000.00,    0.01,    1.57,    0.00, 0
29, 4671, 1, 29, 17.54,  9.68, 58.46,  131.69, 5000.00,    0.01,    1.57,    0.00, 0
29, 4672, 1, 29, 17.54,  9.69, 59.38,  131.71, 5000.00,    0.01,    1.58,    0.00, 0
29, 4673, 1, 29, 17.50,  9.71, 60.66,  131.74, 5000.00,    0.01,    1.59,    0.00, 0
29, 4674, 1, 29, 17.52,  9.67, 62.43,  131.77, 5000.00,    0.01,    1.61,    0.00, 0
29, 4675, 1, 29, 17.49,  9.73, 64.60,  131.79, 5000.00,    0.01,    1.62,    0.00, 0
29, 4676, 1, 29, 17.37,  9.87, 67.27,  131.76, 5000.00,    0.01,    1.59,    0.00, 0
29, 4677, 1, 29, 17.42,  9.85, 69.77,  131.72, 5000.00,    0.01,    1.58,    0.00, 0
29, 4678, 1, 29, 17.51,  9.84, 71.62,  131.64, 5000.00,    0.01,    1.55,    0.00, 0
29, 4679, 1, 29, 17.60,  9.77, 72.86,  131.58, 5000.00,    0.01,    1.52,    0.00, 0
29, 4680, 1, 29, 17.65,  9.79, 73.75,  131.51, 5000.00,    0.01,    1.49,    0.00, 0
29, 4681, 1, 29, 17.85,  9.75, 74.56,  131.40, 5000.00,    0.01,    1.44,    0.00, 0
29, 4682, 1, 29, 17.90,  9.76, 75.09,  131.34, 5000.00,    0.01,    1.42,    0.00, 0
29, 4683, 1, 29, 17.92,  9.77, 75.46,  131.29, 5000.00,    0.01,    1.41,    0.00, 0
29, 4684, 1, 29, 17.98,  9.78, 75.77,  131.24, 5000.00,    0.01,    1.39,    0.00, 0
29, 4685, 1, 29, 17.76,  9.78, 75.81,  131.31, 5000.00,    0.01,    1.44,    0.00, 0
29, 4686, 1, 29, 17.44,  9.87, 75.83,  131.35, 5000.00,    0.01,    1.49,    0.00, 0
29, 4687, 1, 29, 16.29, 11.48, 56.17,  131.67, 5000.00,    0.01,    1.58,    0.00, 0
29, 4688, 1, 29, 16.31, 11.49, 56.27,  131.64, 5000.00,    0.01,    1.57,    0.00, 0
29, 4689, 1, 29, 16.53, 11.43, 56.40,  131.60, 5000.00,    0.01,    1.52,    0.00, 0
29, 4690, 1, 29, 16.75, 11.17, 56.69,  131.60, 5000.00,    0.01,    1.52,    0.00, 0
29, 4691, 1, 29, 16.73, 11.17, 57.10,  131.61, 5000.00,    0.01,    1.53,    0.00, 0
29, 4692, 1, 29, 16.72, 11.19, 57.63,  131.62, 5000.00,    0.01,    1.54,    0.00, 0
29, 4693, 1, 29, 16.60, 11.21, 58.32,  131.64, 5000.00,    0.01,    1.55,    0.00, 0
29, 4694, 1, 29, 16.62, 11.21, 59.26,  131.64, 5000.00,    0.01,    1.56,    0.00, 0
29, 4695, 1, 29, 16.58, 11.24, 60.55,  131.66, 5000.00,    0.01,    1.56,    0.00, 0
29, 4696, 1, 29, 16.62, 11.21, 62.32,  131.67, 5000.00,    0.01,    1.57,    0.00, 0
29, 4697, 1, 29, 16.56, 11.31, 64.52,  131.67, 5000.00,    0.01,    1.57,    0.00, 0
29, 4698, 1, 29, 16.43, 11.41, 67.28,  131.66, 5000.00,    0.01,    1.56,    0.00, 0
29, 4699, 1, 29, 16.51, 11.38, 69.86,  131.61, 5000.00,    0.01,    1.54,    0.00, 0
29, 4700, 1, 29, 16.62, 11.36, 71.73,  131.53, 5000.00,    0.01,    1.51,    0.00, 0
29, 4701, 1, 29, 16.74, 11.28, 72.97,  131.45, 5000.00,    0.01,    1.48,    0.00, 0
29, 4702, 1, 29, 16.92, 11.24, 73.91,  131.35, 5000.00,    0.01,    1.42,    0.00, 0
29, 4703, 1, 29, 16.99, 11.24, 74.60,  131.27, 5000.00,    0.01,    1.40,    0.00, 0
29, 4704, 1, 29, 17.06, 11.25, 75.17,  131.19, 5000.00,    0.01,    1.37,    0.00, 0
29, 4705, 1, 29, 17.12, 11.27, 75.59,  131.11, 5000.00,    0.01,    1.35,    0.00, 0
29, 4706, 1, 29, 17.06, 11.29, 75.79,  131.10, 5000.00,    0.01,    1.36,    0.00, 0
29, 4707, 1, 29, 17.16, 11.37, 75.95,  131.04, 5000.00,    0.01,    1.35,    0.00, 0
29, 4708, 1, 29, 16.99, 11.34, 76.02,  131.05, 5000.00,    0.01,    1.37,    0.00, 0
29, 4709, 1, 29, 14.32, 13.90, 56.02,  131.67, 5000.00,    0.00,    1.55,    0.00, 0
29, 4710, 1, 29, 14.28, 13.94, 56.15,  131.67, 5000.00,    0.00,    1.55,    0.00, 0
29, 4711, 1, 29, 14.59, 13.83, 56.24,  131.61, 5000.00,    0.00,    1.52,    0.00, 0
29, 4712, 1, 29, 14.71, 13.71, 56.55,  131.61, 5000.00,    0.00,    1.52,    0.00, 0
29, 4713, 1, 29, 14.70, 13.72, 56.96,  131.61, 5000.00,    0.00,    1.53,    0.00, 0
29, 4714, 1, 29, 14.70, 13.74, 57.48,  131.60, 5000.00,    0.00,    1.53,    0.00, 0
29, 4715, 1, 29, 14.59, 13.78, 58.15,  131.61, 5000.00,    0.00,    1.53,    0.00, 0
29, 4716, 1, 29, 14.60, 13.78, 59.09,  131.61, 5000.00,    0.00,    1.54,    0.00, 0
29, 4717, 1, 29, 14.56, 13.83, 60.37,  131.61, 5000.00,    0.00,    1.53,    0.00, 0
29, 4718, 1, 29, 14.61, 13.81, 62.17,  131.61, 5000.00,    0.00,    1.53,    0.00, 0
29, 4719, 1, 29, 14.42, 13.94, 64.46,  131.61, 5000.00,    0.00,    1.53,    0.00, 0
29, 4720, 1, 29, 14.50, 14.09, 67.27,  131.57, 5000.00,    0.00,    1.52,    0.00, 0
29, 4721, 1, 29, 14.54, 13.91, 69.97,  131.51, 5000.00,    0.01,    1.49,    0.00, 0
29, 4722, 1, 29, 14.69, 13.90, 71.83,  131.42, 5000.00,    0.01,    1.45,    0.00, 0
29, 4723, 1, 29, 14.88, 13.82, 73.11,  131.32, 5000.00,    0.01,    1.41,    0.00, 0
29, 4724, 1, 29, 14.90, 13.90, 74.01,  131.23, 5000.00,    0.01,    1.38,    0.00, 0
29, 4725, 1, 29, 14.97, 13.92, 74.70,  131.15, 5000.00,    0.01,    1.35,    0.00, 0
29, 4726, 1, 29, 15.01, 13.96, 75.25,  131.07, 5000.00,    0.01,    1.33,    0.00, 0
29, 4727, 1, 29, 15.04, 13.99, 75.65,  131.00, 5000.00,    0.01,    1.31,    0.00, 0
29, 4728, 1, 29, 14.86, 14.05, 75.79,  131.02, 5000.00,    0.01,    1.34,    0.00, 0
29, 4729, 1, 29, 14.76, 14.10, 75.93,  131.01, 5000.00,    0.01,    1.35,    0.00, 0
29, 4730, 1, 29, 14.76, 14.10, 76.05,  130.99, 5000.00,    0.01,    1.35,    0.00, 0
29, 4731, 1, 29, 10.75, 16.84, 55.92,  131.67, 5000.00,    0.00,    1.57,    0.00, 0
29, 4732, 1, 29, 10.69, 16.88, 56.03,  131.67, 5000.00,    0.00,    1.58,    0.00, 0
29, 4733, 1, 29, 10.82, 16.85, 56.17,  131.64, 5000.00,    0.00,    1.56,    0.00, 0
29, 4734, 1, 29, 10.91, 16.83, 56.47,  131.62, 5000.00,    0.00,    1.56,    0.00, 0
29, 4735, 1, 29, 10.91, 16.84, 56.88,  131.62, 5000.00,    0.00,    1.56,    0.00, 0
29, 4736, 1, 29, 10.89, 16.79, 57.39,  131.61, 5000.00,    0.00,    1.55,    0.00, 0
29, 4737, 1, 29, 10.73, 16.91, 58.08,  131.61, 5000.00,    0.00,    1.55,    0.00, 0
29, 4738, 1, 29, 10.82, 16.91, 59.01,  131.60, 5000.00,    0.00,    1.54,    0.00, 0
29, 4739, 1, 29, 10.79, 16.95, 60.31,  131.60, 5000.00,    0.00,    1.55,    0.00, 0
29, 4740, 1, 29, 10.86, 16.88, 62.10,  131.59, 5000.00,    0.00,    1.54,    0.00, 0
29, 4741, 1, 29, 10.53, 17.05, 64.33,  131.58, 5000.00,    0.00,    1.53,    0.00, 0
29, 4742, 1, 29, 10.60, 17.08, 67.28,  131.55, 5000.00,    0.00,    1.53,    0.00, 0
29, 4743, 1, 29, 10.17, 17.36, 69.92,  131.51, 5000.00,    0.00,    1.51,    0.00, 0
29, 4744, 1, 29, 10.10, 17.51, 71.80,  131.41, 5000.00,    0.01,    1.47,    0.00, 0
29, 4745, 1, 29, 11.03, 16.89, 73.14,  131.26, 5000.00,    0.01,    1.44,    0.00, 0
29, 4746, 1, 29,  9.97, 17.66, 73.97,  131.22, 5000.00,    0.01,    1.40,    0.00, 0
29, 4747, 1, 29, 11.07, 17.01, 74.73,  131.08, 5000.00,    0.01,    1.40,    0.00, 0
29, 4748, 1, 29, 11.10, 17.04, 75.29,  131.00, 5000.00,    0.01,    1.38,    0.00, 0
29, 4749, 1, 29,  9.87, 17.93, 75.66,  130.96, 5000.00,    0.01,    1.31,    0.00, 0
29, 4750, 1, 29,  9.99, 17.73, 75.83,  131.00, 5000.00,    0.01,    1.35,    0.00, 0
29, 4751, 1, 29,  9.94, 17.78, 76.00,  130.96, 5000.00,    0.01,    1.33,    0.00, 0
29, 4752, 1, 29, 10.03, 17.77, 76.11,  130.92, 5000.00,    0.01,    1.33,    0.00, 0
29, 4753, 1, 29,  6.73, 18.27, 56.22,  131.72, 5000.00,    0.01,    1.54,    0.00, 0
29, 4754, 1, 29,  6.56, 18.33, 56.35,  131.73, 5000.00,    0.00,    1.54,    0.00, 0
29, 4755, 1, 29,  6.50, 18.38, 56.49,  131.69, 5000.00,    0.00,    1.53,    0.00, 0
29, 4756, 1, 29,  6.68, 18.37, 56.78,  131.69, 5000.00,    0.00,    1.53,    0.00, 0
29, 4757, 1, 29,  6.96, 18.17, 57.17,  131.71, 5000.00,    0.00,    1.57,    0.00, 0
29, 4758, 1, 29,  7.05, 18.20, 57.70,  131.71, 5000.00,    0.00,    1.58,    0.00, 0
29, 4759, 1, 29,  6.74, 18.42, 58.37,  131.69, 5000.00,    0.00,    1.56,    0.00, 0
29, 4760, 1, 29,  6.94, 18.33, 59.32,  131.67, 5000.00,    0.00,    1.58,    0.00, 0
29, 4761, 1, 29,  6.95, 18.47, 60.61,  131.65, 5000.00,    0.00,    1.58,    0.00, 0
29, 4762, 1, 29,  7.18, 18.59, 62.39,  131.63, 5000.00,    0.00,    1.57,    0.00, 0
29, 4763, 1, 29,  6.61, 18.92, 64.61,  131.61, 5000.00,    0.00,    1.57,    0.00, 0
29, 4764, 1, 29,  6.67, 18.95, 67.42,  131.59, 5000.00,    0.00,    1.56,    0.00, 0
29, 4765, 1, 29,  6.54, 18.97, 70.02,  131.53, 5000.00,    0.00,    1.55,    0.00, 0
29, 4766, 1, 29,  6.39, 19.09, 71.89,  131.43, 5000.00,    0.01,    1.50,    0.00, 0
29, 4767, 1, 29,  6.58, 19.13, 73.10,  131.33, 5000.00,    0.01,    1.48,    0.00, 0
29, 4768, 1, 29,  6.26, 19.25, 74.00,  131.24, 5000.00,    0.01,    1.44,    0.00, 0
29, 4769, 1, 29,  6.20, 19.37, 74.70,  131.14, 5000.00,    0.01,    1.41,    0.00, 0
29, 4770, 1, 29,  5.88, 19.68, 75.32,  131.04, 5000.00,    0.01,    1.32,    0.00, 0
29, 4771, 1, 29,  5.88, 19.72, 75.72,  130.97, 5000.00,    0.01,    1.29,    0.00, 0
29, 4772, 1, 29,  5.99, 19.54, 75.87,  131.01, 5000.00,    0.01,    1.35,    0.00, 0
29, 4773, 1, 29,  5.99, 19.56, 76.03,  130.98, 5000.00,    0.01,    1.34,    0.00, 0
29, 4774, 1, 29,  6.21, 19.46, 76.14,  130.93, 5000.00,    0.01,    1.36,    0.00, 0
29, 4775, 1, 29,  4.50, 18.49, 56.72,  131.71, 5000.00,    0.01,    1.52,    0.00, 0
29, 4776, 1, 29,  4.47, 18.51, 56.82,  131.71, 5000.00,    0.01,    1.52,    0.00, 0
29, 4777, 1, 29,  4.42, 18.55, 56.95,  131.70, 5000.00,    0.01,    1.51,    0.00, 0
29, 4778, 1, 29,  4.37, 18.56, 57.24,  131.71, 5000.00,    0.01,    1.52,    0.00, 0
29, 4779, 1, 29,  4.37, 18.59, 57.64,  131.70, 5000.00,    0.01,    1.51,    0.00, 0
29, 4780, 1, 29,  4.35, 18.63, 58.13,  131.69, 5000.00,    0.01,    1.51,    0.00, 0
29, 4781, 1, 29,  4.11, 18.74, 58.77,  131.68, 5000.00,    0.01,    1.51,    0.00, 0
29, 4782, 1, 29,  4.28, 18.84, 59.65,  131.67, 5000.00,    0.01,    1.52,    0.00, 0
29, 4783, 1, 29,  4.27, 18.92, 60.86,  131.66, 5000.00,    0.00,    1.51,    0.00, 0
29, 4784, 1, 29,  4.55, 18.94, 62.71,  131.71, 5000.00,    0.00,    1.54,    0.00, 0
29, 4785, 1, 29,  3.93, 19.24, 64.77,  131.68, 5000.00,    0.01,    1.53,    0.00, 0
29, 4786, 1, 29,  4.16, 19.37, 67.53,  131.66, 5000.00,    0.00,    1.56,    0.00, 0
29, 4787, 1, 29,  4.09, 19.67, 70.13,  131.60, 5000.00,    0.01,    1.54,    0.00, 0
29, 4788, 1, 29,  3.95, 19.78, 72.00,  131.51, 5000.00,    0.01,    1.50,    0.00, 0
29, 4789, 1, 29,  3.98, 19.91, 73.27,  131.37, 5000.00,    0.01,    1.44,    0.00, 0
29, 4790, 1, 29,  3.70, 20.06, 74.17,  131.29, 5000.00,    0.01,    1.41,    0.00, 0
29, 4791, 1, 29,  3.64, 20.08, 74.85,  131.20, 5000.00,    0.01,    1.38,    0.00, 0
29, 4792, 1, 29,  3.61, 20.15, 75.38,  131.12, 5000.00,    0.01,    1.35,    0.00, 0
29, 4793, 1, 29,  3.61, 20.19, 75.78,  131.06, 5000.00,    0.01,    1.34,    0.00, 0
29, 4794, 1, 29,  3.62, 20.17, 75.99,  131.04, 5000.00,    0.01,    1.34,    0.00, 0
29, 4795, 1, 29,  3.65, 20.11, 76.09,  131.05, 5000.00,    0.01,    1.35,    0.00, 0
29, 4796, 1, 29,  3.67, 20.12, 76.19,  131.03, 5000.00,    0.01,    1.36,    0.00, 0
29, 4797, 1, 29,  3.25, 18.61, 57.21,  131.73, 5000.00,    0.01,    1.51,    0.00, 0
29, 4798, 1, 29,  3.19, 18.60, 57.32,  131.74, 5000.00,    0.01,    1.52,    0.00, 0
29, 4799, 1, 29,  3.15, 18.61, 57.45,  131.75, 5000.00,    0.01,    1.52,    0.00, 0
29, 4800, 1, 29,  3.04, 18.66, 57.75,  131.74, 5000.00,    0.01,    1.53,    0.00, 0
29, 4801, 1, 29,  3.04, 18.68, 58.13,  131.74, 5000.00,    0.01,    1.53,    0.00, 0
29, 4802, 1, 29,  3.05, 18.70, 58.65,  131.75, 5000.00,    0.01,    1.53,    0.00, 0
29, 4803, 1, 29,  2.75, 18.81, 59.26,  131.74, 5000.00,    0.01,    1.52,    0.00, 0
29, 4804, 1, 29,  2.90, 18.86, 60.10,  131.73, 5000.00,    0.01,    1.52,    0.00, 0
29, 4805, 1, 29,  2.90, 18.93, 61.32,  131.75, 5000.00,    0.01,    1.53,    0.00, 0
29, 4806, 1, 29,  3.13, 19.02, 63.04,  131.76, 5000.00,    0.01,    1.54,    0.00, 0
29, 4807, 1, 29,  2.52, 19.22, 65.17,  131.82, 5000.00,    0.01,    1.56,    0.00, 0
29, 4808, 1, 29,  2.67, 19.47, 67.76,  131.77, 5000.00,    0.01,    1.57,    0.00, 0
29, 4809, 1, 29,  2.51, 19.76, 70.39,  131.69, 5000.00,    0.01,    1.53,    0.00, 0
29, 4810, 1, 29,  2.40, 19.97, 72.21,  131.60, 5000.00,    0.01,    1.51,    0.00, 0
29, 4811, 1, 29,  2.59, 20.10, 73.39,  131.49, 5000.00,    0.01,    1.46,    0.00, 0
29, 4812, 1, 29,  2.28, 20.24, 74.22,  131.46, 5000.00,    0.01,    1.45,    0.00, 0
29, 4813, 1, 29,  2.23, 20.26, 74.88,  131.39, 5000.00,    0.01,    1.43,    0.00, 0
29, 4814, 1, 29,  2.20, 20.36, 75.41,  131.32, 5000.00,    0.01,    1.41,    0.00, 0
29, 4815, 1, 29,  2.19, 20.43, 75.79,  131.24, 5000.00,    0.01,    1.39,    0.00, 0
29, 4816, 1, 29,  2.19, 20.42, 76.03,  131.22, 5000.00,    0.01,    1.39,    0.00, 0
29, 4817, 1, 29,  2.19, 20.36, 76.14,  131.24, 5000.00,    0.01,    1.41,    0.00, 0
29, 4818, 1, 29,  2.24, 20.08, 76.16,  131.38, 5000.00,    0.01,    1.49,    0.00, 0
29, 4819, 1, 29,  2.57, 18.54, 57.34,  131.79, 5000.00,    0.01,    1.52,    0.00, 0
29, 4820, 1, 29,  2.51, 18.54, 57.49,  131.81, 5000.00,    0.01,    1.53,    0.00, 0
29, 4821, 1, 29,  2.47, 18.54, 57.63,  131.82, 5000.00,    0.01,    1.53,    0.00, 0
29, 4822, 1, 29,  2.31, 18.64, 57.88,  131.77, 5000.00,    0.01,    1.53,    0.00, 0
29, 4823, 1, 29,  2.33, 18.87, 58.29,  131.76, 5000.00,    0.01,    1.53,    0.00, 0
29, 4824, 1, 29,  2.31, 18.66, 58.80,  131.80, 5000.00,    0.01,    1.53,    0.00, 0
29, 4825, 1, 29,  2.00, 18.76, 59.43,  131.82, 5000.00,    0.01,    1.54,    0.00, 0
29, 4826, 1, 29,  2.19, 18.86, 60.31,  131.82, 5000.00,    0.01,    1.54,    0.00, 0
29, 4827, 1, 29,  2.18, 18.96, 61.51,  131.83, 5000.00,    0.01,    1.55,    0.00, 0
29, 4828, 1, 29,  2.39, 19.06, 63.23,  131.83, 5000.00,    0.01,    1.55,    0.00, 0
29, 4829, 1, 29,  1.74, 19.23, 65.27,  131.95, 5000.00,    0.01,    1.59,    0.00, 0
29, 4830, 1, 29,  1.89, 19.43, 67.90,  131.88, 5000.00,    0.01,    1.59,    0.00, 0
29, 4831, 1, 29,  1.77, 19.63, 70.45,  131.84, 5000.00,    0.01,    1.58,    0.00, 0
29, 4832, 1, 29,  1.66, 19.83, 72.26,  131.78, 5000.00,    0.01,    1.56,    0.00, 0
29, 4833, 1, 29,  1.89, 19.87, 73.36,  131.68, 5000.00,    0.01,    1.55,    0.00, 0
29, 4834, 1, 29,  1.52, 20.08, 74.32,  131.62, 5000.00,    0.01,    1.52,    0.00, 0
29, 4835, 1, 29,  1.46, 20.31, 75.05,  131.54, 5000.00,    0.01,    1.48,    0.00, 0
29, 4836, 1, 29,  1.51, 20.10, 75.42,  131.58, 5000.00,    0.01,    1.53,    0.00, 0
29, 4837, 1, 29,  1.38, 20.38, 75.97,  131.41, 5000.00,    0.01,    1.45,    0.00, 0
29, 4838, 1, 29,  1.36, 20.42, 76.28,  131.34, 5000.00,    0.01,    1.43,    0.00, 0
29, 4839, 1, 29,  1.34, 20.51, 76.47,  131.24, 5000.00,    0.01,    1.40,    0.00, 0
29, 4840, 1, 29,  1.36, 20.43, 76.50,  131.29, 5000.00,    0.01,    1.44,    0.00, 0
29, 4841, 1, 29,  2.24, 18.63, 57.37,  131.78, 5000.00,    0.01,    1.52,    0.00, 0
29, 4842, 1, 29,  2.18, 18.51, 57.51,  131.83, 5000.00,    0.01,    1.54,    0.00, 0
29, 4843, 1, 29,  2.14, 18.56, 57.65,  131.82, 5000.00,    0.01,    1.54,    0.00, 0
29, 4844, 1, 29,  2.00, 18.60, 57.94,  131.83, 5000.00,    0.01,    1.54,    0.00, 0
29, 4845, 1, 29,  1.99, 18.59, 58.35,  131.86, 5000.00,    0.01,    1.55,    0.00, 0
29, 4846, 1, 29,  1.97, 18.66, 58.80,  131.85, 5000.00,    0.01,    1.54,    0.00, 0
29, 4847, 1, 29,  1.68, 18.78, 59.42,  131.92, 5000.00,    0.01,    1.57,    0.00, 0
29, 4848, 1, 29,  1.85, 18.84, 60.33,  131.88, 5000.00,    0.01,    1.56,    0.00, 0
29, 4849, 1, 29,  1.84, 18.94, 61.54,  131.89, 5000.00,    0.01,    1.56,    0.00, 0
29, 4850, 1, 29,  2.05, 19.06, 63.30,  131.89, 5000.00,    0.01,    1.56,    0.00, 0
29, 4851, 1, 29,  1.39, 19.20, 65.22,  132.04, 5000.00,    0.01,    1.62,    0.00, 0
29, 4852, 1, 29,  1.54, 19.43, 67.80,  131.93, 5000.00,    0.01,    1.61,    0.00, 0
29, 4853, 1, 29,  1.41, 19.61, 70.44,  131.93, 5000.00,    0.01,    1.61,    0.00, 0
29, 4854, 1, 29,  1.30, 19.82, 72.25,  131.86, 5000.00,    0.01,    1.58,    0.00, 0
29, 4855, 1, 29,  1.50, 19.96, 73.48,  131.72, 5000.00,    0.01,    1.54,    0.00, 0
29, 4856, 1, 29,  1.40, 19.25, 73.22,  132.20, 5000.00,    0.02,    1.83,    0.00, 0
29, 4857, 1, 29,  1.16, 20.02, 74.88,  131.76, 5000.00,    0.01,    1.57,    0.00, 0
29, 4858, 1, 29,  1.13, 20.08, 75.40,  131.71, 5000.00,    0.01,    1.57,    0.00, 0
29, 4859, 1, 29,  1.11, 20.13, 75.77,  131.67, 5000.00,    0.01,    1.55,    0.00, 0
29, 4860, 1, 29,  1.10, 20.17, 76.11,  131.61, 5000.00,    0.01,    1.54,    0.00, 0
29, 4861, 1, 29,  1.10, 20.11, 76.25,  131.64, 5000.00,    0.01,    1.56,    0.00, 0
29, 4862, 1, 29,  1.09, 20.20, 76.40,  131.55, 5000.00,    0.02,    1.54,    0.00, 0
29, 4863, 1, 29, 18.69,  8.79, 56.30,  131.67, 5000.00,    0.01,    1.66,    0.00, 0
29, 4864, 1, 29, 18.76,  8.80, 56.44,  131.67, 5000.00,    0.01,    1.64,    0.00, 0
29, 4865, 1, 29, 18.96,  8.85, 56.50,  131.64, 5000.00,    0.01,    1.58,    0.00, 0
29, 4866, 1, 29, 19.15,  8.44, 56.73,  131.72, 5000.00,    0.01,    1.61,    0.00, 0
29, 4867, 1, 29, 19.18,  8.41, 57.11,  131.73, 5000.00,    0.01,    1.61,    0.00, 0
29, 4868, 1, 29, 19.19,  8.37, 57.68,  131.76, 5000.00,    0.01,    1.63,    0.00, 0
29, 4869, 1, 29, 19.25,  8.39, 58.42,  131.79, 5000.00,    0.02,    1.65,    0.00, 0
29, 4870, 1, 29, 19.23,  8.39, 59.39,  131.84, 5000.00,    0.02,    1.68,    0.00, 0
29, 4871, 1, 29, 19.19,  8.38, 60.70,  131.89, 5000.00,    0.02,    1.70,    0.00, 0
29, 4872, 1, 29, 19.19,  8.34, 62.49,  131.95, 5000.00,    0.02,    1.72,    0.00, 0
29, 4873, 1, 29, 19.11,  8.29, 64.61,  131.99, 5000.00,    0.02,    1.72,    0.00, 0
29, 4874, 1, 29, 19.06,  8.54, 67.20,  131.92, 5000.00,    0.02,    1.70,    0.00, 0
29, 4875, 1, 29, 19.10,  8.52, 69.76,  131.88, 5000.00,    0.02,    1.68,    0.00, 0
29, 4876, 1, 29, 19.21,  8.54, 71.71,  131.80, 5000.00,    0.02,    1.65,    0.00, 0
29, 4877, 1, 29, 19.30,  8.53, 73.01,  131.74, 5000.00,    0.02,    1.61,    0.00, 0
29, 4878, 1, 29, 19.36,  8.54, 73.90,  131.67, 5000.00,    0.02,    1.58,    0.00, 0
29, 4879, 1, 29, 19.41,  8.54, 74.56,  131.62, 5000.00,    0.01,    1.56,    0.00, 0
29, 4880, 1, 29, 19.42,  8.55, 75.08,  131.57, 5000.00,    0.01,    1.54,    0.00, 0
29, 4881, 1, 29, 19.43,  8.55, 75.45,  131.54, 5000.00,    0.01,    1.53,    0.00, 0
29, 4882, 1, 29, 19.41,  8.52, 75.78,  131.50, 5000.00,    0.01,    1.53,    0.00, 0
29, 4883, 1, 29, 19.25,  8.48, 75.91,  131.51, 5000.00,    0.01,    1.56,    0.00, 0
29, 4884, 1, 29, 19.35,  8.50, 76.03,  131.50, 5000.00,    0.01,    1.56,    0.00, 0
29, 4885, 1, 29, 18.54,  8.97, 56.27,  131.65, 5000.00,    0.01,    1.67,    0.00, 0
29, 4886, 1, 29, 18.68,  9.00, 56.39,  131.63, 5000.00,    0.01,    1.63,    0.00, 0
29, 4887, 1, 29, 18.84,  9.03, 56.49,  131.62, 5000.00,    0.01,    1.58,    0.00, 0
29, 4888, 1, 29, 19.19,  8.69, 56.64,  131.64, 5000.00,    0.01,    1.55,    0.00, 0
29, 4889, 1, 29, 19.07,  8.60, 57.17,  131.69, 5000.00,    0.01,    1.60,    0.00, 0
29, 4890, 1, 29, 19.17,  8.62, 57.70,  131.71, 5000.00,    0.01,    1.62,    0.00, 0
29, 4891, 1, 29, 19.17,  8.60, 58.41,  131.75, 5000.00,    0.01,    1.63,    0.00, 0
29, 4892, 1, 29, 19.16,  8.60, 59.38,  131.79, 5000.00,    0.01,    1.66,    0.00, 0
29, 4893, 1, 29, 19.11,  8.60, 60.71,  131.83, 5000.00,    0.01,    1.68,    0.00, 0
29, 4894, 1, 29, 19.11,  8.55, 62.52,  131.89, 5000.00,    0.02,    1.70,    0.00, 0
29, 4895, 1, 29, 19.12,  8.54, 64.60,  131.92, 5000.00,    0.02,    1.71,    0.00, 0
29, 4896, 1, 29, 18.98,  8.76, 67.20,  131.87, 5000.00,    0.01,    1.68,    0.00, 0
29, 4897, 1, 29, 19.03,  8.74, 69.76,  131.83, 5000.00,    0.01,    1.67,    0.00, 0
29, 4898, 1, 29, 19.13,  8.76, 71.71,  131.75, 5000.00,    0.01,    1.63,    0.00, 0
29, 4899, 1, 29, 19.22,  8.73, 73.00,  131.69, 5000.00,    0.01,    1.59,    0.00, 0
29, 4900, 1, 29, 19.34,  8.75, 73.91,  131.61, 5000.00,    0.01,    1.56,    0.00, 0
29, 4901, 1, 29, 19.41,  8.75, 74.58,  131.56, 5000.00,    0.01,    1.53,    0.00, 0
29, 4902, 1, 29, 19.45,  8.76, 75.15,  131.51, 5000.00,    0.01,    1.51,    0.00, 0
29, 4903, 1, 29, 19.46,  8.76, 75.49,  131.48, 5000.00,    0.01,    1.50,    0.00, 0
29, 4904, 1, 29, 19.38,  8.72, 75.80,  131.45, 5000.00,    0.01,    1.51,    0.00, 0
29, 4905, 1, 29, 19.14,  8.69, 75.92,  131.47, 5000.00,    0.01,    1.57,    0.00, 0
29, 4906, 1, 29, 19.29,  8.73, 76.06,  131.42, 5000.00,    0.01,    1.55,    0.00, 0
29, 4907, 1, 29, 18.57,  9.31, 56.25,  131.62, 5000.00,    0.01,    1.63,    0.00, 0
29, 4908, 1, 29, 18.72,  9.32, 56.34,  131.60, 5000.00,    0.01,    1.59,    0.00, 0
29, 4909, 1, 29, 18.85,  9.32, 56.40,  131.57, 5000.00,    0.01,    1.55,    0.00, 0
29, 4910, 1, 29, 18.94,  8.96, 56.80,  131.64, 5000.00,    0.01,    1.59,    0.00, 0
29, 4911, 1, 29, 18.96,  8.93, 57.19,  131.65, 5000.00,    0.01,    1.60,    0.00, 0
29, 4912, 1, 29, 19.00,  8.91, 57.71,  131.67, 5000.00,    0.01,    1.61,    0.00, 0
29, 4913, 1, 29, 19.11,  8.95, 58.37,  131.69, 5000.00,    0.01,    1.62,    0.00, 0
29, 4914, 1, 29, 19.10,  8.96, 59.35,  131.73, 5000.00,    0.01,    1.64,    0.00, 0
29, 4915, 1, 29, 19.04,  8.96, 60.68,  131.77, 5000.00,    0.01,    1.66,    0.00, 0
29, 4916, 1, 29, 19.04,  8.92, 62.50,  131.83, 5000.00,    0.01,    1.67,    0.00, 0
29, 4917, 1, 29, 19.04,  8.92, 64.58,  131.86, 5000.00,    0.01,    1.68,    0.00, 0
29, 4918, 1, 29, 18.88,  9.12, 67.23,  131.82, 5000.00,    0.01,    1.66,    0.00, 0
29, 4919, 1, 29, 18.92,  9.10, 69.80,  131.78, 5000.00,    0.01,    1.64,    0.00, 0
29, 4920, 1, 29, 19.01,  9.10, 71.71,  131.71, 5000.00,    0.01,    1.61,    0.00, 0
29, 4921, 1, 29, 19.09,  9.06, 72.98,  131.64, 5000.00,    0.01,    1.58,    0.00, 0
29, 4922, 1, 29, 19.15,  9.06, 73.89,  131.57, 5000.00,    0.01,    1.55,    0.00, 0
29, 4923, 1, 29, 19.32,  9.04, 74.62,  131.50, 5000.00,    0.01,    1.51,    0.00, 0
29, 4924, 1, 29, 19.37,  9.05, 75.20,  131.45, 5000.00,    0.01,    1.48,    0.00, 0
29, 4925, 1, 29, 19.34,  9.04, 75.50,  131.43, 5000.00,    0.01,    1.49,    0.00, 0
29, 4926, 1, 29, 19.21,  9.00, 75.79,  131.39, 5000.00,    0.01,    1.50,    0.00, 0
29, 4927, 1, 29, 19.04,  9.03, 75.92,  131.40, 5000.00,    0.01,    1.55,    0.00, 0
29, 4928, 1, 29, 19.27,  9.05, 76.09,  131.33, 5000.00,    0.01,    1.53,    0.00, 0
29, 4929, 1, 29, 18.43,  9.75, 56.17,  131.61, 5000.00,    0.01,    1.58,    0.00, 0
29, 4930, 1, 29, 18.49,  9.82, 56.29,  131.60, 5000.00,    0.01,    1.58,    0.00, 0
29, 4931, 1, 29, 18.58,  9.82, 56.43,  131.58, 5000.00,    0.01,    1.56,    0.00, 0
29, 4932, 1, 29, 18.75,  9.42, 56.70,  131.58, 5000.00,    0.01,    1.55,    0.00, 0
29, 4933, 1, 29, 18.82,  9.44, 57.11,  131.59, 5000.00,    0.01,    1.57,    0.00, 0
29, 4934, 1, 29, 18.85,  9.43, 57.63,  131.61, 5000.00,    0.01,    1.57,    0.00, 0
29, 4935, 1, 29, 18.83,  9.44, 58.33,  131.64, 5000.00,    0.01,    1.59,    0.00, 0
29, 4936, 1, 29, 18.79,  9.45, 59.34,  131.68, 5000.00,    0.01,    1.62,    0.00, 0
29, 4937, 1, 29, 18.74,  9.47, 60.64,  131.71, 5000.00,    0.01,    1.64,    0.00, 0
29, 4938, 1, 29, 18.76,  9.44, 62.44,  131.75, 5000.00,    0.01,    1.66,    0.00, 0
29, 4939, 1, 29, 18.75,  9.46, 64.53,  131.77, 5000.00,    0.01,    1.66,    0.00, 0
29, 4940, 1, 29, 18.60,  9.63, 67.17,  131.74, 5000.00,    0.01,    1.65,    0.00, 0
29, 4941, 1, 29, 18.63,  9.62, 69.59,  131.71, 5000.00,    0.01,    1.63,    0.00, 0
29, 4942, 1, 29, 18.72,  9.62, 71.48,  131.65, 5000.00,    0.01,    1.60,    0.00, 0
29, 4943, 1, 29, 18.79,  9.58, 72.73,  131.59, 5000.00,    0.01,    1.58,    0.00, 0
29, 4944, 1, 29, 18.85,  9.59, 73.65,  131.53, 5000.00,    0.01,    1.55,    0.00, 0
29, 4945, 1, 29, 18.87,  9.58, 74.32,  131.48, 5000.00,    0.01,    1.54,    0.00, 0
29, 4946, 1, 29, 18.89,  9.60, 74.85,  131.44, 5000.00,    0.01,    1.53,    0.00, 0
29, 4947, 1, 29, 18.92,  9.60, 75.25,  131.39, 5000.00,    0.01,    1.50,    0.00, 0
29, 4948, 1, 29, 19.03,  9.60, 75.68,  131.32, 5000.00,    0.01,    1.47,    0.00, 0
29, 4949, 1, 29, 18.86,  9.60, 75.72,  131.34, 5000.00,    0.01,    1.52,    0.00, 0
29, 4950, 1, 29, 18.52,  9.62, 75.73,  131.37, 5000.00,    0.01,    1.58,    0.00, 0
29, 4951, 1, 29, 17.90, 10.67, 56.50,  131.58, 5000.00,    0.01,    1.61,    0.00, 0
29, 4952, 1, 29, 18.01, 10.70, 56.58,  131.57, 5000.00,    0.01,    1.57,    0.00, 0
29, 4953, 1, 29, 17.94, 10.75, 56.73,  131.58, 5000.00,    0.01,    1.59,    0.00, 0
29, 4954, 1, 29, 18.13, 10.39, 57.07,  131.59, 5000.00,    0.01,    1.61,    0.00, 0
29, 4955, 1, 29, 18.31, 10.33, 57.46,  131.58, 5000.00,    0.01,    1.57,    0.00, 0
29, 4956, 1, 29, 18.33, 10.31, 57.97,  131.58, 5000.00,    0.01,    1.58,    0.00, 0
29, 4957, 1, 29, 18.34, 10.33, 58.64,  131.59, 5000.00,    0.01,    1.58,    0.00, 0
29, 4958, 1, 29, 18.35, 10.34, 59.57,  131.61, 5000.00,    0.01,    1.60,    0.00, 0
29, 4959, 1, 29, 18.30, 10.36, 60.87,  131.63, 5000.00,    0.01,    1.61,    0.00, 0
29, 4960, 1, 29, 18.32, 10.33, 62.64,  131.66, 5000.00,    0.01,    1.62,    0.00, 0
29, 4961, 1, 29, 18.31, 10.39, 64.71,  131.67, 5000.00,    0.01,    1.62,    0.00, 0
29, 4962, 1, 29, 18.16, 10.54, 67.35,  131.66, 5000.00,    0.01,    1.61,    0.00, 0
29, 4963, 1, 29, 18.22, 10.52, 69.83,  131.61, 5000.00,    0.01,    1.59,    0.00, 0
29, 4964, 1, 29, 18.33, 10.51, 71.68,  131.55, 5000.00,    0.01,    1.56,    0.00, 0
29, 4965, 1, 29, 18.43, 10.44, 72.92,  131.48, 5000.00,    0.01,    1.53,    0.00, 0
29, 4966, 1, 29, 18.49, 10.45, 73.82,  131.42, 5000.00,    0.01,    1.51,    0.00, 0
29, 4967, 1, 29, 18.64, 10.40, 74.53,  131.35, 5000.00,    0.01,    1.46,    0.00, 0
29, 4968, 1, 29, 18.67, 10.42, 75.06,  131.29, 5000.00,    0.01,    1.44,    0.00, 0
29, 4969, 1, 29, 18.77, 10.43, 75.51,  131.22, 5000.00,    0.01,    1.40,    0.00, 0
29, 4970, 1, 29, 18.70, 10.45, 75.74,  131.20, 5000.00,    0.01,    1.42,    0.00, 0
29, 4971, 1, 29, 18.39, 10.51, 75.74,  131.24, 5000.00,    0.01,    1.49,    0.00, 0
29, 4972, 1, 29, 18.36, 10.54, 75.90,  131.21, 5000.00,    0.01,    1.48,    0.00, 0
29, 4973, 1, 29, 17.04, 12.21, 56.12,  131.57, 5000.00,    0.00,    1.59,    0.00, 0
29, 4974, 1, 29, 16.97, 12.26, 56.24,  131.56, 5000.00,    0.00,    1.60,    0.00, 0
29, 4975, 1, 29, 17.14, 12.20, 56.37,  131.52, 5000.00,    0.00,    1.57,    0.00, 0
29, 4976, 1, 29, 17.54, 11.86, 56.65,  131.52, 5000.00,    0.00,    1.54,    0.00, 0
29, 4977, 1, 29, 17.52, 11.86, 57.06,  131.52, 5000.00,    0.00,    1.54,    0.00, 0
29, 4978, 1, 29, 17.49, 11.89, 57.60,  131.53, 5000.00,    0.00,    1.56,    0.00, 0
29, 4979, 1, 29, 17.38, 11.91, 58.30,  131.54, 5000.00,    0.00,    1.56,    0.00, 0
29, 4980, 1, 29, 17.37, 11.93, 59.25,  131.55, 5000.00,    0.00,    1.58,    0.00, 0
29, 4981, 1, 29, 17.32, 11.97, 60.56,  131.56, 5000.00,    0.01,    1.58,    0.00, 0
29, 4982, 1, 29, 17.36, 11.93, 62.36,  131.57, 5000.00,    0.01,    1.59,    0.00, 0
29, 4983, 1, 29, 17.30, 12.05, 64.55,  131.57, 5000.00,    0.01,    1.59,    0.00, 0
29, 4984, 1, 29, 17.16, 12.15, 67.26,  131.56, 5000.00,    0.01,    1.58,    0.00, 0
29, 4985, 1, 29, 17.25, 12.12, 69.82,  131.52, 5000.00,    0.01,    1.56,    0.00, 0
29, 4986, 1, 29, 17.39, 12.08, 71.72,  131.45, 5000.00,    0.01,    1.53,    0.00, 0
29, 4987, 1, 29, 17.53, 11.99, 72.99,  131.38, 5000.00,    0.01,    1.49,    0.00, 0
29, 4988, 1, 29, 17.71, 11.95, 73.91,  131.30, 5000.00,    0.01,    1.44,    0.00, 0
29, 4989, 1, 29, 17.79, 11.94, 74.62,  131.22, 5000.00,    0.01,    1.41,    0.00, 0
29, 4990, 1, 29, 17.87, 11.95, 75.18,  131.14, 5000.00,    0.01,    1.38,    0.00, 0
29, 4991, 1, 29, 17.93, 11.96, 75.62,  131.07, 5000.00,    0.01,    1.35,    0.00, 0
29, 4992, 1, 29, 17.84, 11.98, 75.79,  131.06, 5000.00,    0.01,    1.37,    0.00, 0
29, 4993, 1, 29, 17.97, 12.06, 75.97,  131.00, 5000.00,    0.01,    1.34,    0.00, 0
29, 4994, 1, 29, 17.79, 12.05, 76.04,  131.00, 5000.00,    0.01,    1.37,    0.00, 0
29, 4995, 1, 29, 14.85, 14.77, 55.99,  131.59, 5000.00,    0.00,    1.59,    0.00, 0
29, 4996, 1, 29, 14.86, 14.77, 56.12,  131.58, 5000.00,    0.00,    1.58,    0.00, 0
29, 4997, 1, 29, 15.23, 14.64, 56.22,  131.53, 5000.00,    0.00,    1.54,    0.00, 0
29, 4998, 1, 29, 15.37, 14.51, 56.53,  131.53, 5000.00,    0.00,    1.54,    0.00, 0
29, 4999, 1, 29, 15.35, 14.52, 56.95,  131.53, 5000.00,    0.00,    1.55,    0.00, 0
29, 5000, 1, 29, 15.36, 14.54, 57.48,  131.53, 5000.00,    0.00,    1.56,    0.00, 0
29, 5001, 1, 29, 15.26, 14.55, 58.15,  131.53, 5000.00,    0.00,    1.55,    0.00, 0
29, 5002, 1, 29, 15.27, 14.57, 59.10,  131.53, 5000.00,    0.00,    1.55,    0.00, 0
29, 5003, 1, 29, 15.21, 14.63, 60.40,  131.53, 5000.00,    0.00,    1.55,    0.00, 0
29, 5004, 1, 29, 15.25, 14.63, 62.21,  131.54, 5000.00,    0.00,    1.56,    0.00, 0
29, 5005, 1, 29, 15.04, 14.76, 64.48,  131.53, 5000.00,    0.00,    1.54,    0.00, 0
29, 5006, 1, 29, 15.14, 14.90, 67.25,  131.50, 5000.00,    0.00,    1.54,    0.00, 0
29, 5007, 1, 29, 15.19, 14.71, 69.95,  131.45, 5000.00,    0.00,    1.51,    0.00, 0
29, 5008, 1, 29, 15.35, 14.70, 71.81,  131.37, 5000.00,    0.01,    1.47,    0.00, 0
29, 5009, 1, 29, 15.58, 14.60, 73.11,  131.29, 5000.00,    0.01,    1.43,    0.00, 0
29, 5010, 1, 29, 15.63, 14.66, 74.03,  131.20, 5000.00,    0.01,    1.39,    0.00, 0
29, 5011, 1, 29, 15.71, 14.68, 74.72,  131.12, 5000.00,    0.01,    1.36,    0.00, 0
29, 5012, 1, 29, 15.75, 14.72, 75.27,  131.05, 5000.00,    0.01,    1.33,    0.00, 0
29, 5013, 1, 29, 15.78, 14.75, 75.67,  130.98, 5000.00,    0.01,    1.31,    0.00, 0
29, 5014, 1, 29, 15.50, 14.86, 75.79,  131.01, 5000.00,    0.01,    1.36,    0.00, 0
29, 5015, 1, 29, 15.48, 14.89, 75.95,  130.98, 5000.00,    0.01,    1.36,    0.00, 0
29, 5016, 1, 29, 15.52, 14.87, 76.07,  130.95, 5000.00,    0.01,    1.34,    0.00, 0
29, 5017, 1, 29, 11.27, 17.71, 55.91,  131.58, 5000.00,    0.00,    1.60,    0.00, 0
29, 5018, 1, 29, 11.15, 17.77, 56.02,  131.58, 5000.00,    0.00,    1.61,    0.00, 0
29, 5019, 1, 29, 11.27, 17.73, 56.16,  131.56, 5000.00,    0.00,    1.60,    0.00, 0
29, 5020, 1, 29, 11.45, 17.67, 56.47,  131.54, 5000.00,    0.00,    1.58,    0.00, 0
29, 5021, 1, 29, 11.47, 17.68, 56.88,  131.54, 5000.00,    0.00,    1.58,    0.00, 0
29, 5022, 1, 29, 11.45, 17.63, 57.40,  131.53, 5000.00,    0.00,    1.57,    0.00, 0
29, 5023, 1, 29, 11.28, 17.76, 58.09,  131.53, 5000.00,    0.00,    1.57,    0.00, 0
29, 5024, 1, 29, 11.36, 17.76, 59.04,  131.52, 5000.00,    0.00,    1.57,    0.00, 0
29, 5025, 1, 29, 11.33, 17.81, 60.35,  131.52, 5000.00,    0.00,    1.56,    0.00, 0
29, 5026, 1, 29, 11.38, 17.75, 62.15,  131.52, 5000.00,    0.00,    1.56,    0.00, 0
29, 5027, 1, 29, 11.04, 17.92, 64.42,  131.51, 5000.00,    0.00,    1.56,    0.00, 0
29, 5028, 1, 29, 11.15, 17.93, 67.26,  131.48, 5000.00,    0.00,    1.55,    0.00, 0
29, 5029, 1, 29, 10.63, 18.28, 69.85,  131.45, 5000.00,    0.00,    1.53,    0.00, 0
29, 5030, 1, 29, 10.51, 18.48, 71.80,  131.36, 5000.00,    0.01,    1.49,    0.00, 0
29, 5031, 1, 29, 11.74, 17.64, 73.13,  131.23, 5000.00,    0.01,    1.48,    0.00, 0
29, 5032, 1, 29, 10.34, 18.64, 73.96,  131.19, 5000.00,    0.01,    1.41,    0.00, 0
29, 5033, 1, 29, 10.32, 18.73, 74.66,  131.11, 5000.00,    0.01,    1.39,    0.00, 0
29, 5034, 1, 29, 11.95, 17.71, 75.31,  130.97, 5000.00,    0.01,    1.41,    0.00, 0
29, 5035, 1, 29, 11.96, 17.73, 75.72,  130.92, 5000.00,    0.01,    1.40,    0.00, 0
29, 5036, 1, 29, 11.56, 17.94, 75.86,  130.93, 5000.00,    0.01,    1.40,    0.00, 0
29, 5037, 1, 29, 10.38, 18.78, 76.01,  130.92, 5000.00,    0.01,    1.34,    0.00, 0
29, 5038, 1, 29, 11.20, 18.20, 76.12,  130.88, 5000.00,    0.01,    1.38,    0.00, 0
29, 5039, 1, 29,  6.83, 19.30, 56.24,  131.63, 5000.00,    0.00,    1.55,    0.00, 0
29, 5040, 1, 29,  6.92, 19.19, 56.37,  131.68, 5000.00,    0.00,    1.58,    0.00, 0
29, 5041, 1, 29,  6.93, 19.28, 56.49,  131.63, 5000.00,    0.00,    1.56,    0.00, 0
29, 5042, 1, 29,  6.91, 19.37, 56.78,  131.61, 5000.00,    0.00,    1.54,    0.00, 0
29, 5043, 1, 29,  7.38, 19.06, 57.16,  131.63, 5000.00,    0.00,    1.59,    0.00, 0
29, 5044, 1, 29,  7.59, 19.02, 57.70,  131.62, 5000.00,    0.00,    1.61,    0.00, 0
29, 5045, 1, 29,  7.15, 19.32, 58.37,  131.61, 5000.00,    0.00,    1.59,    0.00, 0
29, 5046, 1, 29,  7.44, 19.17, 59.35,  131.60, 5000.00,    0.00,    1.61,    0.00, 0
29, 5047, 1, 29,  7.43, 19.33, 60.67,  131.57, 5000.00,    0.00,    1.62,    0.00, 0
29, 5048, 1, 29,  7.64, 19.48, 62.45,  131.54, 5000.00,    0.00,    1.61,    0.00, 0
29, 5049, 1, 29,  6.98, 19.88, 64.65,  131.54, 5000.00,    0.00,    1.60,    0.00, 0
29, 5050, 1, 29,  7.04, 19.91, 67.41,  131.51, 5000.00,    0.00,    1.59,    0.00, 0
29, 5051, 1, 29,  6.89, 19.92, 69.96,  131.47, 5000.00,    0.00,    1.57,    0.00, 0
29, 5052, 1, 29,  6.70, 20.07, 71.88,  131.38, 5000.00,    0.01,    1.53,    0.00, 0
29, 5053, 1, 29,  6.84, 20.14, 73.09,  131.28, 5000.00,    0.01,    1.49,    0.00, 0
29, 5054, 1, 29,  6.52, 20.25, 73.98,  131.20, 5000.00,    0.01,    1.46,    0.00, 0
29, 5055, 1, 29,  6.46, 20.38, 74.68,  131.11, 5000.00,    0.01,    1.42,    0.00, 0
29, 5056, 1, 29,  6.13, 20.69, 75.31,  131.03, 5000.00,    0.01,    1.32,    0.00, 0
29, 5057, 1, 29,  6.13, 20.74, 75.72,  130.96, 5000.00,    0.01,    1.30,    0.00, 0
29, 5058, 1, 29,  6.26, 20.54, 75.87,  130.97, 5000.00,    0.01,    1.35,    0.00, 0
29, 5059, 1, 29,  6.27, 20.55, 76.03,  130.93, 5000.00,    0.01,    1.35,    0.00, 0
29, 5060, 1, 29,  6.22, 20.61, 76.14,  130.92, 5000.00,    0.01,    1.33,    0.00, 0
29, 5061, 1, 29,  4.68, 19.45, 56.71,  131.64, 5000.00,    0.01,    1.52,    0.00, 0
29, 5062, 1, 29,  4.63, 19.47, 56.82,  131.63, 5000.00,    0.01,    1.52,    0.00, 0
29, 5063, 1, 29,  4.60, 19.47, 56.95,  131.64, 5000.00,    0.01,    1.53,    0.00, 0
29, 5064, 1, 29,  4.53, 19.51, 57.25,  131.63, 5000.00,    0.01,    1.52,    0.00, 0
29, 5065, 1, 29,  4.55, 19.52, 57.65,  131.63, 5000.00,    0.00,    1.53,    0.00, 0
29, 5066, 1, 29,  4.54, 19.58, 58.14,  131.61, 5000.00,    0.00,    1.52,    0.00, 0
29, 5067, 1, 29,  4.28, 19.69, 58.79,  131.60, 5000.00,    0.00,    1.53,    0.00, 0
29, 5068, 1, 29,  4.45, 19.81, 59.64,  131.59, 5000.00,    0.00,    1.52,    0.00, 0
29, 5069, 1, 29,  4.46, 19.88, 60.90,  131.60, 5000.00,    0.00,    1.53,    0.00, 0
29, 5070, 1, 29,  4.76, 19.90, 62.74,  131.63, 5000.00,    0.00,    1.54,    0.00, 0
29, 5071, 1, 29,  4.15, 20.18, 64.84,  131.63, 5000.00,    0.00,    1.55,    0.00, 0
29, 5072, 1, 29,  4.37, 20.36, 67.50,  131.58, 5000.00,    0.00,    1.58,    0.00, 0
29, 5073, 1, 29,  4.30, 20.67, 70.10,  131.53, 5000.00,    0.00,    1.56,    0.00, 0
29, 5074, 1, 29,  4.15, 20.80, 71.98,  131.44, 5000.00,    0.01,    1.52,    0.00, 0
29, 5075, 1, 29,  4.17, 20.91, 73.25,  131.33, 5000.00,    0.01,    1.45,    0.00, 0
29, 5076, 1, 29,  3.87, 21.09, 74.15,  131.25, 5000.00,    0.01,    1.42,    0.00, 0
29, 5077, 1, 29,  3.80, 21.09, 74.84,  131.17, 5000.00,    0.01,    1.39,    0.00, 0
29, 5078, 1, 29,  3.77, 21.17, 75.37,  131.09, 5000.00,    0.01,    1.36,    0.00, 0
29, 5079, 1, 29,  3.77, 21.20, 75.76,  131.03, 5000.00,    0.01,    1.35,    0.00, 0
29, 5080, 1, 29,  3.79, 21.17, 75.98,  131.00, 5000.00,    0.01,    1.35,    0.00, 0
29, 5081, 1, 29,  3.80, 21.18, 76.11,  130.97, 5000.00,    0.01,    1.34,    0.00, 0
29, 5082, 1, 29,  3.81, 21.19, 76.20,  130.95, 5000.00,    0.01,    1.34,    0.00, 0
29, 5083, 1, 29,  3.35, 19.52, 57.23,  131.65, 5000.00,    0.01,    1.53,    0.00, 0
29, 5084, 1, 29,  3.31, 19.52, 57.34,  131.66, 5000.00,    0.01,    1.53,    0.00, 0
29, 5085, 1, 29,  3.29, 19.52, 57.49,  131.67, 5000.00,    0.01,    1.54,    0.00, 0
29, 5086, 1, 29,  3.16, 19.58, 57.79,  131.66, 5000.00,    0.01,    1.53,    0.00, 0
29, 5087, 1, 29,  3.18, 19.60, 58.18,  131.66, 5000.00,    0.01,    1.54,    0.00, 0
29, 5088, 1, 29,  3.17, 19.65, 58.68,  131.65, 5000.00,    0.01,    1.54,    0.00, 0
29, 5089, 1, 29,  2.87, 19.75, 59.32,  131.66, 5000.00,    0.01,    1.53,    0.00, 0
29, 5090, 1, 29,  3.03, 19.80, 60.17,  131.65, 5000.00,    0.01,    1.54,    0.00, 0
29, 5091, 1, 29,  3.03, 19.88, 61.38,  131.67, 5000.00,    0.01,    1.54,    0.00, 0
29, 5092, 1, 29,  3.28, 19.99, 63.12,  131.67, 5000.00,    0.01,    1.55,    0.00, 0
29, 5093, 1, 29,  2.64, 20.20, 65.19,  131.72, 5000.00,    0.01,    1.57,    0.00, 0
29, 5094, 1, 29,  2.80, 20.45, 67.85,  131.68, 5000.00,    0.01,    1.58,    0.00, 0
29, 5095, 1, 29,  2.69, 20.71, 70.45,  131.63, 5000.00,    0.01,    1.57,    0.00, 0
29, 5096, 1, 29,  2.52, 20.96, 72.31,  131.53, 5000.00,    0.01,    1.52,    0.00, 0
29, 5097, 1, 29,  2.71, 21.12, 73.54,  131.42, 5000.00,    0.01,    1.48,    0.00, 0
29, 5098, 1, 29,  2.39, 21.28, 74.41,  131.39, 5000.00,    0.01,    1.45,    0.00, 0
29, 5099, 1, 29,  2.33, 21.30, 75.06,  131.32, 5000.00,    0.01,    1.42,    0.00, 0
29, 5100, 1, 29,  2.30, 21.40, 75.61,  131.24, 5000.00,    0.01,    1.40,    0.00, 0
29, 5101, 1, 29,  2.31, 21.40, 75.87,  131.22, 5000.00,    0.01,    1.41,    0.00, 0
29, 5102, 1, 29,  2.35, 21.22, 76.10,  131.20, 5000.00,    0.01,    1.43,    0.00, 0
29, 5103, 1, 29,  2.48, 20.99, 76.20,  131.22, 5000.00,    0.01,    1.51,    0.00, 0
29, 5104, 1, 29,  2.40, 21.17, 76.35,  131.16, 5000.00,    0.01,    1.50,    0.00, 0
29, 5105, 1, 29,  2.67, 19.40, 57.40,  131.72, 5000.00,    0.01,    1.55,    0.00, 0
29, 5106, 1, 29,  2.59, 19.46, 57.50,  131.71, 5000.00,    0.01,    1.54,    0.00, 0
29, 5107, 1, 29,  2.56, 19.47, 57.65,  131.71, 5000.00,    0.01,    1.54,    0.00, 0
29, 5108, 1, 29,  2.40, 19.51, 57.96,  131.71, 5000.00,    0.01,    1.54,    0.00, 0
29, 5109, 1, 29,  2.45, 19.75, 58.35,  131.70, 5000.00,    0.01,    1.55,    0.00, 0
29, 5110, 1, 29,  2.41, 19.59, 58.84,  131.71, 5000.00,    0.01,    1.55,    0.00, 0
29, 5111, 1, 29,  2.08, 19.68, 59.49,  131.74, 5000.00,    0.01,    1.55,    0.00, 0
29, 5112, 1, 29,  2.28, 19.81, 60.36,  131.73, 5000.00,    0.01,    1.55,    0.00, 0
29, 5113, 1, 29,  2.27, 19.92, 61.51,  131.74, 5000.00,    0.01,    1.56,    0.00, 0
29, 5114, 1, 29,  2.50, 20.02, 63.24,  131.74, 5000.00,    0.01,    1.56,    0.00, 0
29, 5115, 1, 29,  1.82, 20.20, 65.29,  131.84, 5000.00,    0.01,    1.61,    0.00, 0
29, 5116, 1, 29,  1.98, 20.41, 67.87,  131.78, 5000.00,    0.01,    1.61,    0.00, 0
29, 5117, 1, 29,  1.86, 20.62, 70.40,  131.75, 5000.00,    0.01,    1.61,    0.00, 0
29, 5118, 1, 29,  1.74, 20.84, 72.24,  131.68, 5000.00,    0.01,    1.58,    0.00, 0
29, 5119, 1, 29,  2.00, 20.86, 73.31,  131.58, 5000.00,    0.01,    1.57,    0.00, 0
29, 5120, 1, 29,  1.59, 21.09, 74.30,  131.55, 5000.00,    0.01,    1.53,    0.00, 0
29, 5121, 1, 29,  1.53, 21.35, 75.04,  131.48, 5000.00,    0.01,    1.50,    0.00, 0
29, 5122, 1, 29,  1.61, 21.09, 75.39,  131.50, 5000.00,    0.01,    1.55,    0.00, 0
29, 5123, 1, 29,  1.58, 21.22, 75.81,  131.42, 5000.00,    0.01,    1.52,    0.00, 0
29, 5124, 1, 29,  1.43, 21.46, 76.27,  131.29, 5000.00,    0.01,    1.43,    0.00, 0
29, 5125, 1, 29,  1.40, 21.53, 76.46,  131.20, 5000.00,    0.01,    1.40,    0.00, 0
29, 5126, 1, 29,  1.42, 21.46, 76.49,  131.23, 5000.00,    0.01,    1.43,    0.00, 0
29, 5127, 1, 29,  2.31, 19.53, 57.42,  131.71, 5000.00,    0.01,    1.54,    0.00, 0
29, 5128, 1, 29,  2.25, 19.40, 57.55,  131.74, 5000.00,    0.01,    1.56,    0.00, 0
29, 5129, 1, 29,  2.20, 19.48, 57.67,  131.73, 5000.00,    0.01,    1.55,    0.00, 0
29, 5130, 1, 29,  2.05, 19.54, 57.94,  131.73, 5000.00,    0.01,    1.55,    0.00, 0
29, 5131, 1, 29,  2.07, 19.52, 58.38,  131.76, 5000.00,    0.01,    1.56,    0.00, 0
29, 5132, 1, 29,  2.05, 19.59, 58.83,  131.75, 5000.00,    0.01,    1.55,    0.00, 0
29, 5133, 1, 29,  1.73, 19.69, 59.47,  131.83, 5000.00,    0.01,    1.58,    0.00, 0
29, 5134, 1, 29,  1.93, 19.79, 60.38,  131.78, 5000.00,    0.01,    1.56,    0.00, 0
29, 5135, 1, 29,  1.92, 19.90, 61.54,  131.79, 5000.00,    0.01,    1.57,    0.00, 0
29, 5136, 1, 29,  2.14, 20.01, 63.30,  131.80, 5000.00,    0.01,    1.58,    0.00, 0
29, 5137, 1, 29,  1.43, 20.14, 65.21,  131.95, 5000.00,    0.01,    1.63,    0.00, 0
29, 5138, 1, 29,  1.61, 20.42, 67.80,  131.83, 5000.00,    0.01,    1.62,    0.00, 0
29, 5139, 1, 29,  1.48, 20.60, 70.37,  131.82, 5000.00,    0.01,    1.64,    0.00, 0
29, 5140, 1, 29,  1.36, 20.84, 72.24,  131.76, 5000.00,    0.01,    1.60,    0.00, 0
29, 5141, 1, 29,  1.57, 20.99, 73.46,  131.63, 5000.00,    0.01,    1.56,    0.00, 0
29, 5142, 1, 29,  1.24, 21.10, 74.41,  131.64, 5000.00,    0.01,    1.56,    0.00, 0
29, 5143, 1, 29,  1.21, 21.05, 74.87,  131.66, 5000.00,    0.01,    1.58,    0.00, 0
29, 5144, 1, 29,  1.18, 21.12, 75.40,  131.62, 5000.00,    0.01,    1.57,    0.00, 0
29, 5145, 1, 29,  1.16, 21.18, 75.77,  131.58, 5000.00,    0.01,    1.56,    0.00, 0
29, 5146, 1, 29,  1.15, 21.25, 76.12,  131.52, 5000.00,    0.01,    1.54,    0.00, 0
29, 5147, 1, 29,  1.14, 21.19, 76.25,  131.54, 5000.00,    0.01,    1.56,    0.00, 0
29, 5148, 1, 29,  1.13, 21.29, 76.41,  131.47, 5000.00,    0.02,    1.53,    0.00, 0
29, 5149, 1, 29, 19.52,  9.41, 56.38,  131.52, 5000.00,    0.01,    1.68,    0.00, 0
29, 5150, 1, 29, 19.71,  9.46, 56.44,  131.53, 5000.00,    0.01,    1.62,    0.00, 0
29, 5151, 1, 29, 19.81,  9.49, 56.53,  131.53, 5000.00,    0.01,    1.59,    0.00, 0
29, 5152, 1, 29, 20.11,  9.09, 56.71,  131.61, 5000.00,    0.01,    1.59,    0.00, 0
29, 5153, 1, 29, 20.12,  9.04, 57.11,  131.62, 5000.00,    0.01,    1.60,    0.00, 0
29, 5154, 1, 29, 20.06,  8.98, 57.75,  131.64, 5000.00,    0.01,    1.63,    0.00, 0
29, 5155, 1, 29, 20.14,  9.01, 58.48,  131.67, 5000.00,    0.01,    1.66,    0.00, 0
29, 5156, 1, 29, 20.12,  9.01, 59.47,  131.70, 5000.00,    0.01,    1.69,    0.00, 0
29, 5157, 1, 29, 20.06,  9.00, 60.82,  131.74, 5000.00,    0.02,    1.71,    0.00, 0
29, 5158, 1, 29, 20.07,  8.95, 62.64,  131.79, 5000.00,    0.02,    1.73,    0.00, 0
29, 5159, 1, 29, 19.99,  8.90, 64.75,  131.83, 5000.00,    0.02,    1.73,    0.00, 0
29, 5160, 1, 29, 19.94,  9.16, 67.24,  131.77, 5000.00,    0.01,    1.71,    0.00, 0
29, 5161, 1, 29, 19.97,  9.14, 69.69,  131.74, 5000.00,    0.02,    1.69,    0.00, 0
29, 5162, 1, 29, 20.09,  9.16, 71.67,  131.68, 5000.00,    0.02,    1.67,    0.00, 0
29, 5163, 1, 29, 20.18,  9.15, 72.99,  131.63, 5000.00,    0.02,    1.63,    0.00, 0
29, 5164, 1, 29, 20.27,  9.16, 73.91,  131.58, 5000.00,    0.01,    1.59,    0.00, 0
29, 5165, 1, 29, 20.34,  9.16, 74.61,  131.53, 5000.00,    0.01,    1.57,    0.00, 0
29, 5166, 1, 29, 20.35,  9.17, 75.10,  131.49, 5000.00,    0.01,    1.55,    0.00, 0
29, 5167, 1, 29, 20.36,  9.17, 75.48,  131.45, 5000.00,    0.01,    1.54,    0.00, 0
29, 5168, 1, 29, 20.29,  9.14, 75.72,  131.43, 5000.00,    0.01,    1.55,    0.00, 0
29, 5169, 1, 29, 20.08,  9.09, 75.91,  131.39, 5000.00,    0.01,    1.60,    0.00, 0
29, 5170, 1, 29, 19.89,  9.04, 75.92,  131.35, 5000.00,    0.01,    1.64,    0.00, 0
29, 5171, 1, 29, 19.38,  9.63, 56.36,  131.49, 5000.00,    0.01,    1.69,    0.00, 0
29, 5172, 1, 29, 19.60,  9.67, 56.42,  131.50, 5000.00,    0.01,    1.62,    0.00, 0
29, 5173, 1, 29, 19.74,  9.68, 56.49,  131.51, 5000.00,    0.01,    1.58,    0.00, 0
29, 5174, 1, 29, 20.00,  9.27, 56.75,  131.56, 5000.00,    0.01,    1.58,    0.00, 0
29, 5175, 1, 29, 19.97,  9.24, 57.21,  131.58, 5000.00,    0.01,    1.60,    0.00, 0
29, 5176, 1, 29, 20.07,  9.25, 57.74,  131.60, 5000.00,    0.01,    1.63,    0.00, 0
29, 5177, 1, 29, 20.05,  9.23, 58.46,  131.63, 5000.00,    0.01,    1.64,    0.00, 0
29, 5178, 1, 29, 20.04,  9.23, 59.46,  131.65, 5000.00,    0.01,    1.67,    0.00, 0
29, 5179, 1, 29, 19.97,  9.22, 60.83,  131.69, 5000.00,    0.01,    1.69,    0.00, 0
29, 5180, 1, 29, 19.98,  9.17, 62.65,  131.74, 5000.00,    0.01,    1.72,    0.00, 0
29, 5181, 1, 29, 20.00,  9.17, 64.72,  131.77, 5000.00,    0.01,    1.72,    0.00, 0
29, 5182, 1, 29, 19.85,  9.40, 67.25,  131.73, 5000.00,    0.01,    1.68,    0.00, 0
29, 5183, 1, 29, 19.88,  9.38, 69.70,  131.69, 5000.00,    0.01,    1.68,    0.00, 0
29, 5184, 1, 29, 20.00,  9.39, 71.66,  131.64, 5000.00,    0.01,    1.65,    0.00, 0
29, 5185, 1, 29, 20.11,  9.37, 72.99,  131.59, 5000.00,    0.01,    1.61,    0.00, 0
29, 5186, 1, 29, 20.19,  9.37, 73.91,  131.54, 5000.00,    0.01,    1.58,    0.00, 0
29, 5187, 1, 29, 20.34,  9.38, 74.68,  131.48, 5000.00,    0.01,    1.53,    0.00, 0
29, 5188, 1, 29, 20.37,  9.39, 75.20,  131.44, 5000.00,    0.01,    1.51,    0.00, 0
29, 5189, 1, 29, 20.41,  9.39, 75.59,  131.40, 5000.00,    0.01,    1.50,    0.00, 0
29, 5190, 1, 29, 20.26,  9.35, 75.75,  131.39, 5000.00,    0.01,    1.52,    0.00, 0
29, 5191, 1, 29, 19.95,  9.31, 75.91,  131.34, 5000.00,    0.01,    1.58,    0.00, 0
29, 5192, 1, 29, 20.38,  9.37, 76.17,  131.25, 5000.00,    0.01,    1.47,    0.00, 0
29, 5193, 1, 29, 19.43,  9.97, 56.32,  131.49, 5000.00,    0.01,    1.63,    0.00, 0
29, 5194, 1, 29, 19.63,  9.97, 56.37,  131.49, 5000.00,    0.01,    1.58,    0.00, 0
29, 5195, 1, 29, 19.55,  9.98, 56.64,  131.49, 5000.00,    0.01,    1.60,    0.00, 0
29, 5196, 1, 29, 19.79,  9.61, 56.85,  131.53, 5000.00,    0.01,    1.61,    0.00, 0
29, 5197, 1, 29, 19.83,  9.58, 57.25,  131.54, 5000.00,    0.01,    1.60,    0.00, 0
29, 5198, 1, 29, 19.86,  9.55, 57.76,  131.56, 5000.00,    0.01,    1.61,    0.00, 0
29, 5199, 1, 29, 19.96,  9.59, 58.45,  131.57, 5000.00,    0.01,    1.63,    0.00, 0
29, 5200, 1, 29, 19.98,  9.61, 59.39,  131.61, 5000.00,    0.01,    1.64,    0.00, 0
29, 5201, 1, 29, 19.92,  9.61, 60.74,  131.64, 5000.00,    0.01,    1.66,    0.00, 0
29, 5202, 1, 29, 19.91,  9.56, 62.60,  131.68, 5000.00,    0.01,    1.68,    0.00, 0
29, 5203, 1, 29, 19.91,  9.56, 64.70,  131.71, 5000.00,    0.01,    1.68,    0.00, 0
29, 5204, 1, 29, 19.74,  9.78, 67.26,  131.69, 5000.00,    0.01,    1.66,    0.00, 0
29, 5205, 1, 29, 19.79,  9.75, 69.80,  131.65, 5000.00,    0.01,    1.66,    0.00, 0
29, 5206, 1, 29, 19.89,  9.76, 71.71,  131.59, 5000.00,    0.01,    1.62,    0.00, 0
29, 5207, 1, 29, 19.97,  9.71, 72.98,  131.54, 5000.00,    0.01,    1.59,    0.00, 0
29, 5208, 1, 29, 20.04,  9.70, 73.89,  131.49, 5000.00,    0.01,    1.57,    0.00, 0
29, 5209, 1, 29, 20.22,  9.68, 74.69,  131.43, 5000.00,    0.01,    1.51,    0.00, 0
29, 5210, 1, 29, 20.27,  9.69, 75.24,  131.38, 5000.00,    0.01,    1.49,    0.00, 0
29, 5211, 1, 29, 20.27,  9.68, 75.59,  131.35, 5000.00,    0.01,    1.47,    0.00, 0
29, 5212, 1, 29, 20.13,  9.65, 75.77,  131.33, 5000.00,    0.01,    1.51,    0.00, 0
29, 5213, 1, 29, 19.78,  9.70, 75.86,  131.30, 5000.00,    0.01,    1.59,    0.00, 0
29, 5214, 1, 29, 19.89,  9.75, 76.04,  131.23, 5000.00,    0.01,    1.54,    0.00, 0
29, 5215, 1, 29, 19.16, 10.45, 56.26,  131.48, 5000.00,    0.01,    1.61,    0.00, 0
29, 5216, 1, 29, 19.32, 10.50, 56.38,  131.48, 5000.00,    0.01,    1.59,    0.00, 0
29, 5217, 1, 29, 19.43, 10.51, 56.47,  131.47, 5000.00,    0.01,    1.56,    0.00, 0
29, 5218, 1, 29, 19.61, 10.08, 56.74,  131.49, 5000.00,    0.01,    1.55,    0.00, 0
29, 5219, 1, 29, 19.70, 10.11, 57.16,  131.50, 5000.00,    0.01,    1.56,    0.00, 0
29, 5220, 1, 29, 19.72, 10.10, 57.68,  131.51, 5000.00,    0.01,    1.57,    0.00, 0
29, 5221, 1, 29, 19.68, 10.11, 58.41,  131.53, 5000.00,    0.01,    1.60,    0.00, 0
29, 5222, 1, 29, 19.66, 10.13, 59.38,  131.55, 5000.00,    0.01,    1.63,    0.00, 0
29, 5223, 1, 29, 19.58, 10.14, 60.78,  131.58, 5000.00,    0.01,    1.66,    0.00, 0
29, 5224, 1, 29, 19.61, 10.11, 62.62,  131.61, 5000.00,    0.01,    1.67,    0.00, 0
29, 5225, 1, 29, 19.61, 10.13, 64.70,  131.63, 5000.00,    0.01,    1.67,    0.00, 0
29, 5226, 1, 29, 19.43, 10.31, 67.29,  131.61, 5000.00,    0.01,    1.66,    0.00, 0
29, 5227, 1, 29, 19.47, 10.29, 69.75,  131.58, 5000.00,    0.01,    1.64,    0.00, 0
29, 5228, 1, 29, 19.58, 10.30, 71.69,  131.53, 5000.00,    0.01,    1.62,    0.00, 0
29, 5229, 1, 29, 19.67, 10.24, 72.98,  131.48, 5000.00,    0.01,    1.58,    0.00, 0
29, 5230, 1, 29, 19.73, 10.24, 73.89,  131.42, 5000.00,    0.01,    1.56,    0.00, 0
29, 5231, 1, 29, 19.79, 10.24, 74.56,  131.37, 5000.00,    0.01,    1.53,    0.00, 0
29, 5232, 1, 29, 19.77, 10.26, 75.10,  131.32, 5000.00,    0.01,    1.52,    0.00, 0
29, 5233, 1, 29, 19.82, 10.26, 75.49,  131.27, 5000.00,    0.01,    1.50,    0.00, 0
29, 5234, 1, 29, 19.69, 10.27, 75.79,  131.21, 5000.00,    0.01,    1.52,    0.00, 0
29, 5235, 1, 29, 19.71, 10.27, 75.98,  131.16, 5000.00,    0.01,    1.51,    0.00, 0
29, 5236, 1, 29, 19.92, 10.23, 76.11,  131.13, 5000.00,    0.01,    1.49,    0.00, 0
29, 5237, 1, 29, 18.82, 11.37, 56.53,  131.46, 5000.00,    0.00,    1.59,    0.00, 0
29, 5238, 1, 29, 18.88, 11.37, 56.61,  131.46, 5000.00,    0.00,    1.57,    0.00, 0
29, 5239, 1, 29, 18.69, 11.49, 56.79,  131.47, 5000.00,    0.00,    1.62,    0.00, 0
29, 5240, 1, 29, 18.92, 11.11, 57.12,  131.47, 5000.00,    0.00,    1.62,    0.00, 0
29, 5241, 1, 29, 19.14, 11.02, 57.48,  131.47, 5000.00,    0.01,    1.58,    0.00, 0
29, 5242, 1, 29, 19.17, 11.00, 58.00,  131.47, 5000.00,    0.01,    1.58,    0.00, 0
29, 5243, 1, 29, 19.18, 11.03, 58.67,  131.48, 5000.00,    0.01,    1.59,    0.00, 0
29, 5244, 1, 29, 19.18, 11.04, 59.62,  131.50, 5000.00,    0.01,    1.61,    0.00, 0
29, 5245, 1, 29, 19.13, 11.07, 60.93,  131.52, 5000.00,    0.01,    1.62,    0.00, 0
29, 5246, 1, 29, 19.14, 11.04, 62.73,  131.54, 5000.00,    0.01,    1.64,    0.00, 0
29, 5247, 1, 29, 19.13, 11.10, 64.81,  131.54, 5000.00,    0.01,    1.63,    0.00, 0
29, 5248, 1, 29, 18.97, 11.25, 67.37,  131.53, 5000.00,    0.01,    1.62,    0.00, 0
29, 5249, 1, 29, 19.04, 11.23, 69.84,  131.50, 5000.00,    0.01,    1.60,    0.00, 0
29, 5250, 1, 29, 19.17, 11.21, 71.71,  131.45, 5000.00,    0.01,    1.57,    0.00, 0
29, 5251, 1, 29, 19.29, 11.13, 72.96,  131.40, 5000.00,    0.01,    1.54,    0.00, 0
29, 5252, 1, 29, 19.37, 11.11, 73.86,  131.34, 5000.00,    0.01,    1.51,    0.00, 0
29, 5253, 1, 29, 19.49, 11.09, 74.55,  131.29, 5000.00,    0.01,    1.47,    0.00, 0
29, 5254, 1, 29, 19.53, 11.11, 75.08,  131.24, 5000.00,    0.01,    1.45,    0.00, 0
29, 5255, 1, 29, 19.60, 11.12, 75.50,  131.18, 5000.00,    0.01,    1.42,    0.00, 0
29, 5256, 1, 29, 19.54, 11.14, 75.76,  131.15, 5000.00,    0.01,    1.42,    0.00, 0
29, 5257, 1, 29, 19.43, 11.14, 75.84,  131.13, 5000.00,    0.01,    1.45,    0.00, 0
29, 5258, 1, 29, 19.42, 11.14, 75.96,  131.10, 5000.00,    0.01,    1.45,    0.00, 0
29, 5259, 1, 29, 17.65, 13.07, 56.16,  131.48, 5000.00,    0.00,    1.63,    0.00, 0
29, 5260, 1, 29, 17.59, 13.11, 56.29,  131.46, 5000.00,    0.00,    1.64,    0.00, 0
29, 5261, 1, 29, 17.98, 12.96, 56.43,  131.44, 5000.00,    0.00,    1.56,    0.00, 0
29, 5262, 1, 29, 18.35, 12.59, 56.68,  131.43, 5000.00,    0.00,    1.54,    0.00, 0
29, 5263, 1, 29, 18.33, 12.60, 57.09,  131.43, 5000.00,    0.00,    1.55,    0.00, 0
29, 5264, 1, 29, 18.29, 12.64, 57.64,  131.44, 5000.00,    0.00,    1.57,    0.00, 0
29, 5265, 1, 29, 18.14, 12.67, 58.34,  131.44, 5000.00,    0.00,    1.57,    0.00, 0
29, 5266, 1, 29, 18.14, 12.69, 59.31,  131.45, 5000.00,    0.00,    1.59,    0.00, 0
29, 5267, 1, 29, 18.07, 12.74, 60.64,  131.46, 5000.00,    0.00,    1.60,    0.00, 0
29, 5268, 1, 29, 18.11, 12.71, 62.46,  131.47, 5000.00,    0.00,    1.61,    0.00, 0
29, 5269, 1, 29, 18.06, 12.83, 64.63,  131.47, 5000.00,    0.00,    1.60,    0.00, 0
29, 5270, 1, 29, 17.90, 12.93, 67.28,  131.46, 5000.00,    0.00,    1.59,    0.00, 0
29, 5271, 1, 29, 18.01, 12.88, 69.82,  131.43, 5000.00,    0.01,    1.57,    0.00, 0
29, 5272, 1, 29, 18.20, 12.82, 71.76,  131.37, 5000.00,    0.01,    1.53,    0.00, 0
29, 5273, 1, 29, 18.36, 12.71, 73.00,  131.31, 5000.00,    0.01,    1.51,    0.00, 0
29, 5274, 1, 29, 18.55, 12.64, 73.94,  131.26, 5000.00,    0.01,    1.45,    0.00, 0
29, 5275, 1, 29, 18.62, 12.67, 74.65,  131.19, 5000.00,    0.01,    1.42,    0.00, 0
29, 5276, 1, 29, 18.70, 12.67, 75.22,  131.11, 5000.00,    0.01,    1.38,    0.00, 0
29, 5277, 1, 29, 18.77, 12.68, 75.65,  131.05, 5000.00,    0.01,    1.35,    0.00, 0
29, 5278, 1, 29, 18.69, 12.71, 75.82,  131.03, 5000.00,    0.01,    1.37,    0.00, 0
29, 5279, 1, 29, 18.78, 12.78, 75.98,  130.98, 5000.00,    0.01,    1.35,    0.00, 0
29, 5280, 1, 29, 18.59, 12.78, 76.05,  130.96, 5000.00,    0.01,    1.37,    0.00, 0
29, 5281, 1, 29, 15.19, 15.75, 56.06,  131.51, 5000.00,    0.00,    1.62,    0.00, 0
29, 5282, 1, 29, 15.46, 15.63, 56.16,  131.48, 5000.00,    0.00,    1.61,    0.00, 0
29, 5283, 1, 29, 15.95, 15.43, 56.26,  131.46, 5000.00,    0.00,    1.55,    0.00, 0
29, 5284, 1, 29, 16.08, 15.31, 56.57,  131.45, 5000.00,    0.00,    1.55,    0.00, 0
29, 5285, 1, 29, 16.06, 15.32, 56.99,  131.45, 5000.00,    0.00,    1.56,    0.00, 0
29, 5286, 1, 29, 16.04, 15.37, 57.53,  131.45, 5000.00,    0.00,    1.57,    0.00, 0
29, 5287, 1, 29, 15.93, 15.36, 58.23,  131.46, 5000.00,    0.00,    1.57,    0.00, 0
29, 5288, 1, 29, 15.99, 15.35, 59.18,  131.45, 5000.00,    0.00,    1.57,    0.00, 0
29, 5289, 1, 29, 15.87, 15.45, 60.50,  131.45, 5000.00,    0.00,    1.57,    0.00, 0
29, 5290, 1, 29, 15.89, 15.47, 62.33,  131.46, 5000.00,    0.00,    1.57,    0.00, 0
29, 5291, 1, 29, 15.70, 15.60, 64.55,  131.45, 5000.00,    0.00,    1.56,    0.00, 0
29, 5292, 1, 29, 15.81, 15.72, 67.26,  131.43, 5000.00,    0.00,    1.56,    0.00, 0
29, 5293, 1, 29, 15.85, 15.54, 69.93,  131.39, 5000.00,    0.00,    1.53,    0.00, 0
29, 5294, 1, 29, 16.06, 15.50, 71.82,  131.33, 5000.00,    0.01,    1.49,    0.00, 0
29, 5295, 1, 29, 16.34, 15.37, 73.14,  131.26, 5000.00,    0.01,    1.44,    0.00, 0
29, 5296, 1, 29, 16.46, 15.37, 74.05,  131.19, 5000.00,    0.01,    1.40,    0.00, 0
29, 5297, 1, 29, 16.51, 15.43, 74.75,  131.12, 5000.00,    0.01,    1.37,    0.00, 0
29, 5298, 1, 29, 16.55, 15.46, 75.29,  131.05, 5000.00,    0.01,    1.34,    0.00, 0
29, 5299, 1, 29, 16.58, 15.50, 75.70,  130.99, 5000.00,    0.01,    1.33,    0.00, 0
29, 5300, 1, 29, 16.27, 15.63, 75.81,  130.99, 5000.00,    0.01,    1.37,    0.00, 0
29, 5301, 1, 29, 16.21, 15.68, 75.96,  130.96, 5000.00,    0.01,    1.38,    0.00, 0
29, 5302, 1, 29, 16.25, 15.65, 76.07,  130.93, 5000.00,    0.01,    1.36,    0.00, 0
29, 5303, 1, 29, 11.83, 18.56, 55.93,  131.48, 5000.00,    0.00,    1.63,    0.00, 0
29, 5304, 1, 29, 11.55, 18.70, 56.08,  131.49, 5000.00,    0.00,    1.64,    0.00, 0
29, 5305, 1, 29, 12.29, 18.34, 56.18,  131.46, 5000.00,    0.00,    1.61,    0.00, 0
29, 5306, 1, 29, 12.16, 18.44, 56.50,  131.45, 5000.00,    0.00,    1.61,    0.00, 0
29, 5307, 1, 29, 12.14, 18.47, 56.92,  131.44, 5000.00,    0.00,    1.61,    0.00, 0
29, 5308, 1, 29, 12.12, 18.41, 57.44,  131.45, 5000.00,    0.00,    1.60,    0.00, 0
29, 5309, 1, 29, 11.95, 18.55, 58.14,  131.44, 5000.00,    0.00,    1.60,    0.00, 0
29, 5310, 1, 29, 11.99, 18.58, 59.11,  131.43, 5000.00,    0.00,    1.60,    0.00, 0
29, 5311, 1, 29, 11.92, 18.65, 60.44,  131.43, 5000.00,    0.00,    1.60,    0.00, 0
29, 5312, 1, 29, 11.95, 18.62, 62.25,  131.44, 5000.00,    0.00,    1.58,    0.00, 0
29, 5313, 1, 29, 11.11, 19.14, 64.50,  131.45, 5000.00,    0.00,    1.58,    0.00, 0
29, 5314, 1, 29, 11.10, 19.23, 67.26,  131.43, 5000.00,    0.00,    1.56,    0.00, 0
29, 5315, 1, 29, 10.98, 19.28, 69.81,  131.39, 5000.00,    0.00,    1.55,    0.00, 0
29, 5316, 1, 29, 10.78, 19.53, 71.79,  131.33, 5000.00,    0.01,    1.50,    0.00, 0
29, 5317, 1, 29, 12.57, 18.33, 73.14,  131.19, 5000.00,    0.01,    1.52,    0.00, 0
29, 5318, 1, 29, 10.60, 19.72, 73.96,  131.19, 5000.00,    0.01,    1.41,    0.00, 0
29, 5319, 1, 29, 10.47, 19.89, 74.69,  131.11, 5000.00,    0.01,    1.37,    0.00, 0
29, 5320, 1, 29, 10.46, 20.00, 75.27,  131.03, 5000.00,    0.01,    1.34,    0.00, 0
29, 5321, 1, 29, 12.93, 18.36, 75.75,  130.91, 5000.00,    0.01,    1.44,    0.00, 0
29, 5322, 1, 29, 12.83, 18.44, 75.92,  130.90, 5000.00,    0.01,    1.42,    0.00, 0
29, 5323, 1, 29, 12.55, 18.62, 76.05,  130.86, 5000.00,    0.01,    1.41,    0.00, 0
29, 5324, 1, 29, 11.88, 19.01, 76.12,  130.87, 5000.00,    0.01,    1.41,    0.00, 0
29, 5325, 1, 29,  7.03, 20.31, 56.23,  131.55, 5000.00,    0.00,    1.57,    0.00, 0
29, 5326, 1, 29,  7.65, 19.85, 56.36,  131.60, 5000.00,    0.00,    1.64,    0.00, 0
29, 5327, 1, 29,  6.94, 20.37, 56.50,  131.53, 5000.00,    0.00,    1.56,    0.00, 0
29, 5328, 1, 29,  6.93, 20.41, 56.78,  131.52, 5000.00,    0.00,    1.55,    0.00, 0
29, 5329, 1, 29,  8.22, 19.71, 57.17,  131.53, 5000.00,    0.00,    1.64,    0.00, 0
29, 5330, 1, 29,  8.23, 19.80, 57.73,  131.52, 5000.00,    0.00,    1.66,    0.00, 0
29, 5331, 1, 29,  7.51, 20.29, 58.41,  131.52, 5000.00,    0.00,    1.60,    0.00, 0
29, 5332, 1, 29,  8.01, 20.00, 59.42,  131.50, 5000.00,    0.00,    1.66,    0.00, 0
29, 5333, 1, 29,  7.90, 20.23, 60.76,  131.48, 5000.00,    0.00,    1.64,    0.00, 0
29, 5334, 1, 29,  8.05, 20.42, 62.54,  131.45, 5000.00,    0.00,    1.63,    0.00, 0
29, 5335, 1, 29,  7.28, 20.90, 64.69,  131.46, 5000.00,    0.00,    1.61,    0.00, 0
29, 5336, 1, 29,  7.35, 20.92, 67.40,  131.42, 5000.00,    0.00,    1.61,    0.00, 0
29, 5337, 1, 29,  7.22, 20.92, 69.91,  131.40, 5000.00,    0.00,    1.60,    0.00, 0
29, 5338, 1, 29,  6.93, 21.12, 71.85,  131.33, 5000.00,    0.01,    1.55,    0.00, 0
29, 5339, 1, 29,  6.70, 21.44, 73.17,  131.26, 5000.00,    0.01,    1.44,    0.00, 0
29, 5340, 1, 29,  6.54, 21.54, 74.08,  131.20, 5000.00,    0.01,    1.39,    0.00, 0
29, 5341, 1, 29,  6.35, 21.67, 74.77,  131.11, 5000.00,    0.01,    1.36,    0.00, 0
29, 5342, 1, 29,  6.37, 21.74, 75.30,  131.03, 5000.00,    0.01,    1.34,    0.00, 0
29, 5343, 1, 29,  6.83, 21.51, 75.65,  130.93, 5000.00,    0.01,    1.40,    0.00, 0
29, 5344, 1, 29,  6.76, 21.46, 75.86,  130.92, 5000.00,    0.01,    1.41,    0.00, 0
29, 5345, 1, 29,  6.80, 21.46, 76.03,  130.89, 5000.00,    0.01,    1.40,    0.00, 0
29, 5346, 1, 29,  6.35, 21.76, 76.17,  130.88, 5000.00,    0.01,    1.31,    0.00, 0
29, 5347, 1, 29,  4.86, 20.37, 56.74,  131.56, 5000.00,    0.00,    1.54,    0.00, 0
29, 5348, 1, 29,  4.77, 20.45, 56.83,  131.54, 5000.00,    0.00,    1.53,    0.00, 0
29, 5349, 1, 29,  4.75, 20.45, 56.97,  131.54, 5000.00,    0.00,    1.53,    0.00, 0
29, 5350, 1, 29,  4.72, 20.44, 57.29,  131.55, 5000.00,    0.00,    1.54,    0.00, 0
29, 5351, 1, 29,  4.75, 20.47, 57.71,  131.55, 5000.00,    0.00,    1.54,    0.00, 0
29, 5352, 1, 29,  4.70, 20.55, 58.18,  131.53, 5000.00,    0.00,    1.53,    0.00, 0
29, 5353, 1, 29,  4.45, 20.66, 58.85,  131.53, 5000.00,    0.00,    1.53,    0.00, 0
29, 5354, 1, 29,  4.63, 20.80, 59.70,  131.51, 5000.00,    0.00,    1.52,    0.00, 0
29, 5355, 1, 29,  4.64, 20.87, 60.98,  131.52, 5000.00,    0.00,    1.54,    0.00, 0
29, 5356, 1, 29,  4.98, 20.89, 62.87,  131.54, 5000.00,    0.00,    1.55,    0.00, 0
29, 5357, 1, 29,  4.31, 21.19, 64.90,  131.53, 5000.00,    0.00,    1.56,    0.00, 0
29, 5358, 1, 29,  4.57, 21.37, 67.58,  131.50, 5000.00,    0.00,    1.59,    0.00, 0
29, 5359, 1, 29,  4.49, 21.72, 70.24,  131.45, 5000.00,    0.00,    1.58,    0.00, 0
29, 5360, 1, 29,  4.31, 21.85, 72.09,  131.38, 5000.00,    0.01,    1.55,    0.00, 0
29, 5361, 1, 29,  4.32, 22.01, 73.48,  131.26, 5000.00,    0.01,    1.45,    0.00, 0
29, 5362, 1, 29,  4.20, 22.19, 74.36,  131.20, 5000.00,    0.01,    1.41,    0.00, 0
29, 5363, 1, 29,  3.94, 22.17, 75.01,  131.12, 5000.00,    0.01,    1.39,    0.00, 0
29, 5364, 1, 29,  3.92, 22.23, 75.57,  131.04, 5000.00,    0.01,    1.37,    0.00, 0
29, 5365, 1, 29,  3.91, 22.28, 75.93,  130.97, 5000.00,    0.01,    1.34,    0.00, 0
29, 5366, 1, 29,  3.94, 22.28, 76.17,  130.90, 5000.00,    0.01,    1.32,    0.00, 0
29, 5367, 1, 29,  3.96, 22.33, 76.35,  130.82, 5000.00,    0.01,    1.30,    0.00, 0
29, 5368, 1, 29,  4.05, 22.21, 76.32,  130.92, 5000.00,    0.01,    1.41,    0.00, 0
29, 5369, 1, 29,  3.47, 20.47, 57.24,  131.56, 5000.00,    0.01,    1.54,    0.00, 0
29, 5370, 1, 29,  3.39, 20.51, 57.35,  131.57, 5000.00,    0.01,    1.53,    0.00, 0
29, 5371, 1, 29,  3.38, 20.50, 57.50,  131.58, 5000.00,    0.01,    1.54,    0.00, 0
29, 5372, 1, 29,  3.26, 20.55, 57.81,  131.57, 5000.00,    0.01,    1.54,    0.00, 0
29, 5373, 1, 29,  3.32, 20.54, 58.21,  131.57, 5000.00,    0.01,    1.55,    0.00, 0
29, 5374, 1, 29,  3.31, 20.60, 58.72,  131.56, 5000.00,    0.01,    1.54,    0.00, 0
29, 5375, 1, 29,  2.98, 20.70, 59.38,  131.57, 5000.00,    0.01,    1.54,    0.00, 0
29, 5376, 1, 29,  3.16, 20.78, 60.19,  131.56, 5000.00,    0.01,    1.54,    0.00, 0
29, 5377, 1, 29,  3.15, 20.87, 61.40,  131.57, 5000.00,    0.01,    1.55,    0.00, 0
29, 5378, 1, 29,  3.43, 20.97, 63.15,  131.58, 5000.00,    0.00,    1.55,    0.00, 0
29, 5379, 1, 29,  2.75, 21.19, 65.23,  131.62, 5000.00,    0.01,    1.57,    0.00, 0
29, 5380, 1, 29,  2.93, 21.47, 67.81,  131.57, 5000.00,    0.01,    1.59,    0.00, 0
29, 5381, 1, 29,  2.81, 21.75, 70.41,  131.53, 5000.00,    0.01,    1.58,    0.00, 0
29, 5382, 1, 29,  2.62, 22.04, 72.35,  131.45, 5000.00,    0.01,    1.52,    0.00, 0
29, 5383, 1, 29,  2.83, 22.19, 73.56,  131.36, 5000.00,    0.01,    1.48,    0.00, 0
29, 5384, 1, 29,  2.73, 22.33, 74.42,  131.30, 5000.00,    0.01,    1.45,    0.00, 0
29, 5385, 1, 29,  2.43, 22.35, 75.06,  131.28, 5000.00,    0.01,    1.43,    0.00, 0
29, 5386, 1, 29,  2.39, 22.49, 75.64,  131.19, 5000.00,    0.01,    1.39,    0.00, 0
29, 5387, 1, 29,  2.42, 22.43, 75.87,  131.17, 5000.00,    0.01,    1.41,    0.00, 0
29, 5388, 1, 29,  2.39, 22.48, 76.19,  131.13, 5000.00,    0.01,    1.39,    0.00, 0
29, 5389, 1, 29,  2.62, 21.96, 76.16,  131.16, 5000.00,    0.01,    1.53,    0.00, 0
29, 5390, 1, 29,  2.35, 22.51, 76.46,  131.02, 5000.00,    0.01,    1.37,    0.00, 0
29, 5391, 1, 29,  2.71, 20.41, 57.39,  131.61, 5000.00,    0.01,    1.54,    0.00, 0
29, 5392, 1, 29,  2.67, 20.40, 57.51,  131.62, 5000.00,    0.01,    1.55,    0.00, 0
29, 5393, 1, 29,  2.64, 20.41, 57.66,  131.62, 5000.00,    0.01,    1.55,    0.00, 0
29, 5394, 1, 29,  2.47, 20.47, 58.00,  131.61, 5000.00,    0.01,    1.55,    0.00, 0
29, 5395, 1, 29,  2.54, 20.68, 58.38,  131.61, 5000.00,    0.01,    1.56,    0.00, 0
29, 5396, 1, 29,  2.52, 20.51, 58.91,  131.62, 5000.00,    0.01,    1.56,    0.00, 0
29, 5397, 1, 29,  2.17, 20.61, 59.54,  131.65, 5000.00,    0.01,    1.56,    0.00, 0
29, 5398, 1, 29,  2.37, 20.78, 60.41,  131.62, 5000.00,    0.01,    1.56,    0.00, 0
29, 5399, 1, 29,  2.35, 20.90, 61.51,  131.63, 5000.00,    0.01,    1.55,    0.00, 0
29, 5400, 1, 29,  2.62, 21.00, 63.29,  131.64, 5000.00,    0.01,    1.57,    0.00, 0
29, 5401, 1, 29,  1.89, 21.20, 65.32,  131.72, 5000.00,    0.01,    1.61,    0.00, 0
29, 5402, 1, 29,  2.07, 21.42, 67.87,  131.67, 5000.00,    0.01,    1.62,    0.00, 0
29, 5403, 1, 29,  1.96, 21.65, 70.35,  131.63, 5000.00,    0.01,    1.62,    0.00, 0
29, 5404, 1, 29,  1.82, 21.89, 72.25,  131.58, 5000.00,    0.01,    1.59,    0.00, 0
29, 5405, 1, 29,  2.11, 21.90, 73.28,  131.48, 5000.00,    0.01,    1.60,    0.00, 0
29, 5406, 1, 29,  2.01, 22.13, 74.39,  131.43, 5000.00,    0.01,    1.53,    0.00, 0
29, 5407, 1, 29,  1.62, 22.38, 74.97,  131.42, 5000.00,    0.01,    1.52,    0.00, 0
29, 5408, 1, 29,  1.70, 22.13, 75.36,  131.40, 5000.00,    0.01,    1.56,    0.00, 0
29, 5409, 1, 29,  1.51, 22.49, 75.96,  131.29, 5000.00,    0.01,    1.45,    0.00, 0
29, 5410, 1, 29,  1.50, 22.50, 76.25,  131.24, 5000.00,    0.01,    1.44,    0.00, 0
29, 5411, 1, 29,  1.47, 22.61, 76.45,  131.17, 5000.00,    0.01,    1.41,    0.00, 0
29, 5412, 1, 29,  1.49, 22.54, 76.49,  131.17, 5000.00,    0.01,    1.43,    0.00, 0
29, 5413, 1, 29,  2.36, 20.46, 57.43,  131.63, 5000.00,    0.01,    1.56,    0.00, 0
29, 5414, 1, 29,  2.28, 20.41, 57.54,  131.63, 5000.00,    0.01,    1.55,    0.00, 0
29, 5415, 1, 29,  2.26, 20.39, 57.71,  131.65, 5000.00,    0.01,    1.56,    0.00, 0
29, 5416, 1, 29,  2.10, 20.49, 57.96,  131.64, 5000.00,    0.01,    1.55,    0.00, 0
29, 5417, 1, 29,  2.15, 20.43, 58.43,  131.66, 5000.00,    0.01,    1.57,    0.00, 0
29, 5418, 1, 29,  2.12, 20.51, 58.91,  131.66, 5000.00,    0.01,    1.56,    0.00, 0
29, 5419, 1, 29,  1.78, 20.62, 59.53,  131.73, 5000.00,    0.01,    1.60,    0.00, 0
29, 5420, 1, 29,  2.00, 20.74, 60.45,  131.67, 5000.00,    0.01,    1.57,    0.00, 0
29, 5421, 1, 29,  1.99, 20.87, 61.53,  131.68, 5000.00,    0.01,    1.57,    0.00, 0
29, 5422, 1, 29,  2.23, 20.98, 63.33,  131.69, 5000.00,    0.01,    1.59,    0.00, 0
29, 5423, 1, 29,  1.48, 21.16, 65.14,  131.82, 5000.00,    0.01,    1.65,    0.00, 0
29, 5424, 1, 29,  1.68, 21.43, 67.83,  131.72, 5000.00,    0.01,    1.63,    0.00, 0
29, 5425, 1, 29,  1.56, 21.61, 70.30,  131.70, 5000.00,    0.01,    1.65,    0.00, 0
29, 5426, 1, 29,  1.43, 21.89, 72.24,  131.65, 5000.00,    0.01,    1.61,    0.00, 0
29, 5427, 1, 29,  1.64, 22.05, 73.47,  131.53, 5000.00,    0.01,    1.56,    0.00, 0
29, 5428, 1, 29,  1.56, 22.22, 74.40,  131.47, 5000.00,    0.01,    1.53,    0.00, 0
29, 5429, 1, 29,  1.29, 22.10, 74.86,  131.55, 5000.00,    0.01,    1.59,    0.00, 0
29, 5430, 1, 29,  1.23, 22.23, 75.41,  131.50, 5000.00,    0.01,    1.56,    0.00, 0
29, 5431, 1, 29,  1.21, 22.28, 75.78,  131.46, 5000.00,    0.01,    1.55,    0.00, 0
29, 5432, 1, 29,  1.20, 22.32, 76.12,  131.41, 5000.00,    0.01,    1.54,    0.00, 0
29, 5433, 1, 29,  1.19, 22.23, 76.23,  131.41, 5000.00,    0.01,    1.56,    0.00, 0
29, 5434, 1, 29,  1.18, 22.31, 76.39,  131.36, 5000.00,    0.01,    1.54,    0.00, 0
29, 5435, 1, 29, 20.44, 10.10, 56.36,  131.40, 5000.00,    0.01,    1.68,    0.00, 0
29, 5436, 1, 29, 20.57, 10.13, 56.45,  131.41, 5000.00,    0.01,    1.64,    0.00, 0
29, 5437, 1, 29, 20.68, 10.16, 56.54,  131.43, 5000.00,    0.01,    1.61,    0.00, 0
29, 5438, 1, 29, 21.01,  9.72, 56.72,  131.51, 5000.00,    0.01,    1.61,    0.00, 0
29, 5439, 1, 29, 21.01,  9.68, 57.12,  131.52, 5000.00,    0.01,    1.61,    0.00, 0
29, 5440, 1, 29, 20.97,  9.63, 57.74,  131.53, 5000.00,    0.01,    1.65,    0.00, 0
29, 5441, 1, 29, 21.06,  9.66, 58.47,  131.55, 5000.00,    0.01,    1.67,    0.00, 0
29, 5442, 1, 29, 21.04,  9.66, 59.47,  131.57, 5000.00,    0.01,    1.70,    0.00, 0
29, 5443, 1, 29, 20.97,  9.65, 60.86,  131.60, 5000.00,    0.01,    1.72,    0.00, 0
29, 5444, 1, 29, 20.98,  9.60, 62.72,  131.64, 5000.00,    0.01,    1.74,    0.00, 0
29, 5445, 1, 29, 20.89,  9.54, 64.85,  131.66, 5000.00,    0.01,    1.74,    0.00, 0
29, 5446, 1, 29, 20.84,  9.49, 66.46,  131.69, 5000.00,    0.02,    1.77,    0.00, 0
29, 5447, 1, 29, 20.86,  9.79, 69.65,  131.59, 5000.00,    0.01,    1.71,    0.00, 0
29, 5448, 1, 29, 20.99,  9.82, 71.66,  131.56, 5000.00,    0.01,    1.68,    0.00, 0
29, 5449, 1, 29, 21.11,  9.80, 73.02,  131.53, 5000.00,    0.01,    1.63,    0.00, 0
29, 5450, 1, 29, 21.20,  9.82, 73.95,  131.50, 5000.00,    0.01,    1.61,    0.00, 0
29, 5451, 1, 29, 21.28,  9.82, 74.65,  131.46, 5000.00,    0.01,    1.58,    0.00, 0
29, 5452, 1, 29, 21.30,  9.83, 75.14,  131.42, 5000.00,    0.01,    1.57,    0.00, 0
29, 5453, 1, 29, 21.31,  9.83, 75.52,  131.39, 5000.00,    0.01,    1.55,    0.00, 0
29, 5454, 1, 29, 21.29,  9.81, 75.78,  131.37, 5000.00,    0.01,    1.56,    0.00, 0
29, 5455, 1, 29, 20.97,  9.75, 75.92,  131.25, 5000.00,    0.01,    1.62,    0.00, 0
29, 5456, 1, 29, 20.75,  9.70, 75.92,  131.22, 5000.00,    0.01,    1.68,    0.00, 0
29, 5457, 1, 29, 20.28, 10.31, 56.32,  131.36, 5000.00,    0.01,    1.69,    0.00, 0
29, 5458, 1, 29, 20.46, 10.35, 56.42,  131.39, 5000.00,    0.01,    1.63,    0.00, 0
29, 5459, 1, 29, 20.45, 10.36, 56.68,  131.41, 5000.00,    0.01,    1.63,    0.00, 0
29, 5460, 1, 29, 20.90,  9.93, 56.74,  131.47, 5000.00,    0.01,    1.59,    0.00, 0
29, 5461, 1, 29, 20.88,  9.89, 57.18,  131.48, 5000.00,    0.01,    1.60,    0.00, 0
29, 5462, 1, 29, 20.99,  9.91, 57.72,  131.49, 5000.00,    0.01,    1.63,    0.00, 0
29, 5463, 1, 29, 20.97,  9.90, 58.45,  131.51, 5000.00,    0.01,    1.65,    0.00, 0
29, 5464, 1, 29, 20.94,  9.89, 59.47,  131.52, 5000.00,    0.01,    1.68,    0.00, 0
29, 5465, 1, 29, 20.87,  9.88, 60.88,  131.55, 5000.00,    0.01,    1.70,    0.00, 0
29, 5466, 1, 29, 20.87,  9.83, 62.77,  131.58, 5000.00,    0.01,    1.73,    0.00, 0
29, 5467, 1, 29, 20.90,  9.82, 64.80,  131.61, 5000.00,    0.01,    1.73,    0.00, 0
29, 5468, 1, 29, 20.82,  9.73, 67.18,  131.62, 5000.00,    0.01,    1.73,    0.00, 0
29, 5469, 1, 29, 20.77, 10.05, 69.68,  131.55, 5000.00,    0.01,    1.69,    0.00, 0
29, 5470, 1, 29, 20.91, 10.06, 71.69,  131.52, 5000.00,    0.01,    1.65,    0.00, 0
29, 5471, 1, 29, 21.03, 10.03, 73.02,  131.49, 5000.00,    0.01,    1.62,    0.00, 0
29, 5472, 1, 29, 21.12, 10.04, 73.95,  131.45, 5000.00,    0.01,    1.59,    0.00, 0
29, 5473, 1, 29, 21.25, 10.04, 74.69,  131.42, 5000.00,    0.01,    1.54,    0.00, 0
29, 5474, 1, 29, 21.29, 10.05, 75.23,  131.38, 5000.00,    0.01,    1.53,    0.00, 0
29, 5475, 1, 29, 21.33, 10.05, 75.60,  131.36, 5000.00,    0.01,    1.51,    0.00, 0
29, 5476, 1, 29, 21.26, 10.03, 75.83,  131.33, 5000.00,    0.01,    1.52,    0.00, 0
29, 5477, 1, 29, 20.89,  9.98, 75.93,  131.23, 5000.00,    0.01,    1.61,    0.00, 0
29, 5478, 1, 29, 21.37, 10.05, 76.20,  131.21, 5000.00,    0.01,    1.47,    0.00, 0
29, 5479, 1, 29, 20.37, 10.66, 56.25,  131.39, 5000.00,    0.01,    1.62,    0.00, 0
29, 5480, 1, 29, 20.47, 10.67, 56.39,  131.40, 5000.00,    0.01,    1.59,    0.00, 0
29, 5481, 1, 29, 20.42, 10.68, 56.65,  131.41, 5000.00,    0.01,    1.61,    0.00, 0
29, 5482, 1, 29, 20.69, 10.28, 56.83,  131.42, 5000.00,    0.01,    1.61,    0.00, 0
29, 5483, 1, 29, 20.72, 10.24, 57.23,  131.43, 5000.00,    0.01,    1.61,    0.00, 0
29, 5484, 1, 29, 20.76, 10.22, 57.74,  131.45, 5000.00,    0.01,    1.62,    0.00, 0
29, 5485, 1, 29, 20.89, 10.26, 58.41,  131.46, 5000.00,    0.01,    1.63,    0.00, 0
29, 5486, 1, 29, 20.90, 10.28, 59.37,  131.49, 5000.00,    0.01,    1.64,    0.00, 0
29, 5487, 1, 29, 20.83, 10.28, 60.72,  131.52, 5000.00,    0.01,    1.67,    0.00, 0
29, 5488, 1, 29, 20.82, 10.24, 62.63,  131.54, 5000.00,    0.01,    1.69,    0.00, 0
29, 5489, 1, 29, 20.81, 10.24, 64.80,  131.56, 5000.00,    0.01,    1.69,    0.00, 0
29, 5490, 1, 29, 20.69, 10.12, 67.07,  131.56, 5000.00,    0.01,    1.71,    0.00, 0
29, 5491, 1, 29, 20.69, 10.44, 69.82,  131.52, 5000.00,    0.01,    1.66,    0.00, 0
29, 5492, 1, 29, 20.81, 10.43, 71.76,  131.48, 5000.00,    0.01,    1.63,    0.00, 0
29, 5493, 1, 29, 20.90, 10.38, 73.03,  131.45, 5000.00,    0.01,    1.60,    0.00, 0
29, 5494, 1, 29, 20.98, 10.37, 73.94,  131.41, 5000.00,    0.01,    1.57,    0.00, 0
29, 5495, 1, 29, 21.11, 10.35, 74.70,  131.37, 5000.00,    0.01,    1.53,    0.00, 0
29, 5496, 1, 29, 21.19, 10.36, 75.27,  131.33, 5000.00,    0.01,    1.50,    0.00, 0
29, 5497, 1, 29, 21.20, 10.35, 75.61,  131.30, 5000.00,    0.01,    1.49,    0.00, 0
29, 5498, 1, 29, 21.15, 10.34, 75.87,  131.27, 5000.00,    0.01,    1.50,    0.00, 0
29, 5499, 1, 29, 20.78, 10.38, 75.93,  131.21, 5000.00,    0.01,    1.58,    0.00, 0
29, 5500, 1, 29, 21.10, 10.43, 76.18,  131.12, 5000.00,    0.01,    1.49,    0.00, 0
29, 5501, 1, 29, 20.07, 11.16, 56.22,  131.39, 5000.00,    0.00,    1.61,    0.00, 0
29, 5502, 1, 29, 20.20, 11.22, 56.32,  131.39, 5000.00,    0.00,    1.60,    0.00, 0
29, 5503, 1, 29, 20.27, 11.22, 56.45,  131.39, 5000.00,    0.00,    1.58,    0.00, 0
29, 5504, 1, 29, 20.50, 10.76, 56.72,  131.40, 5000.00,    0.01,    1.56,    0.00, 0
29, 5505, 1, 29, 20.59, 10.79, 57.14,  131.40, 5000.00,    0.01,    1.57,    0.00, 0
29, 5506, 1, 29, 20.62, 10.78, 57.65,  131.42, 5000.00,    0.01,    1.58,    0.00, 0
29, 5507, 1, 29, 20.59, 10.80, 58.38,  131.43, 5000.00,    0.01,    1.61,    0.00, 0
29, 5508, 1, 29, 20.55, 10.82, 59.40,  131.44, 5000.00,    0.01,    1.64,    0.00, 0
29, 5509, 1, 29, 20.48, 10.84, 60.77,  131.46, 5000.00,    0.01,    1.66,    0.00, 0
29, 5510, 1, 29, 20.49, 10.80, 62.65,  131.48, 5000.00,    0.01,    1.68,    0.00, 0
29, 5511, 1, 29, 20.50, 10.83, 64.78,  131.49, 5000.00,    0.01,    1.67,    0.00, 0
29, 5512, 1, 29, 20.44, 10.73, 67.24,  131.52, 5000.00,    0.01,    1.67,    0.00, 0
29, 5513, 1, 29, 20.36, 11.00, 69.75,  131.46, 5000.00,    0.01,    1.65,    0.00, 0
29, 5514, 1, 29, 20.48, 11.00, 71.71,  131.42, 5000.00,    0.01,    1.62,    0.00, 0
29, 5515, 1, 29, 20.58, 10.94, 72.99,  131.39, 5000.00,    0.01,    1.59,    0.00, 0
29, 5516, 1, 29, 20.66, 10.93, 73.91,  131.35, 5000.00,    0.01,    1.57,    0.00, 0
29, 5517, 1, 29, 20.71, 10.94, 74.61,  131.31, 5000.00,    0.01,    1.54,    0.00, 0
29, 5518, 1, 29, 20.68, 10.96, 75.11,  131.27, 5000.00,    0.01,    1.54,    0.00, 0
29, 5519, 1, 29, 20.89, 10.87, 75.61,  131.22, 5000.00,    0.01,    1.49,    0.00, 0
29, 5520, 1, 29, 20.68, 11.00, 75.83,  131.17, 5000.00,    0.01,    1.52,    0.00, 0
29, 5521, 1, 29, 20.77, 11.01, 76.06,  131.09, 5000.00,    0.01,    1.49,    0.00, 0
29, 5522, 1, 29, 20.93, 11.00, 76.22,  131.03, 5000.00,    0.01,    1.43,    0.00, 0
29, 5523, 1, 29, 19.48, 12.18, 56.32,  131.38, 5000.00,    0.00,    1.65,    0.00, 0
29, 5524, 1, 29, 19.59, 12.15, 56.42,  131.36, 5000.00,    0.00,    1.62,    0.00, 0
29, 5525, 1, 29, 19.70, 12.12, 56.56,  131.38, 5000.00,    0.00,    1.59,    0.00, 0
29, 5526, 1, 29, 19.83, 11.82, 56.88,  131.37, 5000.00,    0.00,    1.62,    0.00, 0
29, 5527, 1, 29, 19.94, 11.75, 57.28,  131.37, 5000.00,    0.00,    1.60,    0.00, 0
29, 5528, 1, 29, 20.06, 11.71, 57.78,  131.38, 5000.00,    0.00,    1.58,    0.00, 0
29, 5529, 1, 29, 20.08, 11.74, 58.47,  131.39, 5000.00,    0.00,    1.59,    0.00, 0
29, 5530, 1, 29, 20.08, 11.76, 59.42,  131.40, 5000.00,    0.00,    1.61,    0.00, 0
29, 5531, 1, 29, 20.02, 11.79, 60.76,  131.41, 5000.00,    0.01,    1.62,    0.00, 0
29, 5532, 1, 29, 20.02, 11.77, 62.65,  131.42, 5000.00,    0.01,    1.65,    0.00, 0
29, 5533, 1, 29, 20.00, 11.83, 64.87,  131.43, 5000.00,    0.01,    1.64,    0.00, 0
29, 5534, 1, 29, 19.95, 11.70, 67.37,  131.42, 5000.00,    0.01,    1.64,    0.00, 0
29, 5535, 1, 29, 19.93, 11.95, 70.02,  131.40, 5000.00,    0.01,    1.61,    0.00, 0
29, 5536, 1, 29, 20.07, 11.92, 71.90,  131.36, 5000.00,    0.01,    1.57,    0.00, 0
29, 5537, 1, 29, 20.17, 11.84, 73.11,  131.32, 5000.00,    0.01,    1.55,    0.00, 0
29, 5538, 1, 29, 20.25, 11.82, 74.01,  131.28, 5000.00,    0.01,    1.53,    0.00, 0
29, 5539, 1, 29, 20.40, 11.81, 74.73,  131.24, 5000.00,    0.01,    1.49,    0.00, 0
29, 5540, 1, 29, 20.47, 11.83, 75.33,  131.19, 5000.00,    0.01,    1.45,    0.00, 0
29, 5541, 1, 29, 20.44, 11.84, 75.62,  131.15, 5000.00,    0.01,    1.45,    0.00, 0
29, 5542, 1, 29, 20.26, 11.88, 75.86,  131.07, 5000.00,    0.01,    1.49,    0.00, 0
29, 5543, 1, 29, 20.40, 11.88, 76.11,  130.97, 5000.00,    0.01,    1.42,    0.00, 0
29, 5544, 1, 29, 20.37, 11.87, 76.16,  131.01, 5000.00,    0.01,    1.47,    0.00, 0
29, 5545, 1, 29, 18.58, 13.79, 56.15,  131.37, 5000.00,    0.00,    1.63,    0.00, 0
29, 5546, 1, 29, 18.51, 13.85, 56.25,  131.36, 5000.00,    0.00,    1.63,    0.00, 0
29, 5547, 1, 29, 18.77, 13.72, 56.39,  131.37, 5000.00,    0.00,    1.58,    0.00, 0
29, 5548, 1, 29, 19.18, 13.34, 56.67,  131.36, 5000.00,    0.00,    1.55,    0.00, 0
29, 5549, 1, 29, 19.21, 13.32, 57.07,  131.36, 5000.00,    0.00,    1.55,    0.00, 0
29, 5550, 1, 29, 19.17, 13.36, 57.61,  131.36, 5000.00,    0.00,    1.57,    0.00, 0
29, 5551, 1, 29, 19.01, 13.40, 58.31,  131.36, 5000.00,    0.00,    1.58,    0.00, 0
29, 5552, 1, 29, 19.01, 13.43, 59.27,  131.37, 5000.00,    0.00,    1.59,    0.00, 0
29, 5553, 1, 29, 18.93, 13.49, 60.60,  131.37, 5000.00,    0.00,    1.60,    0.00, 0
29, 5554, 1, 29, 18.95, 13.47, 62.47,  131.37, 5000.00,    0.00,    1.62,    0.00, 0
29, 5555, 1, 29, 18.89, 13.60, 64.70,  131.37, 5000.00,    0.00,    1.61,    0.00, 0
29, 5556, 1, 29, 18.92, 13.43, 67.30,  131.37, 5000.00,    0.00,    1.60,    0.00, 0
29, 5557, 1, 29, 18.87, 13.63, 69.89,  131.35, 5000.00,    0.00,    1.58,    0.00, 0
29, 5558, 1, 29, 19.11, 13.53, 71.81,  131.31, 5000.00,    0.01,    1.54,    0.00, 0
29, 5559, 1, 29, 19.33, 13.39, 73.10,  131.27, 5000.00,    0.01,    1.50,    0.00, 0
29, 5560, 1, 29, 19.43, 13.38, 74.00,  131.22, 5000.00,    0.01,    1.46,    0.00, 0
29, 5561, 1, 29, 19.50, 13.40, 74.70,  131.17, 5000.00,    0.01,    1.43,    0.00, 0
29, 5562, 1, 29, 19.57, 13.41, 75.25,  131.12, 5000.00,    0.01,    1.40,    0.00, 0
29, 5563, 1, 29, 19.60, 13.43, 75.65,  131.06, 5000.00,    0.01,    1.38,    0.00, 0
29, 5564, 1, 29, 19.54, 13.46, 75.84,  131.04, 5000.00,    0.01,    1.39,    0.00, 0
29, 5565, 1, 29, 19.60, 13.54, 75.98,  131.00, 5000.00,    0.01,    1.39,    0.00, 0
29, 5566, 1, 29, 19.51, 13.49, 76.08,  130.97, 5000.00,    0.01,    1.38,    0.00, 0
29, 5567, 1, 29, 16.10, 16.49, 56.04,  131.39, 5000.00,    0.00,    1.63,    0.00, 0
29, 5568, 1, 29, 16.30, 16.39, 56.16,  131.38, 5000.00,    0.00,    1.62,    0.00, 0
29, 5569, 1, 29, 16.70, 16.23, 56.26,  131.39, 5000.00,    0.00,    1.56,    0.00, 0
29, 5570, 1, 29, 16.85, 16.10, 56.56,  131.38, 5000.00,    0.00,    1.57,    0.00, 0
29, 5571, 1, 29, 16.83, 16.11, 56.98,  131.38, 5000.00,    0.00,    1.57,    0.00, 0
29, 5572, 1, 29, 16.82, 16.16, 57.52,  131.37, 5000.00,    0.00,    1.58,    0.00, 0
29, 5573, 1, 29, 16.66, 16.20, 58.22,  131.37, 5000.00,    0.00,    1.58,    0.00, 0
29, 5574, 1, 29, 16.68, 16.22, 59.19,  131.37, 5000.00,    0.00,    1.59,    0.00, 0
29, 5575, 1, 29, 16.67, 16.22, 60.54,  131.37, 5000.00,    0.00,    1.59,    0.00, 0
29, 5576, 1, 29, 16.76, 16.21, 62.36,  131.36, 5000.00,    0.00,    1.59,    0.00, 0
29, 5577, 1, 29, 16.52, 16.37, 64.60,  131.37, 5000.00,    0.00,    1.58,    0.00, 0
29, 5578, 1, 29, 16.66, 16.43, 67.26,  131.35, 5000.00,    0.00,    1.58,    0.00, 0
29, 5579, 1, 29, 16.61, 16.35, 69.96,  131.33, 5000.00,    0.00,    1.56,    0.00, 0
29, 5580, 1, 29, 16.86, 16.28, 71.85,  131.29, 5000.00,    0.01,    1.50,    0.00, 0
29, 5581, 1, 29, 17.17, 16.11, 73.17,  131.24, 5000.00,    0.01,    1.46,    0.00, 0
29, 5582, 1, 29, 17.30, 16.10, 74.08,  131.19, 5000.00,    0.01,    1.42,    0.00, 0
29, 5583, 1, 29, 17.37, 16.15, 74.78,  131.14, 5000.00,    0.01,    1.39,    0.00, 0
29, 5584, 1, 29, 17.41, 16.19, 75.31,  131.08, 5000.00,    0.01,    1.36,    0.00, 0
29, 5585, 1, 29, 17.43, 16.22, 75.72,  131.03, 5000.00,    0.01,    1.34,    0.00, 0
29, 5586, 1, 29, 17.32, 16.30, 75.88,  131.01, 5000.00,    0.01,    1.36,    0.00, 0
29, 5587, 1, 29, 10.24, 21.23, 75.85,  131.08, 5000.00,    0.02,    1.15,    0.00, 0
29, 5588, 1, 29, 17.06, 16.44, 76.08,  130.96, 5000.00,    0.01,    1.39,    0.00, 0
29, 5589, 1, 29, 12.64, 19.31, 55.92,  131.39, 5000.00,    0.00,    1.67,    0.00, 0
29, 5590, 1, 29, 12.01, 19.67, 56.08,  131.38, 5000.00,    0.00,    1.68,    0.00, 0
29, 5591, 1, 29, 12.89, 19.18, 56.17,  131.36, 5000.00,    0.00,    1.66,    0.00, 0
29, 5592, 1, 29, 13.25, 19.00, 56.47,  131.36, 5000.00,    0.00,    1.64,    0.00, 0
29, 5593, 1, 29, 13.15, 19.08, 56.90,  131.36, 5000.00,    0.00,    1.63,    0.00, 0
29, 5594, 1, 29, 13.02, 19.08, 57.43,  131.36, 5000.00,    0.00,    1.63,    0.00, 0
29, 5595, 1, 29, 12.81, 19.26, 58.14,  131.35, 5000.00,    0.00,    1.64,    0.00, 0
29, 5596, 1, 29, 12.82, 19.30, 59.11,  131.35, 5000.00,    0.00,    1.63,    0.00, 0
29, 5597, 1, 29, 11.92, 19.96, 60.60,  131.37, 5000.00,    0.00,    1.63,    0.00, 0
29, 5598, 1, 29, 11.85, 19.98, 62.41,  131.38, 5000.00,    0.00,    1.61,    0.00, 0
29, 5599, 1, 29, 11.34, 20.25, 64.57,  131.38, 5000.00,    0.00,    1.58,    0.00, 0
29, 5600, 1, 29, 11.38, 20.32, 67.27,  131.37, 5000.00,    0.00,    1.57,    0.00, 0
29, 5601, 1, 29, 11.14, 20.44, 69.82,  131.35, 5000.00,    0.00,    1.55,    0.00, 0
29, 5602, 1, 29, 10.84, 20.75, 71.81,  131.30, 5000.00,    0.01,    1.49,    0.00, 0
29, 5603, 1, 29, 10.73, 20.77, 73.05,  131.25, 5000.00,    0.01,    1.44,    0.00, 0
29, 5604, 1, 29, 10.58, 20.96, 73.97,  131.20, 5000.00,    0.01,    1.40,    0.00, 0
29, 5605, 1, 29, 10.19, 21.29, 74.72,  131.14, 5000.00,    0.01,    1.33,    0.00, 0
29, 5606, 1, 29,  9.97, 21.49, 75.30,  131.08, 5000.00,    0.01,    1.28,    0.00, 0
29, 5607, 1, 29,  9.90, 21.58, 75.72,  131.02, 5000.00,    0.01,    1.25,    0.00, 0
29, 5608, 1, 29, 10.46, 21.17, 75.85,  131.00, 5000.00,    0.01,    1.33,    0.00, 0
29, 5609, 1, 29, 14.03, 18.98, 76.11,  130.85, 5000.00,    0.01,    1.47,    0.00, 0
29, 5610, 1, 29, 12.34, 20.04, 76.12,  130.87, 5000.00,    0.01,    1.45,    0.00, 0
29, 5611, 1, 29,  7.22, 21.36, 56.24,  131.47, 5000.00,    0.00,    1.58,    0.00, 0
29, 5612, 1, 29,  7.39, 21.17, 56.40,  131.49, 5000.00,    0.00,    1.62,    0.00, 0
29, 5613, 1, 29,  7.16, 21.39, 56.50,  131.45, 5000.00,    0.00,    1.58,    0.00, 0
29, 5614, 1, 29,  7.14, 21.45, 56.79,  131.44, 5000.00,    0.00,    1.57,    0.00, 0
29, 5615, 1, 29,  8.86, 20.55, 57.19,  131.43, 5000.00,    0.00,    1.68,    0.00, 0
29, 5616, 1, 29,  8.57, 20.84, 57.75,  131.42, 5000.00,    0.00,    1.67,    0.00, 0
29, 5617, 1, 29,  7.04, 21.68, 58.39,  131.42, 5000.00,    0.00,    1.57,    0.00, 0
29, 5618, 1, 29,  8.30, 21.05, 59.45,  131.41, 5000.00,    0.00,    1.67,    0.00, 0
29, 5619, 1, 29,  8.17, 21.28, 60.82,  131.39, 5000.00,    0.00,    1.67,    0.00, 0
29, 5620, 1, 29,  8.30, 21.51, 62.62,  131.37, 5000.00,    0.00,    1.66,    0.00, 0
29, 5621, 1, 29,  7.42, 22.04, 64.75,  131.38, 5000.00,    0.00,    1.62,    0.00, 0
29, 5622, 1, 29,  7.60, 22.03, 67.41,  131.36, 5000.00,    0.00,    1.63,    0.00, 0
29, 5623, 1, 29,  7.25, 22.13, 69.94,  131.34, 5000.00,    0.00,    1.60,    0.00, 0
29, 5624, 1, 29,  6.78, 22.45, 71.95,  131.31, 5000.00,    0.01,    1.51,    0.00, 0
29, 5625, 1, 29,  6.85, 22.59, 73.21,  131.25, 5000.00,    0.01,    1.44,    0.00, 0
29, 5626, 1, 29,  6.70, 22.66, 74.12,  131.19, 5000.00,    0.01,    1.40,    0.00, 0
29, 5627, 1, 29,  6.45, 22.88, 74.83,  131.13, 5000.00,    0.01,    1.36,    0.00, 0
29, 5628, 1, 29,  6.45, 22.98, 75.37,  131.07, 5000.00,    0.01,    1.33,    0.00, 0
29, 5629, 1, 29,  6.51, 23.01, 75.76,  131.01, 5000.00,    0.01,    1.32,    0.00, 0
29, 5630, 1, 29,  6.55, 22.96, 75.95,  130.99, 5000.00,    0.01,    1.33,    0.00, 0
29, 5631, 1, 29,  6.52, 22.97, 76.09,  130.96, 5000.00,    0.01,    1.32,    0.00, 0
29, 5632, 1, 29,  6.37, 23.00, 76.20,  130.93, 5000.00,    0.01,    1.30,    0.00, 0
29, 5633, 1, 29,  5.00, 21.37, 56.74,  131.47, 5000.00,    0.00,    1.56,    0.00, 0
29, 5634, 1, 29,  4.91, 21.45, 56.83,  131.45, 5000.00,    0.00,    1.54,    0.00, 0
29, 5635, 1, 29,  4.88, 21.46, 56.97,  131.45, 5000.00,    0.00,    1.54,    0.00, 0
29, 5636, 1, 29,  4.86, 21.45, 57.30,  131.46, 5000.00,    0.00,    1.55,    0.00, 0
29, 5637, 1, 29,  4.91, 21.47, 57.72,  131.45, 5000.00,    0.00,    1.55,    0.00, 0
29, 5638, 1, 29,  4.86, 21.55, 58.19,  131.44, 5000.00,    0.00,    1.54,    0.00, 0
29, 5639, 1, 29,  4.61, 21.65, 58.87,  131.44, 5000.00,    0.00,    1.53,    0.00, 0
29, 5640, 1, 29,  4.79, 21.81, 59.72,  131.42, 5000.00,    0.00,    1.54,    0.00, 0
29, 5641, 1, 29,  4.82, 21.89, 61.00,  131.44, 5000.00,    0.00,    1.55,    0.00, 0
29, 5642, 1, 29,  5.17, 21.92, 62.91,  131.45, 5000.00,    0.00,    1.56,    0.00, 0
29, 5643, 1, 29,  4.48, 22.23, 64.94,  131.44, 5000.00,    0.00,    1.57,    0.00, 0
29, 5644, 1, 29,  4.79, 22.43, 67.57,  131.40, 5000.00,    0.00,    1.61,    0.00, 0
29, 5645, 1, 29,  4.61, 22.85, 70.26,  131.37, 5000.00,    0.00,    1.58,    0.00, 0
29, 5646, 1, 29,  4.34, 23.08, 72.25,  131.30, 5000.00,    0.00,    1.51,    0.00, 0
29, 5647, 1, 29,  4.47, 23.11, 73.50,  131.23, 5000.00,    0.01,    1.47,    0.00, 0
29, 5648, 1, 29,  4.39, 23.23, 74.35,  131.18, 5000.00,    0.01,    1.44,    0.00, 0
29, 5649, 1, 29,  4.07, 23.29, 75.04,  131.12, 5000.00,    0.01,    1.41,    0.00, 0
29, 5650, 1, 29,  4.03, 23.38, 75.61,  131.04, 5000.00,    0.01,    1.38,    0.00, 0
29, 5651, 1, 29,  4.02, 23.43, 75.96,  130.98, 5000.00,    0.01,    1.36,    0.00, 0
29, 5652, 1, 29,  4.04, 23.45, 76.21,  130.92, 5000.00,    0.01,    1.33,    0.00, 0
29, 5653, 1, 29,  4.07, 23.48, 76.38,  130.86, 5000.00,    0.01,    1.33,    0.00, 0
29, 5654, 1, 29,  4.16, 23.38, 76.38,  130.86, 5000.00,    0.01,    1.37,    0.00, 0
29, 5655, 1, 29,  3.56, 21.46, 57.24,  131.47, 5000.00,    0.00,    1.54,    0.00, 0
29, 5656, 1, 29,  3.50, 21.47, 57.34,  131.47, 5000.00,    0.00,    1.55,    0.00, 0
29, 5657, 1, 29,  3.49, 21.46, 57.49,  131.48, 5000.00,    0.00,    1.55,    0.00, 0
29, 5658, 1, 29,  3.36, 21.53, 57.81,  131.47, 5000.00,    0.00,    1.55,    0.00, 0
29, 5659, 1, 29,  3.44, 21.53, 58.23,  131.47, 5000.00,    0.00,    1.55,    0.00, 0
29, 5660, 1, 29,  3.45, 21.59, 58.75,  131.46, 5000.00,    0.00,    1.54,    0.00, 0
29, 5661, 1, 29,  3.09, 21.69, 59.41,  131.46, 5000.00,    0.00,    1.55,    0.00, 0
29, 5662, 1, 29,  3.27, 21.78, 60.21,  131.46, 5000.00,    0.00,    1.54,    0.00, 0
29, 5663, 1, 29,  3.26, 21.88, 61.41,  131.47, 5000.00,    0.00,    1.54,    0.00, 0
29, 5664, 1, 29,  3.57, 21.98, 63.17,  131.48, 5000.00,    0.00,    1.55,    0.00, 0
29, 5665, 1, 29,  2.85, 22.22, 65.23,  131.50, 5000.00,    0.00,    1.58,    0.00, 0
29, 5666, 1, 29,  3.08, 22.52, 67.77,  131.47, 5000.00,    0.00,    1.61,    0.00, 0
29, 5667, 1, 29,  2.92, 22.83, 70.44,  131.43, 5000.00,    0.00,    1.59,    0.00, 0
29, 5668, 1, 29,  2.74, 23.10, 72.34,  131.38, 5000.00,    0.01,    1.55,    0.00, 0
29, 5669, 1, 29,  2.95, 23.28, 73.56,  131.31, 5000.00,    0.01,    1.50,    0.00, 0
29, 5670, 1, 29,  2.85, 23.44, 74.44,  131.27, 5000.00,    0.01,    1.47,    0.00, 0
29, 5671, 1, 29,  2.52, 23.46, 75.08,  131.24, 5000.00,    0.01,    1.44,    0.00, 0
29, 5672, 1, 29,  2.47, 23.60, 75.65,  131.18, 5000.00,    0.01,    1.40,    0.00, 0
29, 5673, 1, 29,  2.50, 23.58, 75.91,  131.15, 5000.00,    0.01,    1.42,    0.00, 0
29, 5674, 1, 29,  2.51, 23.53, 76.18,  131.11, 5000.00,    0.01,    1.42,    0.00, 0
29, 5675, 1, 29,  2.44, 23.64, 76.36,  131.02, 5000.00,    0.01,    1.37,    0.00, 0
29, 5676, 1, 29,  2.45, 23.60, 76.45,  130.97, 5000.00,    0.01,    1.37,    0.00, 0
29, 5677, 1, 29,  2.78, 21.38, 57.39,  131.50, 5000.00,    0.01,    1.56,    0.00, 0
29, 5678, 1, 29,  2.73, 21.40, 57.52,  131.51, 5000.00,    0.01,    1.55,    0.00, 0
29, 5679, 1, 29,  2.72, 21.38, 57.69,  131.51, 5000.00,    0.01,    1.55,    0.00, 0
29, 5680, 1, 29,  2.54, 21.41, 58.04,  131.49, 5000.00,    0.01,    1.56,    0.00, 0
29, 5681, 1, 29,  2.62, 21.64, 58.41,  131.49, 5000.00,    0.01,    1.57,    0.00, 0
29, 5682, 1, 29,  2.63, 21.44, 59.01,  131.50, 5000.00,    0.01,    1.57,    0.00, 0
29, 5683, 1, 29,  2.24, 21.59, 59.59,  131.53, 5000.00,    0.01,    1.57,    0.00, 0
29, 5684, 1, 29,  2.46, 21.78, 60.44,  131.50, 5000.00,    0.01,    1.56,    0.00, 0
29, 5685, 1, 29,  2.43, 21.91, 61.49,  131.51, 5000.00,    0.01,    1.55,    0.00, 0
29, 5686, 1, 29,  2.73, 22.02, 63.35,  131.53, 5000.00,    0.01,    1.57,    0.00, 0
29, 5687, 1, 29,  1.96, 22.23, 65.33,  131.58, 5000.00,    0.01,    1.61,    0.00, 0
29, 5688, 1, 29,  2.16, 22.47, 67.85,  131.54, 5000.00,    0.01,    1.62,    0.00, 0
29, 5689, 1, 29,  2.04, 22.71, 70.32,  131.51, 5000.00,    0.01,    1.63,    0.00, 0
29, 5690, 1, 29,  1.89, 22.98, 72.27,  131.48, 5000.00,    0.01,    1.59,    0.00, 0
29, 5691, 1, 29,  2.19, 23.00, 73.30,  131.39, 5000.00,    0.01,    1.61,    0.00, 0
29, 5692, 1, 29,  2.00, 23.30, 74.39,  131.35, 5000.00,    0.01,    1.52,    0.00, 0
29, 5693, 1, 29,  1.69, 23.46, 74.96,  131.35, 5000.00,    0.01,    1.53,    0.00, 0
29, 5694, 1, 29,  1.75, 23.30, 75.42,  131.31, 5000.00,    0.01,    1.56,    0.00, 0
29, 5695, 1, 29,  1.74, 23.35, 75.80,  131.26, 5000.00,    0.01,    1.54,    0.00, 0
29, 5696, 1, 29,  1.56, 23.62, 76.26,  131.19, 5000.00,    0.01,    1.44,    0.00, 0
29, 5697, 1, 29,  1.53, 23.69, 76.46,  131.11, 5000.00,    0.01,    1.40,    0.00, 0
29, 5698, 1, 29,  1.56, 23.60, 76.48,  131.11, 5000.00,    0.01,    1.43,    0.00, 0
29, 5699, 1, 29,  2.38, 21.48, 57.42,  131.51, 5000.00,    0.01,    1.55,    0.00, 0
29, 5700, 1, 29,  2.33, 21.37, 57.55,  131.52, 5000.00,    0.01,    1.56,    0.00, 0
29, 5701, 1, 29,  2.34, 21.26, 57.81,  131.53, 5000.00,    0.01,    1.59,    0.00, 0
29, 5702, 1, 29,  2.15, 21.45, 57.99,  131.54, 5000.00,    0.01,    1.56,    0.00, 0
29, 5703, 1, 29,  2.21, 21.42, 58.45,  131.54, 5000.00,    0.01,    1.57,    0.00, 0
29, 5704, 1, 29,  2.20, 21.37, 59.08,  131.54, 5000.00,    0.01,    1.60,    0.00, 0
29, 5705, 1, 29,  1.95, 21.16, 60.27,  131.74, 5000.00,    0.01,    1.75,    0.00, 0
29, 5706, 1, 29,  2.07, 21.74, 60.49,  131.54, 5000.00,    0.01,    1.56,    0.00, 0
29, 5707, 1, 29,  2.05, 21.88, 61.49,  131.55, 5000.00,    0.01,    1.57,    0.00, 0
29, 5708, 1, 29,  2.32, 21.99, 63.37,  131.56, 5000.00,    0.01,    1.59,    0.00, 0
29, 5709, 1, 29,  1.50, 22.17, 65.39,  131.67, 5000.00,    0.01,    1.64,    0.00, 0
29, 5710, 1, 29,  1.75, 22.47, 67.89,  131.58, 5000.00,    0.01,    1.64,    0.00, 0
29, 5711, 1, 29,  1.62, 22.67, 70.27,  131.57, 5000.00,    0.01,    1.66,    0.00, 0
29, 5712, 1, 29,  1.48, 22.97, 72.27,  131.54, 5000.00,    0.01,    1.61,    0.00, 0
29, 5713, 1, 29,  1.70, 23.16, 73.51,  131.45, 5000.00,    0.01,    1.57,    0.00, 0
29, 5714, 1, 29,  1.65, 23.14, 74.21,  131.42, 5000.00,    0.01,    1.60,    0.00, 0
29, 5715, 1, 29,  1.59, 22.56, 74.25,  131.50, 5000.00,    0.01,    1.79,    0.00, 0
29, 5716, 1, 29,  1.28, 23.32, 75.42,  131.41, 5000.00,    0.01,    1.58,    0.00, 0
29, 5717, 1, 29,  1.26, 23.40, 75.79,  131.39, 5000.00,    0.01,    1.56,    0.00, 0
29, 5718, 1, 29,  1.25, 23.44, 76.14,  131.34, 5000.00,    0.01,    1.54,    0.00, 0
29, 5719, 1, 29,  1.24, 23.39, 76.26,  131.33, 5000.00,    0.01,    1.56,    0.00, 0
29, 5720, 1, 29,  1.23, 23.47, 76.42,  131.28, 5000.00,    0.01,    1.53,    0.00, 0
29, 5721, 1, 29, 21.42, 10.76, 56.29,  131.33, 5000.00,    0.01,    1.68,    0.00, 0
29, 5722, 1, 29, 21.49, 10.78, 56.42,  131.34, 5000.00,    0.01,    1.65,    0.00, 0
29, 5723, 1, 29, 21.61, 10.81, 56.51,  131.36, 5000.00,    0.01,    1.61,    0.00, 0
29, 5724, 1, 29, 21.92, 10.35, 56.71,  131.44, 5000.00,    0.01,    1.61,    0.00, 0
29, 5725, 1, 29, 21.93, 10.30, 57.09,  131.44, 5000.00,    0.01,    1.62,    0.00, 0
29, 5726, 1, 29, 21.91, 10.26, 57.70,  131.45, 5000.00,    0.01,    1.65,    0.00, 0
29, 5727, 1, 29, 22.01, 10.29, 58.43,  131.46, 5000.00,    0.01,    1.68,    0.00, 0
29, 5728, 1, 29, 21.99, 10.29, 59.44,  131.48, 5000.00,    0.01,    1.71,    0.00, 0
29, 5729, 1, 29, 21.92, 10.28, 60.81,  131.49, 5000.00,    0.01,    1.73,    0.00, 0
29, 5730, 1, 29, 21.92, 10.23, 62.70,  131.52, 5000.00,    0.01,    1.76,    0.00, 0
29, 5731, 1, 29, 21.83, 10.17, 64.88,  131.53, 5000.00,    0.01,    1.75,    0.00, 0
29, 5732, 1, 29, 21.77, 10.47, 67.28,  131.50, 5000.00,    0.01,    1.72,    0.00, 0
29, 5733, 1, 29, 21.82, 10.44, 69.76,  131.48, 5000.00,    0.01,    1.71,    0.00, 0
29, 5734, 1, 29, 21.94, 10.46, 71.74,  131.46, 5000.00,    0.01,    1.69,    0.00, 0
29, 5735, 1, 29, 22.04, 10.43, 73.06,  131.44, 5000.00,    0.01,    1.65,    0.00, 0
29, 5736, 1, 29, 22.13, 10.45, 73.97,  131.42, 5000.00,    0.01,    1.63,    0.00, 0
29, 5737, 1, 29, 22.18, 10.44, 74.65,  131.40, 5000.00,    0.01,    1.61,    0.00, 0
29, 5738, 1, 29, 22.20, 10.46, 75.14,  131.37, 5000.00,    0.01,    1.59,    0.00, 0
29, 5739, 1, 29, 22.21, 10.46, 75.52,  131.34, 5000.00,    0.01,    1.59,    0.00, 0
29, 5740, 1, 29, 22.20, 10.44, 75.79,  131.32, 5000.00,    0.01,    1.59,    0.00, 0
29, 5741, 1, 29, 21.96, 10.39, 75.94,  131.24, 5000.00,    0.01,    1.66,    0.00, 0
29, 5742, 1, 29, 21.71, 10.35, 75.94,  131.16, 5000.00,    0.01,    1.73,    0.00, 0
29, 5743, 1, 29, 21.29, 10.98, 56.26,  131.30, 5000.00,    0.01,    1.68,    0.00, 0
29, 5744, 1, 29, 21.38, 11.00, 56.39,  131.32, 5000.00,    0.01,    1.65,    0.00, 0
29, 5745, 1, 29, 21.52, 11.02, 56.47,  131.35, 5000.00,    0.01,    1.60,    0.00, 0
29, 5746, 1, 29, 21.81, 10.56, 56.73,  131.40, 5000.00,    0.01,    1.60,    0.00, 0
29, 5747, 1, 29, 21.80, 10.52, 57.16,  131.41, 5000.00,    0.01,    1.61,    0.00, 0
29, 5748, 1, 29, 21.91, 10.54, 57.69,  131.42, 5000.00,    0.01,    1.63,    0.00, 0
29, 5749, 1, 29, 21.92, 10.53, 58.41,  131.43, 5000.00,    0.01,    1.66,    0.00, 0
29, 5750, 1, 29, 21.91, 10.53, 59.40,  131.44, 5000.00,    0.01,    1.68,    0.00, 0
29, 5751, 1, 29, 21.84, 10.52, 60.77,  131.45, 5000.00,    0.01,    1.71,    0.00, 0
29, 5752, 1, 29, 21.83, 10.47, 62.71,  131.47, 5000.00,    0.01,    1.73,    0.00, 0
29, 5753, 1, 29, 21.85, 10.46, 64.93,  131.49, 5000.00,    0.01,    1.74,    0.00, 0
29, 5754, 1, 29, 21.66, 10.72, 67.28,  131.46, 5000.00,    0.01,    1.70,    0.00, 0
29, 5755, 1, 29, 21.75, 10.69, 69.84,  131.45, 5000.00,    0.01,    1.69,    0.00, 0
29, 5756, 1, 29, 21.87, 10.70, 71.79,  131.43, 5000.00,    0.01,    1.67,    0.00, 0
29, 5757, 1, 29, 21.96, 10.67, 73.08,  131.41, 5000.00,    0.01,    1.63,    0.00, 0
29, 5758, 1, 29, 22.09, 10.67, 74.04,  131.39, 5000.00,    0.01,    1.59,    0.00, 0
29, 5759, 1, 29, 22.17, 10.67, 74.71,  131.37, 5000.00,    0.01,    1.56,    0.00, 0
29, 5760, 1, 29, 22.22, 10.69, 75.24,  131.35, 5000.00,    0.01,    1.54,    0.00, 0
29, 5761, 1, 29, 22.25, 10.68, 75.62,  131.32, 5000.00,    0.01,    1.53,    0.00, 0
29, 5762, 1, 29, 22.23, 10.67, 75.88,  131.31, 5000.00,    0.01,    1.54,    0.00, 0
29, 5763, 1, 29, 21.80, 10.63, 75.94,  131.18, 5000.00,    0.01,    1.65,    0.00, 0
29, 5764, 1, 29, 21.57, 10.60, 75.94,  131.11, 5000.00,    0.01,    1.72,    0.00, 0
29, 5765, 1, 29, 21.27, 11.33, 56.24,  131.32, 5000.00,    0.01,    1.65,    0.00, 0
29, 5766, 1, 29, 21.39, 11.33, 56.34,  131.34, 5000.00,    0.01,    1.60,    0.00, 0
29, 5767, 1, 29, 21.40, 11.37, 56.58,  131.36, 5000.00,    0.01,    1.59,    0.00, 0
29, 5768, 1, 29, 21.62, 10.92, 56.79,  131.36, 5000.00,    0.01,    1.61,    0.00, 0
29, 5769, 1, 29, 21.65, 10.88, 57.19,  131.37, 5000.00,    0.01,    1.62,    0.00, 0
29, 5770, 1, 29, 21.70, 10.86, 57.69,  131.38, 5000.00,    0.01,    1.62,    0.00, 0
29, 5771, 1, 29, 21.83, 10.91, 58.36,  131.40, 5000.00,    0.01,    1.63,    0.00, 0
29, 5772, 1, 29, 21.84, 10.92, 59.32,  131.41, 5000.00,    0.01,    1.65,    0.00, 0
29, 5773, 1, 29, 21.77, 10.93, 60.66,  131.43, 5000.00,    0.01,    1.67,    0.00, 0
29, 5774, 1, 29, 21.76, 10.88, 62.57,  131.44, 5000.00,    0.01,    1.69,    0.00, 0
29, 5775, 1, 29, 21.76, 10.89, 64.90,  131.46, 5000.00,    0.01,    1.70,    0.00, 0
29, 5776, 1, 29, 21.59, 11.12, 67.36,  131.45, 5000.00,    0.01,    1.66,    0.00, 0
29, 5777, 1, 29, 21.64, 11.09, 69.96,  131.43, 5000.00,    0.01,    1.66,    0.00, 0
29, 5778, 1, 29, 21.74, 11.08, 71.84,  131.40, 5000.00,    0.01,    1.64,    0.00, 0
29, 5779, 1, 29, 21.83, 11.03, 73.09,  131.38, 5000.00,    0.01,    1.61,    0.00, 0
29, 5780, 1, 29, 21.91, 11.01, 73.99,  131.35, 5000.00,    0.01,    1.59,    0.00, 0
29, 5781, 1, 29, 22.04, 11.00, 74.71,  131.33, 5000.00,    0.01,    1.55,    0.00, 0
29, 5782, 1, 29, 22.12, 11.01, 75.30,  131.30, 5000.00,    0.01,    1.51,    0.00, 0
29, 5783, 1, 29, 22.12, 11.00, 75.62,  131.29, 5000.00,    0.01,    1.52,    0.00, 0
29, 5784, 1, 29, 22.13, 10.99, 75.94,  131.26, 5000.00,    0.01,    1.50,    0.00, 0
29, 5785, 1, 29, 21.71, 11.04, 75.95,  131.17, 5000.00,    0.01,    1.62,    0.00, 0
29, 5786, 1, 29, 22.19, 11.03, 76.23,  131.13, 5000.00,    0.01,    1.46,    0.00, 0
29, 5787, 1, 29, 21.09, 11.79, 56.15,  131.35, 5000.00,    0.00,    1.59,    0.00, 0
29, 5788, 1, 29, 21.15, 11.88, 56.28,  131.34, 5000.00,    0.00,    1.60,    0.00, 0
29, 5789, 1, 29, 21.17, 11.89, 56.42,  131.34, 5000.00,    0.00,    1.59,    0.00, 0
29, 5790, 1, 29, 21.41, 11.41, 56.68,  131.34, 5000.00,    0.01,    1.57,    0.00, 0
29, 5791, 1, 29, 21.51, 11.44, 57.10,  131.35, 5000.00,    0.01,    1.58,    0.00, 0
29, 5792, 1, 29, 21.54, 11.43, 57.61,  131.35, 5000.00,    0.01,    1.59,    0.00, 0
29, 5793, 1, 29, 21.52, 11.46, 58.33,  131.36, 5000.00,    0.01,    1.61,    0.00, 0
29, 5794, 1, 29, 21.50, 11.47, 59.34,  131.36, 5000.00,    0.01,    1.65,    0.00, 0
29, 5795, 1, 29, 21.43, 11.50, 60.68,  131.38, 5000.00,    0.01,    1.67,    0.00, 0
29, 5796, 1, 29, 21.45, 11.46, 62.57,  131.40, 5000.00,    0.01,    1.69,    0.00, 0
29, 5797, 1, 29, 21.44, 11.49, 64.91,  131.40, 5000.00,    0.01,    1.68,    0.00, 0
29, 5798, 1, 29, 21.25, 11.69, 67.41,  131.38, 5000.00,    0.01,    1.67,    0.00, 0
29, 5799, 1, 29, 21.32, 11.66, 69.90,  131.37, 5000.00,    0.01,    1.66,    0.00, 0
29, 5800, 1, 29, 21.44, 11.66, 71.82,  131.35, 5000.00,    0.01,    1.62,    0.00, 0
29, 5801, 1, 29, 21.54, 11.59, 73.09,  131.33, 5000.00,    0.01,    1.60,    0.00, 0
29, 5802, 1, 29, 21.60, 11.59, 73.97,  131.30, 5000.00,    0.01,    1.58,    0.00, 0
29, 5803, 1, 29, 21.75, 11.54, 74.71,  131.27, 5000.00,    0.01,    1.54,    0.00, 0
29, 5804, 1, 29, 21.65, 11.62, 75.16,  131.23, 5000.00,    0.01,    1.55,    0.00, 0
29, 5805, 1, 29, 21.81, 11.53, 75.63,  131.20, 5000.00,    0.01,    1.51,    0.00, 0
29, 5806, 1, 29, 21.83, 11.55, 75.95,  131.15, 5000.00,    0.01,    1.50,    0.00, 0
29, 5807, 1, 29, 21.91, 11.60, 76.15,  131.08, 5000.00,    0.01,    1.46,    0.00, 0
29, 5808, 1, 29, 21.88, 11.63, 76.24,  131.03, 5000.00,    0.01,    1.46,    0.00, 0
29, 5809, 1, 29, 20.54, 12.80, 56.51,  131.32, 5000.00,    0.00,    1.63,    0.00, 0
29, 5810, 1, 29, 20.72, 12.75, 56.54,  131.33, 5000.00,    0.00,    1.58,    0.00, 0
29, 5811, 1, 29, 20.73, 12.79, 56.65,  131.34, 5000.00,    0.00,    1.57,    0.00, 0
29, 5812, 1, 29, 20.80, 12.49, 57.04,  131.32, 5000.00,    0.00,    1.62,    0.00, 0
29, 5813, 1, 29, 20.94, 12.40, 57.44,  131.34, 5000.00,    0.00,    1.58,    0.00, 0
29, 5814, 1, 29, 20.98, 12.38, 57.94,  131.33, 5000.00,    0.00,    1.59,    0.00, 0
29, 5815, 1, 29, 20.99, 12.41, 58.61,  131.33, 5000.00,    0.00,    1.60,    0.00, 0
29, 5816, 1, 29, 21.01, 12.43, 59.54,  131.34, 5000.00,    0.00,    1.61,    0.00, 0
29, 5817, 1, 29, 20.95, 12.46, 60.86,  131.34, 5000.00,    0.00,    1.62,    0.00, 0
29, 5818, 1, 29, 20.95, 12.44, 62.74,  131.35, 5000.00,    0.00,    1.65,    0.00, 0
29, 5819, 1, 29, 20.94, 12.51, 65.09,  131.35, 5000.00,    0.00,    1.65,    0.00, 0
29, 5820, 1, 29, 20.79, 12.69, 67.83,  131.36, 5000.00,    0.00,    1.62,    0.00, 0
29, 5821, 1, 29, 20.86, 12.62, 70.19,  131.33, 5000.00,    0.01,    1.61,    0.00, 0
29, 5822, 1, 29, 21.00, 12.59, 72.00,  131.30, 5000.00,    0.01,    1.58,    0.00, 0
29, 5823, 1, 29, 21.17, 12.48, 73.25,  131.28, 5000.00,    0.01,    1.54,    0.00, 0
29, 5824, 1, 29, 21.29, 12.47, 74.18,  131.25, 5000.00,    0.01,    1.50,    0.00, 0
29, 5825, 1, 29, 21.31, 12.49, 74.79,  131.22, 5000.00,    0.01,    1.49,    0.00, 0
29, 5826, 1, 29, 21.41, 12.50, 75.41,  131.17, 5000.00,    0.01,    1.45,    0.00, 0
29, 5827, 1, 29, 21.32, 12.53, 75.65,  131.15, 5000.00,    0.01,    1.47,    0.00, 0
29, 5828, 1, 29, 21.36, 12.54, 75.97,  131.09, 5000.00,    0.01,    1.46,    0.00, 0
29, 5829, 1, 29, 21.52, 12.54, 76.20,  131.01, 5000.00,    0.01,    1.38,    0.00, 0
29, 5830, 1, 29, 21.41, 12.57, 76.25,  130.99, 5000.00,    0.01,    1.43,    0.00, 0
29, 5831, 1, 29, 19.69, 14.36, 56.12,  131.32, 5000.00,    0.00,    1.61,    0.00, 0
29, 5832, 1, 29, 19.66, 14.38, 56.22,  131.31, 5000.00,    0.00,    1.61,    0.00, 0
29, 5833, 1, 29, 19.75, 14.35, 56.37,  131.31, 5000.00,    0.00,    1.59,    0.00, 0
29, 5834, 1, 29, 20.00, 14.12, 56.65,  131.32, 5000.00,    0.00,    1.58,    0.00, 0
29, 5835, 1, 29, 20.04, 14.07, 57.05,  131.32, 5000.00,    0.00,    1.58,    0.00, 0
29, 5836, 1, 29, 20.07, 14.06, 57.58,  131.32, 5000.00,    0.00,    1.58,    0.00, 0
29, 5837, 1, 29, 19.98, 14.04, 58.26,  131.31, 5000.00,    0.00,    1.59,    0.00, 0
29, 5838, 1, 29, 20.02, 14.05, 59.19,  131.31, 5000.00,    0.00,    1.59,    0.00, 0
29, 5839, 1, 29, 19.94, 14.11, 60.48,  131.31, 5000.00,    0.00,    1.60,    0.00, 0
29, 5840, 1, 29, 19.93, 14.12, 62.36,  131.31, 5000.00,    0.00,    1.62,    0.00, 0
29, 5841, 1, 29, 19.83, 14.27, 64.79,  131.30, 5000.00,    0.00,    1.63,    0.00, 0
29, 5842, 1, 29, 19.61, 14.42, 67.39,  131.31, 5000.00,    0.00,    1.61,    0.00, 0
29, 5843, 1, 29, 19.88, 14.25, 70.05,  131.29, 5000.00,    0.00,    1.58,    0.00, 0
29, 5844, 1, 29, 20.03, 14.22, 71.87,  131.27, 5000.00,    0.00,    1.55,    0.00, 0
29, 5845, 1, 29, 20.21, 14.10, 73.15,  131.24, 5000.00,    0.01,    1.50,    0.00, 0
29, 5846, 1, 29, 20.31, 14.08, 74.04,  131.21, 5000.00,    0.01,    1.47,    0.00, 0
29, 5847, 1, 29, 20.37, 14.11, 74.74,  131.16, 5000.00,    0.01,    1.44,    0.00, 0
29, 5848, 1, 29, 20.43, 14.11, 75.29,  131.11, 5000.00,    0.01,    1.42,    0.00, 0
29, 5849, 1, 29, 20.46, 14.14, 75.68,  131.07, 5000.00,    0.01,    1.40,    0.00, 0
29, 5850, 1, 29, 20.42, 14.17, 75.87,  131.05, 5000.00,    0.01,    1.40,    0.00, 0
29, 5851, 1, 29, 20.47, 14.26, 76.01,  131.01, 5000.00,    0.01,    1.40,    0.00, 0
29, 5852, 1, 29, 20.37, 14.21, 76.10,  130.99, 5000.00,    0.01,    1.40,    0.00, 0
29, 5853, 1, 29, 17.03, 17.18, 56.02,  131.31, 5000.00,    0.00,    1.68,    0.00, 0
29, 5854, 1, 29, 17.22, 17.10, 56.13,  131.32, 5000.00,    0.00,    1.64,    0.00, 0
29, 5855, 1, 29, 17.55, 16.93, 56.25,  131.34, 5000.00,    0.00,    1.58,    0.00, 0
29, 5856, 1, 29, 17.70, 16.80, 56.54,  131.34, 5000.00,    0.00,    1.58,    0.00, 0
29, 5857, 1, 29, 12.13, 20.96, 57.33,  131.44, 5000.00,    0.01,    1.55,    0.00, 0
29, 5858, 1, 29,  6.93, 23.36, 57.89,  131.45, 5000.00,    0.01,    1.30,    0.00, 0
29, 5859, 1, 29, 17.55, 16.90, 58.17,  131.33, 5000.00,    0.00,    1.59,    0.00, 0
29, 5860, 1, 29, 17.58, 16.92, 59.12,  131.32, 5000.00,    0.00,    1.59,    0.00, 0
29, 5861, 1, 29, 17.52, 16.98, 60.46,  131.32, 5000.00,    0.00,    1.60,    0.00, 0
29, 5862, 1, 29, 11.90, 20.93, 63.21,  131.47, 5000.00,    0.01,    1.59,    0.00, 0
29, 5863, 1, 29, 11.37, 21.22, 65.02,  131.49, 5000.00,    0.01,    1.50,    0.00, 0
29, 5864, 1, 29, 11.38, 21.36, 67.26,  131.49, 5000.00,    0.01,    1.48,    0.00, 0
29, 5865, 1, 29, 11.45, 21.10, 69.09,  131.46, 5000.00,    0.01,    1.50,    0.00, 0
29, 5866, 1, 29, 11.19, 21.33, 71.07,  131.44, 5000.00,    0.01,    1.45,    0.00, 0
29, 5867, 1, 29, 10.66, 21.75, 72.59,  131.41, 5000.00,    0.01,    1.35,    0.00, 0
29, 5868, 1, 29, 10.57, 21.99, 73.67,  131.35, 5000.00,    0.01,    1.28,    0.00, 0
29, 5869, 1, 29,  9.11, 22.90, 74.52,  131.31, 5000.00,    0.02,    1.07,    0.00, 0
29, 5870, 1, 29,  8.67, 23.18, 75.05,  131.27, 5000.00,    0.02,    1.00,    0.00, 0
29, 5871, 1, 29,  6.93, 24.13, 75.58,  131.27, 5000.00,    0.02,    0.74,    0.00, 0
29, 5872, 1, 29,  7.00, 24.14, 75.90,  131.20, 5000.00,    0.02,    0.72,    0.00, 0
29, 5873, 1, 29,  7.27, 23.81, 75.89,  131.21, 5000.00,    0.02,    0.87,    0.00, 0
29, 5874, 1, 29,  8.39, 23.18, 75.97,  131.17, 5000.00,    0.02,    1.00,    0.00, 0
29, 5875, 1, 29, 13.91, 19.79, 55.88,  131.30, 5000.00,    0.00,    1.70,    0.00, 0
29, 5876, 1, 29, 12.22, 20.87, 56.08,  131.30, 5000.00,    0.00,    1.72,    0.00, 0
29, 5877, 1, 29, 12.22, 20.99, 56.25,  131.31, 5000.00,    0.00,    1.68,    0.00, 0
29, 5878, 1, 29, 14.00, 19.77, 56.46,  131.28, 5000.00,    0.00,    1.69,    0.00, 0
29, 5879, 1, 29, 12.24, 21.08, 56.99,  131.33, 5000.00,    0.00,    1.65,    0.00, 0
29, 5880, 1, 29, 11.82, 21.21, 57.54,  131.34, 5000.00,    0.00,    1.62,    0.00, 0
29, 5881, 1, 29, 11.53, 21.38, 58.25,  131.35, 5000.00,    0.00,    1.61,    0.00, 0
29, 5882, 1, 29, 12.08, 21.14, 59.24,  131.33, 5000.00,    0.00,    1.64,    0.00, 0
29, 5883, 1, 29, 11.97, 21.21, 60.61,  131.33, 5000.00,    0.00,    1.63,    0.00, 0
29, 5884, 1, 29, 11.82, 21.24, 62.49,  131.34, 5000.00,    0.00,    1.61,    0.00, 0
29, 5885, 1, 29, 11.35, 21.48, 64.67,  131.34, 5000.00,    0.00,    1.58,    0.00, 0
29, 5886, 1, 29, 11.27, 21.61, 67.35,  131.33, 5000.00,    0.00,    1.56,    0.00, 0
29, 5887, 1, 29, 10.99, 21.76, 69.93,  131.32, 5000.00,    0.00,    1.52,    0.00, 0
29, 5888, 1, 29, 10.54, 22.13, 71.85,  131.30, 5000.00,    0.01,    1.46,    0.00, 0
29, 5889, 1, 29, 10.51, 22.10, 73.08,  131.26, 5000.00,    0.01,    1.42,    0.00, 0
29, 5890, 1, 29, 10.23, 22.36, 74.02,  131.21, 5000.00,    0.01,    1.36,    0.00, 0
29, 5891, 1, 29,  9.50, 22.81, 74.75,  131.17, 5000.00,    0.01,    1.26,    0.00, 0
29, 5892, 1, 29,  9.11, 23.05, 75.32,  131.11, 5000.00,    0.01,    1.20,    0.00, 0
29, 5893, 1, 29,  8.97, 23.15, 75.74,  131.07, 5000.00,    0.01,    1.17,    0.00, 0
29, 5894, 1, 29,  8.96, 23.09, 75.92,  131.06, 5000.00,    0.01,    1.18,    0.00, 0
29, 5895, 1, 29,  9.32, 22.96, 76.09,  131.01, 5000.00,    0.01,    1.20,    0.00, 0
29, 5896, 1, 29, 10.21, 22.50, 76.16,  130.98, 5000.00,    0.01,    1.30,    0.00, 0
29, 5897, 1, 29,  7.44, 22.36, 56.23,  131.39, 5000.00,    0.00,    1.62,    0.00, 0
29, 5898, 1, 29,  7.63, 22.18, 56.38,  131.39, 5000.00,    0.00,    1.65,    0.00, 0
29, 5899, 1, 29,  7.52, 22.27, 56.51,  131.37, 5000.00,    0.00,    1.63,    0.00, 0
29, 5900, 1, 29,  7.30, 22.49, 56.78,  131.37, 5000.00,    0.00,    1.59,    0.00, 0
29, 5901, 1, 29,  7.38, 22.47, 57.19,  131.36, 5000.00,    0.00,    1.60,    0.00, 0
29, 5902, 1, 29,  7.43, 22.60, 57.72,  131.35, 5000.00,    0.00,    1.60,    0.00, 0
29, 5903, 1, 29,  7.23, 22.73, 58.39,  131.35, 5000.00,    0.00,    1.59,    0.00, 0
29, 5904, 1, 29,  8.07, 22.40, 59.45,  131.36, 5000.00,    0.00,    1.64,    0.00, 0
29, 5905, 1, 29,  7.90, 22.65, 60.83,  131.33, 5000.00,    0.00,    1.65,    0.00, 0
29, 5906, 1, 29,  8.17, 22.81, 62.68,  131.33, 5000.00,    0.00,    1.65,    0.00, 0
29, 5907, 1, 29,  7.33, 23.30, 64.86,  131.32, 5000.00,    0.00,    1.62,    0.00, 0
29, 5908, 1, 29,  7.41, 23.34, 67.52,  131.32, 5000.00,    0.00,    1.61,    0.00, 0
29, 5909, 1, 29,  7.14, 23.42, 70.13,  131.31, 5000.00,    0.00,    1.56,    0.00, 0
29, 5910, 1, 29,  6.86, 23.62, 72.04,  131.29, 5000.00,    0.00,    1.49,    0.00, 0
29, 5911, 1, 29,  6.86, 23.80, 73.32,  131.25, 5000.00,    0.01,    1.42,    0.00, 0
29, 5912, 1, 29,  6.70, 23.87, 74.22,  131.21, 5000.00,    0.01,    1.37,    0.00, 0
29, 5913, 1, 29,  6.50, 24.04, 74.91,  131.16, 5000.00,    0.01,    1.35,    0.00, 0
29, 5914, 1, 29,  6.53, 24.12, 75.43,  131.10, 5000.00,    0.01,    1.32,    0.00, 0
29, 5915, 1, 29,  6.58, 24.16, 75.82,  131.04, 5000.00,    0.01,    1.31,    0.00, 0
29, 5916, 1, 29,  6.79, 24.00, 75.94,  131.03, 5000.00,    0.01,    1.37,    0.00, 0
29, 5917, 1, 29,  6.72, 24.01, 76.10,  130.99, 5000.00,    0.01,    1.35,    0.00, 0
29, 5918, 1, 29,  6.70, 23.96, 76.19,  130.97, 5000.00,    0.01,    1.36,    0.00, 0
29, 5919, 1, 29,  5.11, 22.41, 56.74,  131.39, 5000.00,    0.00,    1.57,    0.00, 0
29, 5920, 1, 29,  5.01, 22.48, 56.82,  131.38, 5000.00,    0.00,    1.55,    0.00, 0
29, 5921, 1, 29,  4.99, 22.49, 56.96,  131.38, 5000.00,    0.00,    1.56,    0.00, 0
29, 5922, 1, 29,  4.97, 22.48, 57.28,  131.38, 5000.00,    0.00,    1.56,    0.00, 0
29, 5923, 1, 29,  5.06, 22.47, 57.72,  131.37, 5000.00,    0.00,    1.57,    0.00, 0
29, 5924, 1, 29,  5.01, 22.56, 58.18,  131.36, 5000.00,    0.00,    1.56,    0.00, 0
29, 5925, 1, 29,  4.75, 22.68, 58.84,  131.36, 5000.00,    0.00,    1.55,    0.00, 0
29, 5926, 1, 29,  4.94, 22.85, 59.70,  131.35, 5000.00,    0.00,    1.56,    0.00, 0
29, 5927, 1, 29,  4.96, 22.93, 60.95,  131.36, 5000.00,    0.00,    1.56,    0.00, 0
29, 5928, 1, 29,  5.29, 22.98, 62.85,  131.37, 5000.00,    0.00,    1.57,    0.00, 0
29, 5929, 1, 29,  4.59, 23.30, 64.98,  131.36, 5000.00,    0.00,    1.58,    0.00, 0
29, 5930, 1, 29,  4.83, 23.56, 67.55,  131.33, 5000.00,    0.00,    1.61,    0.00, 0
29, 5931, 1, 29,  4.66, 24.04, 70.33,  131.31, 5000.00,    0.00,    1.57,    0.00, 0
29, 5932, 1, 29,  4.47, 24.18, 72.15,  131.27, 5000.00,    0.00,    1.54,    0.00, 0
29, 5933, 1, 29,  4.60, 24.23, 73.40,  131.22, 5000.00,    0.01,    1.48,    0.00, 0
29, 5934, 1, 29,  4.51, 24.35, 74.24,  131.18, 5000.00,    0.01,    1.45,    0.00, 0
29, 5935, 1, 29,  4.18, 24.41, 74.93,  131.14, 5000.00,    0.01,    1.42,    0.00, 0
29, 5936, 1, 29,  4.14, 24.49, 75.47,  131.09, 5000.00,    0.01,    1.40,    0.00, 0
29, 5937, 1, 29,  4.12, 24.55, 75.87,  131.04, 5000.00,    0.01,    1.39,    0.00, 0
29, 5938, 1, 29,  4.10, 24.61, 76.14,  131.00, 5000.00,    0.01,    1.36,    0.00, 0
29, 5939, 1, 29,  4.12, 24.62, 76.25,  130.96, 5000.00,    0.01,    1.35,    0.00, 0
29, 5940, 1, 29,  4.26, 24.49, 76.26,  130.94, 5000.00,    0.01,    1.39,    0.00, 0
29, 5941, 1, 29,  3.62, 22.47, 57.23,  131.37, 5000.00,    0.00,    1.55,    0.00, 0
29, 5942, 1, 29,  3.55, 22.51, 57.34,  131.37, 5000.00,    0.00,    1.55,    0.00, 0
29, 5943, 1, 29,  3.55, 22.49, 57.49,  131.38, 5000.00,    0.00,    1.55,    0.00, 0
29, 5944, 1, 29,  3.42, 22.56, 57.81,  131.37, 5000.00,    0.00,    1.56,    0.00, 0
29, 5945, 1, 29,  3.53, 22.54, 58.21,  131.37, 5000.00,    0.00,    1.56,    0.00, 0
29, 5946, 1, 29,  3.54, 22.60, 58.72,  131.36, 5000.00,    0.00,    1.55,    0.00, 0
29, 5947, 1, 29,  3.16, 22.72, 59.37,  131.37, 5000.00,    0.00,    1.56,    0.00, 0
29, 5948, 1, 29,  3.36, 22.81, 60.17,  131.37, 5000.00,    0.00,    1.55,    0.00, 0
29, 5949, 1, 29,  3.36, 22.91, 61.35,  131.38, 5000.00,    0.00,    1.56,    0.00, 0
29, 5950, 1, 29,  3.68, 23.01, 63.11,  131.39, 5000.00,    0.00,    1.56,    0.00, 0
29, 5951, 1, 29,  2.94, 23.27, 65.24,  131.40, 5000.00,    0.00,    1.59,    0.00, 0
29, 5952, 1, 29,  3.16, 23.60, 67.71,  131.38, 5000.00,    0.00,    1.62,    0.00, 0
29, 5953, 1, 29,  3.00, 23.94, 70.44,  131.35, 5000.00,    0.00,    1.59,    0.00, 0
29, 5954, 1, 29,  2.82, 24.22, 72.28,  131.33, 5000.00,    0.00,    1.56,    0.00, 0
29, 5955, 1, 29,  3.03, 24.40, 73.47,  131.28, 5000.00,    0.01,    1.51,    0.00, 0
29, 5956, 1, 29,  2.95, 24.55, 74.31,  131.27, 5000.00,    0.01,    1.48,    0.00, 0
29, 5957, 1, 29,  2.60, 24.58, 74.97,  131.24, 5000.00,    0.01,    1.45,    0.00, 0
29, 5958, 1, 29,  2.55, 24.71, 75.51,  131.20, 5000.00,    0.01,    1.42,    0.00, 0
29, 5959, 1, 29,  2.53, 24.79, 75.88,  131.17, 5000.00,    0.01,    1.40,    0.00, 0
29, 5960, 1, 29,  2.56, 24.73, 76.09,  131.16, 5000.00,    0.01,    1.42,    0.00, 0
29, 5961, 1, 29,  2.47, 24.87, 76.25,  131.14, 5000.00,    0.01,    1.39,    0.00, 0
29, 5962, 1, 29,  2.81, 24.24, 76.11,  131.05, 5000.00,    0.01,    1.59,    0.00, 0
29, 5963, 1, 29,  2.80, 22.41, 57.38,  131.38, 5000.00,    0.00,    1.55,    0.00, 0
29, 5964, 1, 29,  2.75, 22.40, 57.50,  131.39, 5000.00,    0.00,    1.56,    0.00, 0
29, 5965, 1, 29,  2.75, 22.40, 57.67,  131.39, 5000.00,    0.00,    1.56,    0.00, 0
29, 5966, 1, 29,  2.57, 22.44, 58.01,  131.39, 5000.00,    0.01,    1.56,    0.00, 0
29, 5967, 1, 29,  2.68, 22.63, 58.41,  131.39, 5000.00,    0.00,    1.58,    0.00, 0
29, 5968, 1, 29,  2.64, 22.60, 58.84,  131.41, 5000.00,    0.01,    1.54,    0.00, 0
29, 5969, 1, 29,  2.29, 22.60, 59.59,  131.42, 5000.00,    0.01,    1.57,    0.00, 0
29, 5970, 1, 29,  2.52, 22.80, 60.43,  131.40, 5000.00,    0.00,    1.56,    0.00, 0
29, 5971, 1, 29,  2.50, 22.94, 61.47,  131.42, 5000.00,    0.01,    1.57,    0.00, 0
29, 5972, 1, 29,  2.82, 23.05, 63.41,  131.42, 5000.00,    0.00,    1.58,    0.00, 0
29, 5973, 1, 29,  2.00, 23.29, 65.42,  131.46, 5000.00,    0.01,    1.62,    0.00, 0
29, 5974, 1, 29,  2.22, 23.52, 67.89,  131.43, 5000.00,    0.01,    1.63,    0.00, 0
29, 5975, 1, 29,  2.09, 23.82, 70.48,  131.41, 5000.00,    0.01,    1.64,    0.00, 0
29, 5976, 1, 29,  1.94, 24.08, 72.37,  131.39, 5000.00,    0.01,    1.60,    0.00, 0
29, 5977, 1, 29,  2.23, 24.16, 73.44,  131.32, 5000.00,    0.01,    1.60,    0.00, 0
29, 5978, 1, 29,  2.07, 24.40, 74.42,  131.30, 5000.00,    0.01,    1.54,    0.00, 0
29, 5979, 1, 29,  1.73, 24.61, 75.05,  131.30, 5000.00,    0.01,    1.53,    0.00, 0
29, 5980, 1, 29,  1.78, 24.46, 75.51,  131.25, 5000.00,    0.01,    1.56,    0.00, 0
29, 5981, 1, 29,  1.63, 24.73, 76.03,  131.22, 5000.00,    0.01,    1.46,    0.00, 0
29, 5982, 1, 29,  1.61, 24.73, 76.30,  131.17, 5000.00,    0.01,    1.46,    0.00, 0
29, 5983, 1, 29,  1.58, 24.82, 76.51,  131.12, 5000.00,    0.01,    1.42,    0.00, 0
29, 5984, 1, 29,  1.62, 24.72, 76.51,  131.12, 5000.00,    0.01,    1.47,    0.00, 0
29, 5985, 1, 29,  2.41, 22.46, 57.42,  131.40, 5000.00,    0.01,    1.57,    0.00, 0
29, 5986, 1, 29,  2.37, 22.35, 57.56,  131.40, 5000.00,    0.01,    1.57,    0.00, 0
29, 5987, 1, 29,  2.36, 22.29, 57.78,  131.40, 5000.00,    0.01,    1.58,    0.00, 0
29, 5988, 1, 29,  2.18, 22.44, 58.00,  131.42, 5000.00,    0.01,    1.57,    0.00, 0
29, 5989, 1, 29,  2.26, 22.42, 58.45,  131.42, 5000.00,    0.01,    1.58,    0.00, 0
29, 5990, 1, 29,  2.27, 22.37, 59.17,  131.41, 5000.00,    0.01,    1.61,    0.00, 0
29, 5991, 1, 29,  1.99, 22.15, 60.42,  131.55, 5000.00,    0.01,    1.76,    0.00, 0
29, 5992, 1, 29,  2.12, 22.76, 60.48,  131.43, 5000.00,    0.01,    1.58,    0.00, 0
29, 5993, 1, 29,  2.10, 22.90, 61.46,  131.44, 5000.00,    0.01,    1.58,    0.00, 0
29, 5994, 1, 29,  2.39, 23.00, 63.48,  131.45, 5000.00,    0.01,    1.60,    0.00, 0
29, 5995, 1, 29,  1.53, 23.23, 65.53,  131.56, 5000.00,    0.01,    1.64,    0.00, 0
29, 5996, 1, 29,  1.80, 23.52, 67.97,  131.46, 5000.00,    0.01,    1.64,    0.00, 0
29, 5997, 1, 29,  1.67, 23.79, 70.43,  131.45, 5000.00,    0.01,    1.66,    0.00, 0
29, 5998, 1, 29,  1.52, 24.07, 72.36,  131.44, 5000.00,    0.01,    1.61,    0.00, 0
29, 5999, 1, 29,  1.76, 24.24, 73.56,  131.37, 5000.00,    0.01,    1.58,    0.00, 0
29, 6000, 1, 29,  1.71, 24.34, 74.40,  131.35, 5000.00,    0.01,    1.58,    0.00, 0
29, 6001, 1, 29,  1.35, 24.43, 75.05,  131.37, 5000.00,    0.01,    1.58,    0.00, 0
29, 6002, 1, 29,  1.32, 24.46, 75.49,  131.35, 5000.00,    0.01,    1.58,    0.00, 0
29, 6003, 1, 29,  1.31, 24.50, 75.85,  131.31, 5000.00,    0.01,    1.58,    0.00, 0
29, 6004, 1, 29,  1.30, 24.55, 76.20,  131.28, 5000.00,    0.01,    1.56,    0.00, 0
29, 6005, 1, 29,  1.29, 24.53, 76.32,  131.25, 5000.00,    0.01,    1.56,    0.00, 0
29, 6006, 1, 29,  1.27, 24.59, 76.46,  131.22, 5000.00,    0.01,    1.54,    0.00, 0
29, 6007, 1, 29, 22.34, 11.45, 56.26,  131.30, 5000.00,    0.01,    1.69,    0.00, 0
29, 6008, 1, 29, 22.38, 11.47, 56.39,  131.31, 5000.00,    0.01,    1.67,    0.00, 0
29, 6009, 1, 29, 22.49, 11.49, 56.48,  131.33, 5000.00,    0.01,    1.63,    0.00, 0
29, 6010, 1, 29, 22.81, 11.02, 56.69,  131.40, 5000.00,    0.01,    1.63,    0.00, 0
29, 6011, 1, 29, 22.84, 10.98, 57.05,  131.40, 5000.00,    0.01,    1.62,    0.00, 0
29, 6012, 1, 29, 22.85, 10.94, 57.61,  131.41, 5000.00,    0.01,    1.65,    0.00, 0
29, 6013, 1, 29, 22.95, 10.97, 58.34,  131.42, 5000.00,    0.01,    1.68,    0.00, 0
29, 6014, 1, 29, 22.95, 10.97, 59.29,  131.43, 5000.00,    0.01,    1.71,    0.00, 0
29, 6015, 1, 29, 22.90, 10.96, 60.58,  131.44, 5000.00,    0.01,    1.73,    0.00, 0
29, 6016, 1, 29, 22.88, 10.91, 62.45,  131.45, 5000.00,    0.01,    1.76,    0.00, 0
29, 6017, 1, 29, 22.76, 10.84, 65.06,  131.44, 5000.00,    0.01,    1.77,    0.00, 0
29, 6018, 1, 29, 22.73, 10.79, 66.40,  131.45, 5000.00,    0.01,    1.78,    0.00, 0
29, 6019, 1, 29, 22.80, 11.13, 70.15,  131.42, 5000.00,    0.01,    1.71,    0.00, 0
29, 6020, 1, 29, 22.91, 11.14, 71.95,  131.41, 5000.00,    0.01,    1.68,    0.00, 0
29, 6021, 1, 29, 22.99, 11.11, 73.16,  131.40, 5000.00,    0.01,    1.64,    0.00, 0
29, 6022, 1, 29, 23.06, 11.12, 74.04,  131.38, 5000.00,    0.01,    1.62,    0.00, 0
29, 6023, 1, 29, 23.12, 11.11, 74.71,  131.36, 5000.00,    0.01,    1.60,    0.00, 0
29, 6024, 1, 29, 23.13, 11.13, 75.19,  131.33, 5000.00,    0.01,    1.59,    0.00, 0
29, 6025, 1, 29, 23.15, 11.13, 75.57,  131.32, 5000.00,    0.01,    1.58,    0.00, 0
29, 6026, 1, 29, 23.15, 11.12, 75.84,  131.30, 5000.00,    0.01,    1.59,    0.00, 0
29, 6027, 1, 29, 22.84, 11.07, 75.95,  131.19, 5000.00,    0.01,    1.70,    0.00, 0
29, 6028, 1, 29, 23.02, 11.09, 76.09,  131.23, 5000.00,    0.01,    1.63,    0.00, 0
29, 6029, 1, 29, 22.19, 11.68, 56.24,  131.28, 5000.00,    0.01,    1.70,    0.00, 0
29, 6030, 1, 29, 22.26, 11.70, 56.37,  131.29, 5000.00,    0.01,    1.67,    0.00, 0
29, 6031, 1, 29, 22.23, 11.72, 56.65,  131.30, 5000.00,    0.01,    1.67,    0.00, 0
29, 6032, 1, 29, 22.71, 11.24, 56.69,  131.37, 5000.00,    0.01,    1.61,    0.00, 0
29, 6033, 1, 29, 22.71, 11.20, 57.09,  131.37, 5000.00,    0.01,    1.62,    0.00, 0
29, 6034, 1, 29, 22.84, 11.23, 57.63,  131.38, 5000.00,    0.01,    1.64,    0.00, 0
29, 6035, 1, 29, 22.86, 11.21, 58.32,  131.39, 5000.00,    0.01,    1.66,    0.00, 0
29, 6036, 1, 29, 22.86, 11.21, 59.28,  131.40, 5000.00,    0.01,    1.69,    0.00, 0
29, 6037, 1, 29, 22.80, 11.21, 60.58,  131.41, 5000.00,    0.01,    1.71,    0.00, 0
29, 6038, 1, 29, 22.80, 11.16, 62.45,  131.42, 5000.00,    0.01,    1.74,    0.00, 0
29, 6039, 1, 29, 22.78, 11.15, 64.97,  131.42, 5000.00,    0.01,    1.76,    0.00, 0
29, 6040, 1, 29, 22.69, 11.04, 67.16,  131.40, 5000.00,    0.01,    1.75,    0.00, 0
29, 6041, 1, 29, 22.71, 11.38, 70.15,  131.39, 5000.00,    0.01,    1.69,    0.00, 0
29, 6042, 1, 29, 22.82, 11.39, 71.95,  131.38, 5000.00,    0.01,    1.66,    0.00, 0
29, 6043, 1, 29, 22.90, 11.35, 73.17,  131.37, 5000.00,    0.01,    1.63,    0.00, 0
29, 6044, 1, 29, 23.01, 11.34, 74.06,  131.36, 5000.00,    0.01,    1.59,    0.00, 0
29, 6045, 1, 29, 23.07, 11.34, 74.72,  131.34, 5000.00,    0.01,    1.57,    0.00, 0
29, 6046, 1, 29, 23.13, 11.36, 75.29,  131.32, 5000.00,    0.01,    1.54,    0.00, 0
29, 6047, 1, 29, 23.14, 11.35, 75.63,  131.31, 5000.00,    0.01,    1.55,    0.00, 0
29, 6048, 1, 29, 23.17, 11.35, 75.94,  131.29, 5000.00,    0.01,    1.53,    0.00, 0
29, 6049, 1, 29, 22.73, 11.32, 75.95,  131.17, 5000.00,    0.01,    1.69,    0.00, 0
29, 6050, 1, 29, 23.19, 11.36, 76.24,  131.19, 5000.00,    0.01,    1.51,    0.00, 0
29, 6051, 1, 29, 22.22, 12.02, 56.19,  131.31, 5000.00,    0.01,    1.64,    0.00, 0
29, 6052, 1, 29, 22.29, 12.02, 56.29,  131.32, 5000.00,    0.01,    1.61,    0.00, 0
29, 6053, 1, 29, 22.36, 12.01, 56.37,  131.32, 5000.00,    0.01,    1.59,    0.00, 0
29, 6054, 1, 29, 22.53, 11.59, 56.74,  131.33, 5000.00,    0.01,    1.62,    0.00, 0
29, 6055, 1, 29, 22.56, 11.56, 57.14,  131.34, 5000.00,    0.01,    1.63,    0.00, 0
29, 6056, 1, 29, 22.60, 11.53, 57.64,  131.34, 5000.00,    0.01,    1.63,    0.00, 0
29, 6057, 1, 29, 22.73, 11.58, 58.31,  131.35, 5000.00,    0.01,    1.65,    0.00, 0
29, 6058, 1, 29, 22.76, 11.61, 59.22,  131.37, 5000.00,    0.01,    1.66,    0.00, 0
29, 6059, 1, 29, 22.71, 11.61, 60.49,  131.38, 5000.00,    0.01,    1.67,    0.00, 0
29, 6060, 1, 29, 22.70, 11.57, 62.33,  131.39, 5000.00,    0.01,    1.70,    0.00, 0
29, 6061, 1, 29, 22.68, 11.58, 65.06,  131.39, 5000.00,    0.01,    1.71,    0.00, 0
29, 6062, 1, 29, 22.55, 11.46, 67.00,  131.37, 5000.00,    0.01,    1.73,    0.00, 0
29, 6063, 1, 29, 22.57, 11.77, 70.15,  131.37, 5000.00,    0.01,    1.67,    0.00, 0
29, 6064, 1, 29, 22.67, 11.77, 71.95,  131.35, 5000.00,    0.01,    1.64,    0.00, 0
29, 6065, 1, 29, 22.74, 11.71, 73.17,  131.34, 5000.00,    0.01,    1.62,    0.00, 0
29, 6066, 1, 29, 22.82, 11.69, 74.05,  131.31, 5000.00,    0.01,    1.59,    0.00, 0
29, 6067, 1, 29, 22.95, 11.67, 74.76,  131.31, 5000.00,    0.01,    1.54,    0.00, 0
29, 6068, 1, 29, 23.02, 11.68, 75.34,  131.28, 5000.00,    0.01,    1.52,    0.00, 0
29, 6069, 1, 29, 22.97, 11.67, 75.63,  131.27, 5000.00,    0.01,    1.53,    0.00, 0
29, 6070, 1, 29, 23.01, 11.67, 75.96,  131.24, 5000.00,    0.01,    1.52,    0.00, 0
29, 6071, 1, 29, 22.93, 11.68, 76.09,  131.18, 5000.00,    0.01,    1.55,    0.00, 0
29, 6072, 1, 29, 23.05, 11.71, 76.24,  131.12, 5000.00,    0.01,    1.48,    0.00, 0
29, 6073, 1, 29, 21.94, 12.51, 56.11,  131.31, 5000.00,    0.00,    1.61,    0.00, 0
29, 6074, 1, 29, 22.03, 12.60, 56.24,  131.30, 5000.00,    0.00,    1.61,    0.00, 0
29, 6075, 1, 29, 22.04, 12.60, 56.39,  131.31, 5000.00,    0.00,    1.61,    0.00, 0
29, 6076, 1, 29, 22.28, 12.09, 56.66,  131.32, 5000.00,    0.01,    1.59,    0.00, 0
29, 6077, 1, 29, 22.39, 12.14, 57.06,  131.32, 5000.00,    0.01,    1.60,    0.00, 0
29, 6078, 1, 29, 22.43, 12.12, 57.57,  131.32, 5000.00,    0.01,    1.61,    0.00, 0
29, 6079, 1, 29, 22.43, 12.15, 58.27,  131.33, 5000.00,    0.01,    1.62,    0.00, 0
29, 6080, 1, 29, 22.42, 12.16, 59.23,  131.33, 5000.00,    0.01,    1.65,    0.00, 0
29, 6081, 1, 29, 22.36, 12.19, 60.54,  131.33, 5000.00,    0.01,    1.67,    0.00, 0
29, 6082, 1, 29, 22.37, 12.16, 62.39,  131.34, 5000.00,    0.01,    1.69,    0.00, 0
29, 6083, 1, 29, 22.35, 12.19, 65.02,  131.35, 5000.00,    0.01,    1.70,    0.00, 0
29, 6084, 1, 29, 22.35, 12.06, 67.80,  131.35, 5000.00,    0.01,    1.68,    0.00, 0
29, 6085, 1, 29, 22.26, 12.35, 70.15,  131.32, 5000.00,    0.01,    1.66,    0.00, 0
29, 6086, 1, 29, 22.38, 12.34, 71.96,  131.31, 5000.00,    0.01,    1.63,    0.00, 0
29, 6087, 1, 29, 22.47, 12.27, 73.17,  131.29, 5000.00,    0.01,    1.60,    0.00, 0
29, 6088, 1, 29, 22.52, 12.27, 74.05,  131.27, 5000.00,    0.01,    1.58,    0.00, 0
29, 6089, 1, 29, 22.62, 12.23, 74.72,  131.25, 5000.00,    0.01,    1.55,    0.00, 0
29, 6090, 1, 29, 22.70, 12.22, 75.34,  131.21, 5000.00,    0.01,    1.52,    0.00, 0
29, 6091, 1, 29, 22.67, 12.22, 75.64,  131.18, 5000.00,    0.01,    1.52,    0.00, 0
29, 6092, 1, 29, 22.60, 12.33, 75.93,  131.13, 5000.00,    0.01,    1.54,    0.00, 0
29, 6093, 1, 29, 22.75, 12.29, 76.16,  131.07, 5000.00,    0.01,    1.48,    0.00, 0
29, 6094, 1, 29, 22.72, 12.33, 76.25,  131.03, 5000.00,    0.01,    1.48,    0.00, 0
29, 6095, 1, 29, 21.22, 13.65, 56.29,  131.31, 5000.00,    0.00,    1.71,    0.00, 0
29, 6096, 1, 29, 21.51, 13.47, 56.35,  131.29, 5000.00,    0.00,    1.61,    0.00, 0
29, 6097, 1, 29, 21.56, 13.46, 56.50,  131.31, 5000.00,    0.00,    1.59,    0.00, 0
29, 6098, 1, 29, 21.74, 13.12, 56.77,  131.29, 5000.00,    0.00,    1.62,    0.00, 0
29, 6099, 1, 29, 21.76, 13.11, 57.21,  131.29, 5000.00,    0.00,    1.62,    0.00, 0
29, 6100, 1, 29, 21.87, 13.07, 57.70,  131.30, 5000.00,    0.00,    1.60,    0.00, 0
29, 6101, 1, 29, 21.90, 13.10, 58.37,  131.30, 5000.00,    0.00,    1.60,    0.00, 0
29, 6102, 1, 29, 21.92, 13.12, 59.29,  131.30, 5000.00,    0.00,    1.62,    0.00, 0
29, 6103, 1, 29, 21.87, 13.15, 60.55,  131.30, 5000.00,    0.00,    1.63,    0.00, 0
29, 6104, 1, 29, 21.87, 13.14, 62.39,  131.31, 5000.00,    0.00,    1.65,    0.00, 0
29, 6105, 1, 29, 21.83, 13.22, 65.19,  131.30, 5000.00,    0.00,    1.67,    0.00, 0
29, 6106, 1, 29, 21.81, 13.07, 67.82,  131.29, 5000.00,    0.01,    1.66,    0.00, 0
29, 6107, 1, 29, 21.80, 13.31, 70.31,  131.29, 5000.00,    0.00,    1.61,    0.00, 0
29, 6108, 1, 29, 21.97, 13.25, 72.08,  131.28, 5000.00,    0.01,    1.57,    0.00, 0
29, 6109, 1, 29, 22.09, 13.17, 73.31,  131.26, 5000.00,    0.01,    1.54,    0.00, 0
29, 6110, 1, 29, 22.19, 13.16, 74.22,  131.24, 5000.00,    0.01,    1.50,    0.00, 0
29, 6111, 1, 29, 22.19, 13.18, 74.82,  131.21, 5000.00,    0.01,    1.49,    0.00, 0
29, 6112, 1, 29, 22.29, 13.20, 75.42,  131.16, 5000.00,    0.01,    1.46,    0.00, 0
29, 6113, 1, 29, 22.21, 13.23, 75.67,  131.14, 5000.00,    0.01,    1.49,    0.00, 0
29, 6114, 1, 29, 22.22, 13.24, 75.98,  131.09, 5000.00,    0.01,    1.47,    0.00, 0
29, 6115, 1, 29, 22.37, 13.23, 76.20,  131.01, 5000.00,    0.01,    1.39,    0.00, 0
29, 6116, 1, 29, 22.24, 13.28, 76.26,  130.98, 5000.00,    0.01,    1.44,    0.00, 0
29, 6117, 1, 29,  5.96, 24.22, 56.54,  131.28, 5000.00,    0.01,    1.66,    0.00, 0
29, 6118, 1, 29,  5.91, 24.27, 56.68,  131.28, 5000.00,    0.01,    1.64,    0.00, 0
29, 6119, 1, 29,  5.52, 24.47, 56.85,  131.27, 5000.00,    0.01,    1.61,    0.00, 0
29, 6120, 1, 29, 20.89, 14.80, 56.62,  131.31, 5000.00,    0.00,    1.58,    0.00, 0
29, 6121, 1, 29, 20.89, 14.79, 57.01,  131.30, 5000.00,    0.00,    1.58,    0.00, 0
29, 6122, 1, 29, 20.93, 14.79, 57.53,  131.29, 5000.00,    0.00,    1.59,    0.00, 0
29, 6123, 1, 29, 20.83, 14.78, 58.21,  131.29, 5000.00,    0.00,    1.59,    0.00, 0
29, 6124, 1, 29, 20.87, 14.78, 59.13,  131.28, 5000.00,    0.00,    1.60,    0.00, 0
29, 6125, 1, 29, 20.82, 14.81, 60.42,  131.28, 5000.00,    0.00,    1.61,    0.00, 0
29, 6126, 1, 29, 20.89, 14.76, 62.25,  131.28, 5000.00,    0.00,    1.62,    0.00, 0
29, 6127, 1, 29, 20.80, 14.90, 64.95,  131.27, 5000.00,    0.00,    1.62,    0.00, 0
29, 6128, 1, 29, 20.78, 14.82, 67.79,  131.27, 5000.00,    0.00,    1.61,    0.00, 0
29, 6129, 1, 29, 20.78, 14.96, 70.20,  131.26, 5000.00,    0.00,    1.58,    0.00, 0
29, 6130, 1, 29, 20.93, 14.92, 71.98,  131.25, 5000.00,    0.00,    1.54,    0.00, 0
29, 6131, 1, 29, 21.08, 14.80, 73.21,  131.22, 5000.00,    0.01,    1.50,    0.00, 0
29, 6132, 1, 29, 21.16, 14.78, 74.08,  131.19, 5000.00,    0.01,    1.48,    0.00, 0
29, 6133, 1, 29,  8.20, 23.90, 74.00,  131.30, 5000.00,    0.03,    1.39,    0.00, 0
29, 6134, 1, 29,  5.87, 25.09, 74.84,  131.40, 5000.00,    0.03,    1.00,    0.00, 0
29, 6135, 1, 29,  6.01, 25.07, 75.24,  131.35, 5000.00,    0.03,    1.00,    0.00, 0
29, 6136, 1, 29,  6.25, 25.19, 75.72,  131.28, 5000.00,    0.03,    0.96,    0.00, 0
29, 6137, 1, 29,  6.37, 25.17, 75.92,  131.24, 5000.00,    0.03,    0.99,    0.00, 0
29, 6138, 1, 29,  6.97, 24.62, 75.91,  131.18, 5000.00,    0.03,    1.15,    0.00, 0
29, 6139, 1, 29,  6.98, 24.16, 56.51,  131.39, 5000.00,    0.01,    1.39,    0.00, 0
29, 6140, 1, 29,  6.83, 24.26, 56.63,  131.40, 5000.00,    0.01,    1.37,    0.00, 0
29, 6141, 1, 29,  6.53, 24.43, 56.74,  131.41, 5000.00,    0.01,    1.35,    0.00, 0
29, 6142, 1, 29,  6.60, 24.40, 57.01,  131.40, 5000.00,    0.01,    1.36,    0.00, 0
29, 6143, 1, 29,  6.77, 24.35, 57.38,  131.40, 5000.00,    0.01,    1.35,    0.00, 0
29, 6144, 1, 29,  6.82, 24.37, 57.85,  131.39, 5000.00,    0.01,    1.33,    0.00, 0
29, 6145, 1, 29,  6.93, 24.30, 58.54,  131.39, 5000.00,    0.01,    1.31,    0.00, 0
29, 6146, 1, 29, 18.52, 17.55, 59.06,  131.30, 5000.00,    0.00,    1.58,    0.00, 0
29, 6147, 1, 29, 18.45, 17.63, 60.38,  131.29, 5000.00,    0.00,    1.60,    0.00, 0
29, 6148, 1, 29, 11.93, 22.17, 63.21,  131.45, 5000.00,    0.01,    1.57,    0.00, 0
29, 6149, 1, 29, 11.20, 22.52, 65.10,  131.47, 5000.00,    0.01,    1.46,    0.00, 0
29, 6150, 1, 29, 11.29, 22.61, 67.29,  131.46, 5000.00,    0.01,    1.46,    0.00, 0
29, 6151, 1, 29, 11.17, 22.47, 69.20,  131.44, 5000.00,    0.01,    1.44,    0.00, 0
29, 6152, 1, 29, 11.10, 22.62, 71.17,  131.42, 5000.00,    0.01,    1.41,    0.00, 0
29, 6153, 1, 29, 11.14, 22.71, 72.57,  131.39, 5000.00,    0.01,    1.37,    0.00, 0
29, 6154, 1, 29, 11.76, 22.60, 73.65,  131.33, 5000.00,    0.01,    1.37,    0.00, 0
29, 6155, 1, 29, 10.74, 23.23, 74.44,  131.30, 5000.00,    0.02,    1.22,    0.00, 0
29, 6156, 1, 29,  9.65, 23.86, 75.05,  131.26, 5000.00,    0.02,    1.06,    0.00, 0
29, 6157, 1, 29,  9.25, 24.11, 75.45,  131.22, 5000.00,    0.02,    1.00,    0.00, 0
29, 6158, 1, 29,  7.74, 24.86, 75.89,  131.15, 5000.00,    0.02,    0.80,    0.00, 0
29, 6159, 1, 29,  7.86, 24.62, 75.90,  131.19, 5000.00,    0.02,    0.92,    0.00, 0
29, 6160, 1, 29,  8.11, 24.35, 75.95,  131.19, 5000.00,    0.02,    1.00,    0.00, 0
29, 6161, 1, 29,  8.20, 23.94, 56.29,  131.29, 5000.00,    0.00,    1.59,    0.00, 0
29, 6162, 1, 29,  8.30, 23.90, 56.40,  131.29, 5000.00,    0.00,    1.58,    0.00, 0
29, 6163, 1, 29,  8.31, 23.95, 56.60,  131.29, 5000.00,    0.00,    1.56,    0.00, 0
29, 6164, 1, 29,  8.66, 23.87, 56.88,  131.32, 5000.00,    0.00,    1.54,    0.00, 0
29, 6165, 1, 29,  8.21, 24.08, 57.28,  131.31, 5000.00,    0.00,    1.51,    0.00, 0
29, 6166, 1, 29,  8.02, 24.10, 57.79,  131.33, 5000.00,    0.00,    1.48,    0.00, 0
29, 6167, 1, 29,  8.75, 23.84, 58.33,  131.32, 5000.00,    0.00,    1.51,    0.00, 0
29, 6168, 1, 29, 11.49, 22.67, 59.23,  131.34, 5000.00,    0.00,    1.61,    0.00, 0
29, 6169, 1, 29, 11.86, 22.50, 60.62,  131.32, 5000.00,    0.00,    1.64,    0.00, 0
29, 6170, 1, 29, 11.64, 22.54, 62.57,  131.32, 5000.00,    0.00,    1.61,    0.00, 0
29, 6171, 1, 29, 11.16, 22.77, 64.81,  131.32, 5000.00,    0.00,    1.58,    0.00, 0
29, 6172, 1, 29, 11.04, 22.92, 67.46,  131.31, 5000.00,    0.00,    1.54,    0.00, 0
29, 6173, 1, 29, 10.66, 23.13, 70.05,  131.31, 5000.00,    0.00,    1.49,    0.00, 0
29, 6174, 1, 29, 10.30, 23.43, 71.87,  131.29, 5000.00,    0.01,    1.44,    0.00, 0
29, 6175, 1, 29, 10.35, 23.35, 73.09,  131.25, 5000.00,    0.01,    1.40,    0.00, 0
29, 6176, 1, 29, 10.27, 23.47, 73.98,  131.21, 5000.00,    0.01,    1.36,    0.00, 0
29, 6177, 1, 29,  9.58, 23.89, 74.71,  131.16, 5000.00,    0.01,    1.28,    0.00, 0
29, 6178, 1, 29,  9.23, 24.11, 75.28,  131.11, 5000.00,    0.01,    1.23,    0.00, 0
29, 6179, 1, 29,  9.10, 24.20, 75.71,  131.06, 5000.00,    0.01,    1.20,    0.00, 0
29, 6180, 1, 29,  8.76, 24.25, 75.89,  131.04, 5000.00,    0.01,    1.19,    0.00, 0
29, 6181, 1, 29,  8.62, 24.32, 76.06,  131.03, 5000.00,    0.01,    1.18,    0.00, 0
29, 6182, 1, 29,  9.73, 23.89, 76.17,  131.00, 5000.00,    0.01,    1.25,    0.00, 0
29, 6183, 1, 29,  7.55, 23.42, 56.24,  131.34, 5000.00,    0.00,    1.65,    0.00, 0
29, 6184, 1, 29,  7.42, 23.48, 56.32,  131.33, 5000.00,    0.00,    1.64,    0.00, 0
29, 6185, 1, 29,  7.39, 23.51, 56.48,  131.33, 5000.00,    0.00,    1.64,    0.00, 0
29, 6186, 1, 29,  7.64, 23.44, 56.79,  131.31, 5000.00,    0.00,    1.64,    0.00, 0
29, 6187, 1, 29,  7.51, 23.52, 57.17,  131.32, 5000.00,    0.00,    1.63,    0.00, 0
29, 6188, 1, 29,  7.58, 23.66, 57.70,  131.30, 5000.00,    0.00,    1.64,    0.00, 0
29, 6189, 1, 29,  7.37, 23.79, 58.37,  131.29, 5000.00,    0.00,    1.62,    0.00, 0
29, 6190, 1, 29,  7.57, 23.77, 59.33,  131.29, 5000.00,    0.00,    1.63,    0.00, 0
29, 6191, 1, 29,  7.69, 23.92, 60.68,  131.28, 5000.00,    0.00,    1.64,    0.00, 0
29, 6192, 1, 29,  7.95, 24.11, 62.57,  131.29, 5000.00,    0.00,    1.64,    0.00, 0
29, 6193, 1, 29,  7.47, 24.42, 64.99,  131.28, 5000.00,    0.00,    1.64,    0.00, 0
29, 6194, 1, 29,  7.51, 24.51, 67.73,  131.29, 5000.00,    0.00,    1.60,    0.00, 0
29, 6195, 1, 29,  7.16, 24.61, 70.26,  131.29, 5000.00,    0.00,    1.56,    0.00, 0
29, 6196, 1, 29,  6.86, 24.79, 72.12,  131.28, 5000.00,    0.00,    1.49,    0.00, 0
29, 6197, 1, 29,  6.81, 24.97, 73.36,  131.25, 5000.00,    0.01,    1.41,    0.00, 0
29, 6198, 1, 29,  6.68, 25.01, 74.24,  131.22, 5000.00,    0.01,    1.36,    0.00, 0
29, 6199, 1, 29,  6.54, 25.14, 74.91,  131.16, 5000.00,    0.01,    1.34,    0.00, 0
29, 6200, 1, 29,  6.62, 25.19, 75.42,  131.11, 5000.00,    0.01,    1.33,    0.00, 0
29, 6201, 1, 29,  6.73, 25.21, 75.82,  131.06, 5000.00,    0.01,    1.32,    0.00, 0
29, 6202, 1, 29,  7.00, 25.03, 75.94,  131.04, 5000.00,    0.01,    1.39,    0.00, 0
29, 6203, 1, 29,  6.98, 25.00, 76.07,  131.01, 5000.00,    0.01,    1.40,    0.00, 0
29, 6204, 1, 29,  6.87, 25.04, 76.19,  130.98, 5000.00,    0.01,    1.38,    0.00, 0
29, 6205, 1, 29,  5.17, 23.45, 56.72,  131.32, 5000.00,    0.00,    1.59,    0.00, 0
29, 6206, 1, 29,  5.09, 23.50, 56.81,  131.32, 5000.00,    0.00,    1.57,    0.00, 0
29, 6207, 1, 29,  5.07, 23.51, 56.94,  131.32, 5000.00,    0.00,    1.57,    0.00, 0
29, 6208, 1, 29,  5.26, 23.48, 57.25,  131.31, 5000.00,    0.00,    1.59,    0.00, 0
29, 6209, 1, 29,  5.14, 23.53, 57.67,  131.31, 5000.00,    0.00,    1.59,    0.00, 0
29, 6210, 1, 29,  5.12, 23.60, 58.16,  131.31, 5000.00,    0.00,    1.58,    0.00, 0
29, 6211, 1, 29,  4.83, 23.73, 58.78,  131.31, 5000.00,    0.00,    1.57,    0.00, 0
29, 6212, 1, 29,  5.05, 23.89, 59.66,  131.30, 5000.00,    0.00,    1.58,    0.00, 0
29, 6213, 1, 29,  5.07, 23.98, 60.89,  131.31, 5000.00,    0.00,    1.58,    0.00, 0
29, 6214, 1, 29,  5.35, 24.06, 62.79,  131.31, 5000.00,    0.00,    1.60,    0.00, 0
29, 6215, 1, 29,  4.71, 24.37, 65.05,  131.32, 5000.00,    0.00,    1.60,    0.00, 0
29, 6216, 1, 29,  4.89, 24.74, 68.05,  131.30, 5000.00,    0.00,    1.60,    0.00, 0
29, 6217, 1, 29,  4.74, 25.18, 70.46,  131.28, 5000.00,    0.00,    1.58,    0.00, 0
29, 6218, 1, 29,  4.57, 25.31, 72.21,  131.25, 5000.00,    0.00,    1.54,    0.00, 0
29, 6219, 1, 29,  4.69, 25.32, 73.44,  131.20, 5000.00,    0.00,    1.50,    0.00, 0
29, 6220, 1, 29,  4.59, 25.45, 74.26,  131.18, 5000.00,    0.01,    1.47,    0.00, 0
29, 6221, 1, 29,  4.27, 25.49, 74.94,  131.14, 5000.00,    0.01,    1.43,    0.00, 0
29, 6222, 1, 29,  4.24, 25.56, 75.46,  131.09, 5000.00,    0.01,    1.42,    0.00, 0
29, 6223, 1, 29,  4.23, 25.60, 75.84,  131.04, 5000.00,    0.01,    1.41,    0.00, 0
29, 6224, 1, 29,  4.24, 25.61, 76.08,  131.00, 5000.00,    0.01,    1.39,    0.00, 0
29, 6225, 1, 29,  4.25, 25.65, 76.21,  130.96, 5000.00,    0.01,    1.37,    0.00, 0
29, 6226, 1, 29,  4.27, 25.61, 76.26,  130.95, 5000.00,    0.01,    1.39,    0.00, 0
29, 6227, 1, 29,  3.69, 23.46, 57.22,  131.32, 5000.00,    0.00,    1.59,    0.00, 0
29, 6228, 1, 29,  3.59, 23.53, 57.31,  131.32, 5000.00,    0.00,    1.57,    0.00, 0
29, 6229, 1, 29,  3.58, 23.52, 57.47,  131.32, 5000.00,    0.00,    1.58,    0.00, 0
29, 6230, 1, 29,  3.73, 23.59, 57.74,  131.32, 5000.00,    0.00,    1.55,    0.00, 0
29, 6231, 1, 29,  3.55, 23.60, 58.17,  131.32, 5000.00,    0.00,    1.58,    0.00, 0
29, 6232, 1, 29,  3.57, 23.66, 58.67,  131.31, 5000.00,    0.00,    1.57,    0.00, 0
29, 6233, 1, 29,  3.21, 23.77, 59.32,  131.32, 5000.00,    0.00,    1.58,    0.00, 0
29, 6234, 1, 29,  3.41, 23.85, 60.14,  131.32, 5000.00,    0.00,    1.57,    0.00, 0
29, 6235, 1, 29,  3.42, 23.94, 61.35,  131.32, 5000.00,    0.00,    1.58,    0.00, 0
29, 6236, 1, 29,  3.76, 24.06, 63.14,  131.33, 5000.00,    0.00,    1.59,    0.00, 0
29, 6237, 1, 29,  2.98, 24.36, 65.51,  131.35, 5000.00,    0.00,    1.60,    0.00, 0
29, 6238, 1, 29,  3.24, 24.70, 68.02,  131.32, 5000.00,    0.00,    1.64,    0.00, 0
29, 6239, 1, 29,  3.02, 25.09, 70.75,  131.31, 5000.00,    0.00,    1.60,    0.00, 0
29, 6240, 1, 29,  2.90, 25.33, 72.45,  131.29, 5000.00,    0.00,    1.56,    0.00, 0
29, 6241, 1, 29,  3.09, 25.52, 73.69,  131.26, 5000.00,    0.01,    1.51,    0.00, 0
29, 6242, 1, 29,  2.99, 25.68, 74.53,  131.24, 5000.00,    0.01,    1.47,    0.00, 0
29, 6243, 1, 29,  2.65, 25.69, 75.16,  131.22, 5000.00,    0.01,    1.45,    0.00, 0
29, 6244, 1, 29,  2.61, 25.80, 75.71,  131.17, 5000.00,    0.01,    1.42,    0.00, 0
29, 6245, 1, 29,  2.61, 25.83, 75.98,  131.15, 5000.00,    0.01,    1.41,    0.00, 0
29, 6246, 1, 29,  2.68, 25.66, 76.16,  131.10, 5000.00,    0.01,    1.49,    0.00, 0
29, 6247, 1, 29,  2.59, 25.81, 76.41,  130.99, 5000.00,    0.01,    1.39,    0.00, 0
29, 6248, 1, 29,  2.65, 25.71, 76.43,  131.04, 5000.00,    0.01,    1.51,    0.00, 0
29, 6249, 1, 29,  2.82, 23.39, 57.36,  131.33, 5000.00,    0.00,    1.59,    0.00, 0
29, 6250, 1, 29,  2.75, 23.43, 57.48,  131.34, 5000.00,    0.00,    1.58,    0.00, 0
29, 6251, 1, 29,  2.72, 23.44, 57.64,  131.34, 5000.00,    0.00,    1.58,    0.00, 0
29, 6252, 1, 29,  2.91, 23.52, 57.86,  131.34, 5000.00,    0.00,    1.56,    0.00, 0
29, 6253, 1, 29,  2.71, 23.60, 58.41,  131.32, 5000.00,    0.00,    1.60,    0.00, 0
29, 6254, 1, 29,  2.65, 23.60, 58.76,  131.34, 5000.00,    0.00,    1.57,    0.00, 0
29, 6255, 1, 29,  2.31, 23.64, 59.50,  131.36, 5000.00,    0.01,    1.59,    0.00, 0
29, 6256, 1, 29,  2.55, 23.85, 60.35,  131.35, 5000.00,    0.01,    1.59,    0.00, 0
29, 6257, 1, 29,  2.54, 23.97, 61.44,  131.36, 5000.00,    0.01,    1.59,    0.00, 0
29, 6258, 1, 29,  2.88, 24.10, 63.38,  131.35, 5000.00,    0.00,    1.60,    0.00, 0
29, 6259, 1, 29,  2.03, 24.36, 65.60,  131.40, 5000.00,    0.01,    1.63,    0.00, 0
29, 6260, 1, 29,  2.27, 24.62, 68.09,  131.36, 5000.00,    0.01,    1.65,    0.00, 0
29, 6261, 1, 29,  2.12, 24.95, 70.69,  131.36, 5000.00,    0.01,    1.64,    0.00, 0
29, 6262, 1, 29,  1.98, 25.18, 72.42,  131.34, 5000.00,    0.01,    1.62,    0.00, 0
29, 6263, 1, 29,  2.22, 25.34, 73.58,  131.29, 5000.00,    0.01,    1.58,    0.00, 0
29, 6264, 1, 29,  2.12, 25.52, 74.47,  131.28, 5000.00,    0.01,    1.54,    0.00, 0
29, 6265, 1, 29,  1.78, 25.72, 75.07,  131.28, 5000.00,    0.01,    1.55,    0.00, 0
29, 6266, 1, 29,  1.70, 25.75, 75.66,  131.26, 5000.00,    0.01,    1.49,    0.00, 0
29, 6267, 1, 29,  1.67, 25.82, 76.04,  131.21, 5000.00,    0.01,    1.47,    0.00, 0
29, 6268, 1, 29,  1.66, 25.83, 76.31,  131.17, 5000.00,    0.01,    1.46,    0.00, 0
29, 6269, 1, 29,  1.62, 25.91, 76.52,  131.11, 5000.00,    0.01,    1.42,    0.00, 0
29, 6270, 1, 29,  1.67, 25.81, 76.52,  131.11, 5000.00,    0.01,    1.48,    0.00, 0
29, 6271, 1, 29,  2.39, 23.51, 57.37,  131.36, 5000.00,    0.01,    1.58,    0.00, 0
29, 6272, 1, 29,  2.36, 23.40, 57.51,  131.35, 5000.00,    0.01,    1.59,    0.00, 0
29, 6273, 1, 29,  2.32, 23.41, 57.67,  131.35, 5000.00,    0.01,    1.59,    0.00, 0
29, 6274, 1, 29,  2.47, 23.49, 57.89,  131.36, 5000.00,    0.01,    1.57,    0.00, 0
29, 6275, 1, 29,  2.30, 23.35, 58.51,  131.34, 5000.00,    0.01,    1.62,    0.00, 0
29, 6276, 1, 29,  2.26, 23.61, 58.74,  131.38, 5000.00,    0.01,    1.57,    0.00, 0
29, 6277, 1, 29,  2.03, 23.17, 60.51,  131.43, 5000.00,    0.01,    1.79,    0.00, 0
29, 6278, 1, 29,  2.14, 23.81, 60.39,  131.37, 5000.00,    0.01,    1.60,    0.00, 0
29, 6279, 1, 29,  2.13, 23.93, 61.44,  131.37, 5000.00,    0.01,    1.61,    0.00, 0
29, 6280, 1, 29,  2.44, 24.06, 63.41,  131.37, 5000.00,    0.00,    1.62,    0.00, 0
29, 6281, 1, 29,  1.56, 24.30, 65.70,  131.44, 5000.00,    0.01,    1.65,    0.00, 0
29, 6282, 1, 29,  1.84, 24.58, 67.96,  131.39, 5000.00,    0.01,    1.67,    0.00, 0
29, 6283, 1, 29,  1.68, 24.93, 70.71,  131.40, 5000.00,    0.01,    1.64,    0.00, 0
29, 6284, 1, 29,  1.55, 25.17, 72.43,  131.38, 5000.00,    0.01,    1.63,    0.00, 0
29, 6285, 1, 29,  1.82, 25.33, 73.56,  131.34, 5000.00,    0.01,    1.60,    0.00, 0
29, 6286, 1, 29,  1.71, 25.53, 74.53,  131.32, 5000.00,    0.01,    1.55,    0.00, 0
29, 6287, 1, 29,  1.74, 24.88, 74.36,  131.27, 5000.00,    0.01,    1.89,    0.00, 0
29, 6288, 1, 29,  1.37, 25.55, 75.49,  131.32, 5000.00,    0.01,    1.60,    0.00, 0
29, 6289, 1, 29,  1.36, 25.62, 75.85,  131.31, 5000.00,    0.01,    1.59,    0.00, 0
29, 6290, 1, 29,  1.34, 25.64, 76.19,  131.27, 5000.00,    0.01,    1.58,    0.00, 0
29, 6291, 1, 29,  1.33, 25.62, 76.33,  131.25, 5000.00,    0.01,    1.59,    0.00, 0
29, 6292, 1, 29,  1.32, 25.69, 76.47,  131.21, 5000.00,    0.01,    1.57,    0.00, 0
29, 6293, 1, 29, 23.30, 12.12, 56.22,  131.30, 5000.00,    0.01,    1.68,    0.00, 0
29, 6294, 1, 29, 23.29, 12.13, 56.36,  131.29, 5000.00,    0.01,    1.68,    0.00, 0
29, 6295, 1, 29, 23.39, 12.16, 56.44,  131.32, 5000.00,    0.01,    1.64,    0.00, 0
29, 6296, 1, 29, 23.69, 11.66, 56.68,  131.38, 5000.00,    0.01,    1.65,    0.00, 0
29, 6297, 1, 29, 23.73, 11.63, 57.02,  131.38, 5000.00,    0.01,    1.64,    0.00, 0
29, 6298, 1, 29, 23.75, 11.58, 57.57,  131.39, 5000.00,    0.01,    1.67,    0.00, 0
29, 6299, 1, 29, 23.87, 11.61, 58.29,  131.39, 5000.00,    0.01,    1.69,    0.00, 0
29, 6300, 1, 29, 23.88, 11.61, 59.22,  131.40, 5000.00,    0.01,    1.72,    0.00, 0
29, 6301, 1, 29, 23.83, 11.61, 60.46,  131.41, 5000.00,    0.01,    1.74,    0.00, 0
29, 6302, 1, 29, 23.82, 11.56, 62.20,  131.42, 5000.00,    0.01,    1.77,    0.00, 0
29, 6303, 1, 29, 23.69, 11.49, 65.08,  131.41, 5000.00,    0.01,    1.79,    0.00, 0
29, 6304, 1, 29, 23.73, 11.45, 67.52,  131.42, 5000.00,    0.01,    1.79,    0.00, 0
29, 6305, 1, 29, 23.65, 11.41, 69.05,  131.40, 5000.00,    0.01,    1.82,    0.00, 0
29, 6306, 1, 29, 23.81, 11.79, 71.97,  131.37, 5000.00,    0.01,    1.70,    0.00, 0
29, 6307, 1, 29, 23.88, 11.76, 73.17,  131.37, 5000.00,    0.01,    1.67,    0.00, 0
29, 6308, 1, 29, 23.96, 11.76, 74.07,  131.35, 5000.00,    0.01,    1.64,    0.00, 0
29, 6309, 1, 29, 23.99, 11.75, 74.69,  131.34, 5000.00,    0.01,    1.63,    0.00, 0
29, 6310, 1, 29, 24.00, 11.77, 75.17,  131.31, 5000.00,    0.01,    1.62,    0.00, 0
29, 6311, 1, 29, 24.02, 11.77, 75.56,  131.30, 5000.00,    0.01,    1.62,    0.00, 0
29, 6312, 1, 29, 24.01, 11.76, 75.83,  131.28, 5000.00,    0.01,    1.62,    0.00, 0
29, 6313, 1, 29, 23.79, 11.72, 75.96,  131.20, 5000.00,    0.01,    1.73,    0.00, 0
29, 6314, 1, 29, 24.02, 11.75, 76.17,  131.24, 5000.00,    0.01,    1.63,    0.00, 0
29, 6315, 1, 29, 23.17, 12.34, 56.20,  131.29, 5000.00,    0.01,    1.68,    0.00, 0
29, 6316, 1, 29, 23.19, 12.36, 56.33,  131.29, 5000.00,    0.01,    1.67,    0.00, 0
29, 6317, 1, 29, 23.29, 12.36, 56.42,  131.31, 5000.00,    0.01,    1.63,    0.00, 0
29, 6318, 1, 29, 23.64, 11.94, 56.61,  131.37, 5000.00,    0.01,    1.59,    0.00, 0
29, 6319, 1, 29, 23.60, 11.84, 57.08,  131.35, 5000.00,    0.01,    1.64,    0.00, 0
29, 6320, 1, 29, 23.74, 11.87, 57.61,  131.36, 5000.00,    0.01,    1.66,    0.00, 0
29, 6321, 1, 29, 23.76, 11.86, 58.28,  131.36, 5000.00,    0.01,    1.68,    0.00, 0
29, 6322, 1, 29, 23.78, 11.86, 59.20,  131.37, 5000.00,    0.01,    1.69,    0.00, 0
29, 6323, 1, 29, 23.73, 11.86, 60.45,  131.38, 5000.00,    0.01,    1.71,    0.00, 0
29, 6324, 1, 29, 23.72, 11.81, 62.25,  131.38, 5000.00,    0.01,    1.74,    0.00, 0
29, 6325, 1, 29, 23.71, 11.81, 65.20,  131.38, 5000.00,    0.01,    1.77,    0.00, 0
29, 6326, 1, 29, 23.66, 11.71, 67.89,  131.38, 5000.00,    0.01,    1.76,    0.00, 0
29, 6327, 1, 29, 23.70, 11.68, 70.13,  131.36, 5000.00,    0.01,    1.75,    0.00, 0
29, 6328, 1, 29, 23.72, 12.04, 71.97,  131.35, 5000.00,    0.01,    1.68,    0.00, 0
29, 6329, 1, 29, 23.85, 11.98, 73.22,  131.35, 5000.00,    0.01,    1.63,    0.00, 0
29, 6330, 1, 29, 23.93, 11.99, 74.10,  131.33, 5000.00,    0.01,    1.60,    0.00, 0
29, 6331, 1, 29, 23.97, 11.98, 74.74,  131.32, 5000.00,    0.01,    1.58,    0.00, 0
29, 6332, 1, 29, 24.04, 12.00, 75.31,  131.30, 5000.00,    0.01,    1.56,    0.00, 0
29, 6333, 1, 29, 24.04, 11.99, 75.64,  131.29, 5000.00,    0.01,    1.56,    0.00, 0
29, 6334, 1, 29, 24.07, 11.99, 75.96,  131.28, 5000.00,    0.01,    1.54,    0.00, 0
29, 6335, 1, 29, 23.66, 11.98, 75.97,  131.17, 5000.00,    0.01,    1.72,    0.00, 0
29, 6336, 1, 29, 24.11, 11.99, 76.25,  131.21, 5000.00,    0.01,    1.53,    0.00, 0
29, 6337, 1, 29, 23.13, 12.67, 56.15,  131.30, 5000.00,    0.00,    1.65,    0.00, 0
29, 6338, 1, 29, 23.16, 12.68, 56.26,  131.31, 5000.00,    0.00,    1.63,    0.00, 0
29, 6339, 1, 29, 23.21, 12.68, 56.36,  131.31, 5000.00,    0.01,    1.61,    0.00, 0
29, 6340, 1, 29, 23.43, 12.24, 56.71,  131.32, 5000.00,    0.01,    1.63,    0.00, 0
29, 6341, 1, 29, 23.45, 12.21, 57.10,  131.32, 5000.00,    0.01,    1.63,    0.00, 0
29, 6342, 1, 29, 23.50, 12.18, 57.59,  131.33, 5000.00,    0.01,    1.64,    0.00, 0
29, 6343, 1, 29, 23.65, 12.24, 58.24,  131.34, 5000.00,    0.01,    1.65,    0.00, 0
29, 6344, 1, 29, 23.67, 12.25, 59.15,  131.35, 5000.00,    0.01,    1.67,    0.00, 0
29, 6345, 1, 29, 23.61, 12.26, 60.45,  131.36, 5000.00,    0.01,    1.69,    0.00, 0
29, 6346, 1, 29, 23.62, 12.22, 62.18,  131.36, 5000.00,    0.01,    1.72,    0.00, 0
29, 6347, 1, 29, 23.60, 12.24, 65.32,  131.37, 5000.00,    0.01,    1.74,    0.00, 0
29, 6348, 1, 29, 23.55, 12.13, 67.95,  131.36, 5000.00,    0.01,    1.72,    0.00, 0
29, 6349, 1, 29, 23.65, 12.09, 70.35,  131.35, 5000.00,    0.01,    1.69,    0.00, 0
29, 6350, 1, 29, 23.57, 12.42, 71.97,  131.32, 5000.00,    0.01,    1.66,    0.00, 0
29, 6351, 1, 29, 23.64, 12.35, 73.18,  131.31, 5000.00,    0.01,    1.64,    0.00, 0
29, 6352, 1, 29, 23.81, 12.32, 74.14,  131.31, 5000.00,    0.01,    1.57,    0.00, 0
29, 6353, 1, 29, 23.86, 12.32, 74.79,  131.29, 5000.00,    0.01,    1.56,    0.00, 0
29, 6354, 1, 29, 23.91, 12.32, 75.36,  131.27, 5000.00,    0.01,    1.53,    0.00, 0
29, 6355, 1, 29, 23.87, 12.32, 75.64,  131.25, 5000.00,    0.01,    1.55,    0.00, 0
29, 6356, 1, 29, 23.89, 12.31, 75.97,  131.23, 5000.00,    0.01,    1.54,    0.00, 0
29, 6357, 1, 29, 23.90, 12.33, 76.13,  131.18, 5000.00,    0.01,    1.53,    0.00, 0
29, 6358, 1, 29, 23.93, 12.35, 76.25,  131.11, 5000.00,    0.01,    1.50,    0.00, 0
29, 6359, 1, 29, 22.84, 13.16, 56.08,  131.30, 5000.00,    0.00,    1.62,    0.00, 0
29, 6360, 1, 29, 22.93, 13.25, 56.19,  131.29, 5000.00,    0.00,    1.63,    0.00, 0
29, 6361, 1, 29, 22.92, 13.25, 56.35,  131.29, 5000.00,    0.00,    1.63,    0.00, 0
29, 6362, 1, 29, 23.14, 12.77, 56.64,  131.31, 5000.00,    0.01,    1.61,    0.00, 0
29, 6363, 1, 29, 23.27, 12.80, 57.04,  131.31, 5000.00,    0.01,    1.61,    0.00, 0
29, 6364, 1, 29, 23.33, 12.77, 57.55,  131.31, 5000.00,    0.01,    1.61,    0.00, 0
29, 6365, 1, 29, 23.33, 12.80, 58.23,  131.31, 5000.00,    0.01,    1.63,    0.00, 0
29, 6366, 1, 29, 23.33, 12.82, 59.15,  131.31, 5000.00,    0.01,    1.66,    0.00, 0
29, 6367, 1, 29, 23.27, 12.85, 60.44,  131.31, 5000.00,    0.01,    1.68,    0.00, 0
29, 6368, 1, 29, 23.29, 12.82, 62.21,  131.32, 5000.00,    0.01,    1.70,    0.00, 0
29, 6369, 1, 29, 23.27, 12.86, 65.40,  131.31, 5000.00,    0.01,    1.72,    0.00, 0
29, 6370, 1, 29, 23.25, 12.75, 67.99,  131.32, 5000.00,    0.01,    1.70,    0.00, 0
29, 6371, 1, 29, 23.37, 12.71, 70.37,  131.31, 5000.00,    0.01,    1.66,    0.00, 0
29, 6372, 1, 29, 23.33, 12.97, 72.01,  131.29, 5000.00,    0.01,    1.63,    0.00, 0
29, 6373, 1, 29, 23.40, 12.90, 73.20,  131.28, 5000.00,    0.01,    1.60,    0.00, 0
29, 6374, 1, 29, 23.47, 12.89, 74.09,  131.25, 5000.00,    0.01,    1.58,    0.00, 0
29, 6375, 1, 29, 23.50, 12.88, 74.73,  131.23, 5000.00,    0.01,    1.57,    0.00, 0
29, 6376, 1, 29, 23.58, 12.87, 75.36,  131.20, 5000.00,    0.01,    1.53,    0.00, 0
29, 6377, 1, 29, 23.56, 12.88, 75.67,  131.17, 5000.00,    0.01,    1.54,    0.00, 0
29, 6378, 1, 29, 23.56, 12.90, 75.98,  131.13, 5000.00,    0.01,    1.53,    0.00, 0
29, 6379, 1, 29, 23.64, 12.95, 76.18,  131.05, 5000.00,    0.01,    1.48,    0.00, 0
29, 6380, 1, 29, 23.59, 13.00, 76.26,  131.01, 5000.00,    0.01,    1.49,    0.00, 0
29, 6381, 1, 29, 22.43, 14.12, 56.42,  131.31, 5000.00,    0.00,    1.60,    0.00, 0
29, 6382, 1, 29, 22.44, 14.13, 56.50,  131.31, 5000.00,    0.00,    1.60,    0.00, 0
29, 6383, 1, 29, 22.51, 14.09, 56.59,  131.31, 5000.00,    0.00,    1.58,    0.00, 0
29, 6384, 1, 29, 22.71, 13.74, 56.91,  131.29, 5000.00,    0.00,    1.60,    0.00, 0
29, 6385, 1, 29, 22.76, 13.72, 57.30,  131.30, 5000.00,    0.00,    1.59,    0.00, 0
29, 6386, 1, 29, 22.79, 13.72, 57.81,  131.28, 5000.00,    0.00,    1.61,    0.00, 0
29, 6387, 1, 29, 22.81, 13.75, 58.46,  131.29, 5000.00,    0.00,    1.60,    0.00, 0
29, 6388, 1, 29, 22.84, 13.76, 59.35,  131.29, 5000.00,    0.00,    1.62,    0.00, 0
29, 6389, 1, 29, 22.78, 13.80, 60.60,  131.28, 5000.00,    0.00,    1.63,    0.00, 0
29, 6390, 1, 29, 22.77, 13.80, 62.43,  131.28, 5000.00,    0.00,    1.66,    0.00, 0
29, 6391, 1, 29, 22.75, 13.89, 65.64,  131.28, 5000.00,    0.00,    1.68,    0.00, 0
29, 6392, 1, 29, 22.76, 13.74, 68.24,  131.27, 5000.00,    0.00,    1.65,    0.00, 0
29, 6393, 1, 29, 22.89, 13.70, 70.55,  131.27, 5000.00,    0.00,    1.61,    0.00, 0
29, 6394, 1, 29, 22.88, 13.92, 72.22,  131.26, 5000.00,    0.01,    1.56,    0.00, 0
29, 6395, 1, 29, 22.98, 13.84, 73.40,  131.25, 5000.00,    0.01,    1.54,    0.00, 0
29, 6396, 1, 29, 23.06, 13.82, 74.26,  131.23, 5000.00,    0.01,    1.50,    0.00, 0
29, 6397, 1, 29, 23.08, 13.84, 74.85,  131.20, 5000.00,    0.01,    1.50,    0.00, 0
29, 6398, 1, 29, 23.15, 13.86, 75.44,  131.16, 5000.00,    0.01,    1.46,    0.00, 0
29, 6399, 1, 29, 23.07, 13.90, 75.69,  131.14, 5000.00,    0.01,    1.49,    0.00, 0
29, 6400, 1, 29,  3.45, 26.85, 75.89,  131.32, 5000.00,    0.05,    0.82,    0.00, 0
29, 6401, 1, 29,  3.54, 26.84, 76.18,  131.26, 5000.00,    0.04,    0.82,    0.00, 0
29, 6402, 1, 29,  3.74, 26.67, 76.16,  131.33, 5000.00,    0.05,    0.95,    0.00, 0
29, 6403, 1, 29,  6.15, 25.11, 56.52,  131.22, 5000.00,    0.01,    1.69,    0.00, 0
29, 6404, 1, 29,  6.08, 25.16, 56.63,  131.22, 5000.00,    0.01,    1.68,    0.00, 0
29, 6405, 1, 29,  5.56, 25.38, 56.80,  131.22, 5000.00,    0.01,    1.65,    0.00, 0
29, 6406, 1, 29,  5.17, 25.65, 57.07,  131.27, 5000.00,    0.02,    1.60,    0.00, 0
29, 6407, 1, 29,  5.47, 25.44, 57.52,  131.25, 5000.00,    0.02,    1.68,    0.00, 0
29, 6408, 1, 29,  5.68, 25.36, 58.00,  131.20, 5000.00,    0.02,    1.70,    0.00, 0
29, 6409, 1, 29, 12.17, 22.97, 59.01,  131.36, 5000.00,    0.02,    1.87,    0.00, 0
29, 6410, 1, 29, 21.72, 15.47, 59.08,  131.27, 5000.00,    0.00,    1.61,    0.00, 0
29, 6411, 1, 29, 13.20, 22.30, 61.81,  131.32, 5000.00,    0.02,    2.02,    0.00, 0
29, 6412, 1, 29, 11.06, 23.37, 63.94,  131.39, 5000.00,    0.02,    1.88,    0.00, 0
29, 6413, 1, 29,  6.41, 25.46, 65.12,  131.48, 5000.00,    0.02,    1.43,    0.00, 0
29, 6414, 1, 29,  6.54, 25.33, 66.81,  131.52, 5000.00,    0.02,    1.39,    0.00, 0
29, 6415, 1, 29, 10.39, 23.57, 68.38,  131.40, 5000.00,    0.02,    1.77,    0.00, 0
29, 6416, 1, 29, 10.67, 23.54, 70.39,  131.38, 5000.00,    0.02,    1.74,    0.00, 0
29, 6417, 1, 29, 10.38, 23.74, 71.88,  131.36, 5000.00,    0.02,    1.69,    0.00, 0
29, 6418, 1, 29, 12.16, 23.09, 73.07,  131.24, 5000.00,    0.03,    1.76,    0.00, 0
29, 6419, 1, 29, 12.71, 22.97, 73.96,  131.20, 5000.00,    0.03,    1.75,    0.00, 0
29, 6420, 1, 29, 12.34, 23.33, 74.63,  131.20, 5000.00,    0.03,    1.67,    0.00, 0
29, 6421, 1, 29,  3.90, 27.05, 75.80,  131.34, 5000.00,    0.03,    0.50,    0.00, 0
29, 6422, 1, 29,  4.03, 26.89, 75.85,  131.29, 5000.00,    0.03,    0.56,    0.00, 0
29, 6423, 1, 29,  6.61, 26.04, 75.79,  131.23, 5000.00,    0.03,    0.99,    0.00, 0
29, 6424, 1, 29,  4.15, 26.83, 76.15,  131.22, 5000.00,    0.03,    0.56,    0.00, 0
29, 6425, 1, 29,  6.99, 25.07, 56.49,  131.31, 5000.00,    0.01,    1.48,    0.00, 0
29, 6426, 1, 29, 19.45, 17.98, 56.09,  131.30, 5000.00,    0.00,    1.62,    0.00, 0
29, 6427, 1, 29,  9.00, 24.79, 56.76,  131.41, 5000.00,    0.01,    1.38,    0.00, 0
29, 6428, 1, 29,  8.63, 24.88, 57.13,  131.41, 5000.00,    0.01,    1.41,    0.00, 0
29, 6429, 1, 29, 12.98, 22.99, 57.31,  131.43, 5000.00,    0.01,    1.56,    0.00, 0
29, 6430, 1, 29,  6.79, 25.31, 57.90,  131.32, 5000.00,    0.01,    1.41,    0.00, 0
29, 6431, 1, 29,  6.87, 25.26, 58.53,  131.32, 5000.00,    0.01,    1.37,    0.00, 0
29, 6432, 1, 29,  6.79, 25.35, 59.42,  131.34, 5000.00,    0.01,    1.33,    0.00, 0
29, 6433, 1, 29,  6.76, 25.47, 60.60,  131.38, 5000.00,    0.01,    1.27,    0.00, 0
29, 6434, 1, 29,  6.93, 25.54, 62.33,  131.45, 5000.00,    0.01,    1.20,    0.00, 0
29, 6435, 1, 29,  7.17, 25.44, 65.13,  131.52, 5000.00,    0.01,    1.14,    0.00, 0
29, 6436, 1, 29,  7.26, 25.54, 67.31,  131.52, 5000.00,    0.01,    1.09,    0.00, 0
29, 6437, 1, 29,  7.09, 25.48, 69.56,  131.52, 5000.00,    0.01,    1.03,    0.00, 0
29, 6438, 1, 29, 19.71, 18.02, 71.97,  131.22, 5000.00,    0.00,    1.52,    0.00, 0
29, 6439, 1, 29, 19.96, 17.84, 73.22,  131.20, 5000.00,    0.01,    1.47,    0.00, 0
29, 6440, 1, 29, 20.05, 17.84, 74.07,  131.17, 5000.00,    0.01,    1.45,    0.00, 0
29, 6441, 1, 29, 20.06, 17.92, 74.76,  131.12, 5000.00,    0.01,    1.43,    0.00, 0
29, 6442, 1, 29, 20.04, 18.02, 75.30,  131.08, 5000.00,    0.01,    1.40,    0.00, 0
29, 6443, 1, 29, 20.02, 18.11, 75.72,  131.03, 5000.00,    0.01,    1.38,    0.00, 0
29, 6444, 1, 29,  7.36, 26.03, 75.82,  131.19, 5000.00,    0.02,    0.74,    0.00, 0
29, 6445, 1, 29, 19.46, 18.59, 76.00,  130.99, 5000.00,    0.01,    1.45,    0.00, 0
29, 6446, 1, 29, 19.47, 18.59, 76.11,  130.97, 5000.00,    0.01,    1.45,    0.00, 0
29, 6447, 1, 29,  8.24, 24.92, 56.31,  131.22, 5000.00,    0.00,    1.68,    0.00, 0
29, 6448, 1, 29,  8.00, 25.05, 56.39,  131.22, 5000.00,    0.00,    1.65,    0.00, 0
29, 6449, 1, 29,  8.80, 24.78, 56.53,  131.24, 5000.00,    0.00,    1.65,    0.00, 0
29, 6450, 1, 29,  8.87, 24.84, 56.87,  131.26, 5000.00,    0.00,    1.62,    0.00, 0
29, 6451, 1, 29,  8.85, 24.85, 57.23,  131.25, 5000.00,    0.00,    1.61,    0.00, 0
29, 6452, 1, 29,  8.88, 24.80, 57.76,  131.29, 5000.00,    0.00,    1.58,    0.00, 0
29, 6453, 1, 29,  8.80, 24.88, 58.34,  131.27, 5000.00,    0.00,    1.57,    0.00, 0
29, 6454, 1, 29, 11.46, 23.85, 59.22,  131.31, 5000.00,    0.00,    1.63,    0.00, 0
29, 6455, 1, 29, 12.24, 23.51, 60.62,  131.29, 5000.00,    0.00,    1.67,    0.00, 0
29, 6456, 1, 29, 12.05, 23.52, 62.65,  131.28, 5000.00,    0.00,    1.65,    0.00, 0
29, 6457, 1, 29, 11.29, 23.87, 64.99,  131.29, 5000.00,    0.00,    1.59,    0.00, 0
29, 6458, 1, 29, 11.38, 23.92, 67.44,  131.27, 5000.00,    0.00,    1.58,    0.00, 0
29, 6459, 1, 29, 11.26, 24.00, 70.05,  131.27, 5000.00,    0.00,    1.55,    0.00, 0
29, 6460, 1, 29, 11.30, 24.13, 71.86,  131.25, 5000.00,    0.01,    1.52,    0.00, 0
29, 6461, 1, 29, 11.66, 23.90, 73.08,  131.21, 5000.00,    0.01,    1.52,    0.00, 0
29, 6462, 1, 29, 11.82, 23.92, 73.97,  131.17, 5000.00,    0.01,    1.51,    0.00, 0
29, 6463, 1, 29, 11.94, 23.99, 74.69,  131.13, 5000.00,    0.01,    1.48,    0.00, 0
29, 6464, 1, 29, 12.16, 24.00, 75.28,  131.08, 5000.00,    0.01,    1.46,    0.00, 0
29, 6465, 1, 29, 12.33, 24.01, 75.73,  131.03, 5000.00,    0.01,    1.44,    0.00, 0
29, 6466, 1, 29, 11.93, 24.10, 75.89,  131.03, 5000.00,    0.01,    1.44,    0.00, 0
29, 6467, 1, 29, 11.40, 24.33, 76.06,  131.01, 5000.00,    0.01,    1.39,    0.00, 0
29, 6468, 1, 29, 12.01, 24.09, 76.17,  130.97, 5000.00,    0.01,    1.43,    0.00, 0
29, 6469, 1, 29,  7.49, 24.53, 56.36,  131.30, 5000.00,    0.00,    1.67,    0.00, 0
29, 6470, 1, 29,  7.47, 24.54, 56.48,  131.30, 5000.00,    0.00,    1.67,    0.00, 0
29, 6471, 1, 29,  7.46, 24.58, 56.64,  131.30, 5000.00,    0.00,    1.66,    0.00, 0
29, 6472, 1, 29,  7.65, 24.52, 56.92,  131.28, 5000.00,    0.00,    1.67,    0.00, 0
29, 6473, 1, 29,  7.57, 24.58, 57.32,  131.28, 5000.00,    0.00,    1.66,    0.00, 0
29, 6474, 1, 29,  7.66, 24.72, 57.83,  131.26, 5000.00,    0.00,    1.67,    0.00, 0
29, 6475, 1, 29,  7.44, 24.86, 58.49,  131.26, 5000.00,    0.00,    1.65,    0.00, 0
29, 6476, 1, 29,  7.67, 24.83, 59.45,  131.25, 5000.00,    0.00,    1.66,    0.00, 0
29, 6477, 1, 29,  7.79, 25.00, 60.77,  131.24, 5000.00,    0.00,    1.68,    0.00, 0
29, 6478, 1, 29,  8.02, 25.21, 62.72,  131.26, 5000.00,    0.00,    1.66,    0.00, 0
29, 6479, 1, 29,  7.57, 25.53, 65.32,  131.25, 5000.00,    0.00,    1.66,    0.00, 0
29, 6480, 1, 29,  7.52, 25.67, 68.03,  131.28, 5000.00,    0.00,    1.60,    0.00, 0
29, 6481, 1, 29,  7.18, 25.76, 70.42,  131.28, 5000.00,    0.00,    1.53,    0.00, 0
29, 6482, 1, 29,  6.81, 25.92, 72.19,  131.27, 5000.00,    0.00,    1.47,    0.00, 0
29, 6483, 1, 29,  6.78, 26.08, 73.37,  131.25, 5000.00,    0.01,    1.41,    0.00, 0
29, 6484, 1, 29,  6.67, 26.11, 74.24,  131.22, 5000.00,    0.01,    1.36,    0.00, 0
29, 6485, 1, 29,  6.53, 26.21, 74.89,  131.16, 5000.00,    0.01,    1.35,    0.00, 0
29, 6486, 1, 29,  6.73, 26.23, 75.40,  131.11, 5000.00,    0.01,    1.34,    0.00, 0
29, 6487, 1, 29,  7.00, 26.19, 75.77,  131.05, 5000.00,    0.01,    1.36,    0.00, 0
29, 6488, 1, 29,  7.21, 26.05, 75.94,  131.02, 5000.00,    0.01,    1.41,    0.00, 0
29, 6489, 1, 29,  7.18, 26.09, 76.11,  131.00, 5000.00,    0.01,    1.39,    0.00, 0
29, 6490, 1, 29,  6.68, 26.30, 76.25,  130.96, 5000.00,    0.01,    1.30,    0.00, 0
29, 6491, 1, 29,  5.25, 24.46, 56.67,  131.31, 5000.00,    0.00,    1.61,    0.00, 0
29, 6492, 1, 29,  5.11, 24.56, 56.77,  131.32, 5000.00,    0.00,    1.59,    0.00, 0
29, 6493, 1, 29,  5.35, 24.48, 56.89,  131.30, 5000.00,    0.00,    1.60,    0.00, 0
29, 6494, 1, 29,  5.34, 24.52, 57.18,  131.30, 5000.00,    0.00,    1.60,    0.00, 0
29, 6495, 1, 29,  5.20, 24.58, 57.59,  131.29, 5000.00,    0.00,    1.60,    0.00, 0
29, 6496, 1, 29,  5.20, 24.63, 58.09,  131.29, 5000.00,    0.00,    1.60,    0.00, 0
29, 6497, 1, 29,  4.91, 24.77, 58.73,  131.28, 5000.00,    0.00,    1.59,    0.00, 0
29, 6498, 1, 29,  5.14, 24.93, 59.63,  131.28, 5000.00,    0.00,    1.60,    0.00, 0
29, 6499, 1, 29,  5.16, 25.02, 60.85,  131.27, 5000.00,    0.00,    1.61,    0.00, 0
29, 6500, 1, 29,  5.48, 25.10, 62.90,  131.28, 5000.00,    0.00,    1.63,    0.00, 0
29, 6501, 1, 29,  4.81, 25.46, 65.25,  131.30, 5000.00,    0.00,    1.61,    0.00, 0
29, 6502, 1, 29,  4.98, 25.86, 68.38,  131.28, 5000.00,    0.00,    1.60,    0.00, 0
29, 6503, 1, 29,  4.85, 26.30, 70.70,  131.25, 5000.00,    0.00,    1.58,    0.00, 0
29, 6504, 1, 29,  4.65, 26.41, 72.39,  131.23, 5000.00,    0.00,    1.54,    0.00, 0
29, 6505, 1, 29,  4.75, 26.41, 73.61,  131.19, 5000.00,    0.00,    1.50,    0.00, 0
29, 6506, 1, 29,  4.64, 26.54, 74.47,  131.16, 5000.00,    0.01,    1.48,    0.00, 0
29, 6507, 1, 29,  4.32, 26.58, 75.11,  131.13, 5000.00,    0.01,    1.44,    0.00, 0
29, 6508, 1, 29,  4.31, 26.64, 75.67,  131.07, 5000.00,    0.01,    1.42,    0.00, 0
29, 6509, 1, 29,  4.28, 26.71, 76.01,  131.03, 5000.00,    0.01,    1.39,    0.00, 0
29, 6510, 1, 29,  4.33, 26.71, 76.25,  130.97, 5000.00,    0.01,    1.38,    0.00, 0
29, 6511, 1, 29,  4.36, 26.76, 76.41,  130.91, 5000.00,    0.01,    1.35,    0.00, 0
29, 6512, 1, 29,  4.51, 26.63, 76.38,  130.97, 5000.00,    0.01,    1.47,    0.00, 0
29, 6513, 1, 29,  3.63, 24.56, 57.32,  131.30, 5000.00,    0.00,    1.58,    0.00, 0
29, 6514, 1, 29,  3.62, 24.57, 57.41,  131.31, 5000.00,    0.00,    1.59,    0.00, 0
29, 6515, 1, 29,  3.82, 24.56, 57.59,  131.31, 5000.00,    0.00,    1.58,    0.00, 0
29, 6516, 1, 29,  3.74, 24.61, 57.85,  131.30, 5000.00,    0.00,    1.58,    0.00, 0
29, 6517, 1, 29,  3.59, 24.63, 58.27,  131.29, 5000.00,    0.00,    1.59,    0.00, 0
29, 6518, 1, 29,  3.54, 24.75, 58.69,  131.31, 5000.00,    0.00,    1.57,    0.00, 0
29, 6519, 1, 29,  3.24, 24.82, 59.38,  131.29, 5000.00,    0.00,    1.59,    0.00, 0
29, 6520, 1, 29,  3.47, 24.88, 60.21,  131.29, 5000.00,    0.00,    1.59,    0.00, 0
29, 6521, 1, 29,  3.48, 24.97, 61.40,  131.29, 5000.00,    0.00,    1.61,    0.00, 0
29, 6522, 1, 29,  3.83, 25.10, 63.20,  131.29, 5000.00,    0.00,    1.62,    0.00, 0
29, 6523, 1, 29,  3.01, 25.46, 65.91,  131.33, 5000.00,    0.00,    1.60,    0.00, 0
29, 6524, 1, 29,  3.20, 25.90, 68.78,  131.30, 5000.00,    0.00,    1.59,    0.00, 0
29, 6525, 1, 29,  3.09, 26.21, 70.94,  131.28, 5000.00,    0.00,    1.59,    0.00, 0
29, 6526, 1, 29,  2.95, 26.44, 72.54,  131.27, 5000.00,    0.00,    1.57,    0.00, 0
29, 6527, 1, 29,  3.14, 26.64, 73.76,  131.25, 5000.00,    0.00,    1.51,    0.00, 0
29, 6528, 1, 29,  3.04, 26.80, 74.58,  131.24, 5000.00,    0.01,    1.47,    0.00, 0
29, 6529, 1, 29,  2.70, 26.79, 75.19,  131.22, 5000.00,    0.01,    1.46,    0.00, 0
29, 6530, 1, 29,  2.65, 26.90, 75.74,  131.18, 5000.00,    0.01,    1.42,    0.00, 0
29, 6531, 1, 29,  2.66, 26.92, 75.99,  131.15, 5000.00,    0.01,    1.42,    0.00, 0
29, 6532, 1, 29,  2.68, 26.85, 76.22,  131.11, 5000.00,    0.01,    1.45,    0.00, 0
29, 6533, 1, 29,  2.58, 27.00, 76.46,  131.02, 5000.00,    0.01,    1.36,    0.00, 0
29, 6534, 1, 29,  2.69, 26.87, 76.49,  131.01, 5000.00,    0.01,    1.45,    0.00, 0
29, 6535, 1, 29,  2.80, 24.42, 57.30,  131.32, 5000.00,    0.00,    1.60,    0.00, 0
29, 6536, 1, 29,  2.72, 24.48, 57.38,  131.33, 5000.00,    0.01,    1.59,    0.00, 0
29, 6537, 1, 29,  3.02, 24.47, 57.49,  131.32, 5000.00,    0.00,    1.58,    0.00, 0
29, 6538, 1, 29,  2.88, 24.51, 57.81,  131.31, 5000.00,    0.00,    1.59,    0.00, 0
29, 6539, 1, 29,  2.72, 24.65, 58.28,  131.29, 5000.00,    0.00,    1.62,    0.00, 0
29, 6540, 1, 29,  2.70, 24.56, 58.76,  131.29, 5000.00,    0.00,    1.61,    0.00, 0
29, 6541, 1, 29,  2.32, 24.68, 59.40,  131.33, 5000.00,    0.01,    1.61,    0.00, 0
29, 6542, 1, 29,  2.58, 24.88, 60.21,  131.32, 5000.00,    0.01,    1.61,    0.00, 0
29, 6543, 1, 29,  2.58, 24.99, 61.38,  131.32, 5000.00,    0.01,    1.62,    0.00, 0
29, 6544, 1, 29,  2.92, 25.14, 63.19,  131.32, 5000.00,    0.00,    1.63,    0.00, 0
29, 6545, 1, 29,  2.03, 25.47, 66.06,  131.38, 5000.00,    0.01,    1.63,    0.00, 0
29, 6546, 1, 29,  2.26, 25.80, 68.69,  131.36, 5000.00,    0.01,    1.61,    0.00, 0
29, 6547, 1, 29,  2.16, 26.05, 70.79,  131.33, 5000.00,    0.01,    1.64,    0.00, 0
29, 6548, 1, 29,  2.01, 26.28, 72.41,  131.32, 5000.00,    0.01,    1.63,    0.00, 0
29, 6549, 1, 29,  2.27, 26.44, 73.60,  131.28, 5000.00,    0.01,    1.59,    0.00, 0
29, 6550, 1, 29,  2.17, 26.62, 74.49,  131.27, 5000.00,    0.01,    1.55,    0.00, 0
29, 6551, 1, 29,  1.81, 26.83, 75.09,  131.27, 5000.00,    0.01,    1.56,    0.00, 0
29, 6552, 1, 29,  1.75, 26.83, 75.66,  131.25, 5000.00,    0.01,    1.51,    0.00, 0
29, 6553, 1, 29,  1.71, 26.90, 76.05,  131.21, 5000.00,    0.01,    1.49,    0.00, 0
29, 6554, 1, 29,  1.70, 26.91, 76.31,  131.17, 5000.00,    0.01,    1.48,    0.00, 0
29, 6555, 1, 29,  1.67, 26.96, 76.51,  131.13, 5000.00,    0.01,    1.46,    0.00, 0
29, 6556, 1, 29,  1.71, 26.90, 76.51,  131.13, 5000.00,    0.01,    1.50,    0.00, 0
29, 6557, 1, 29,  2.38, 24.53, 57.29,  131.34, 5000.00,    0.01,    1.60,    0.00, 0
29, 6558, 1, 29,  2.36, 24.42, 57.40,  131.34, 5000.00,    0.01,    1.60,    0.00, 0
29, 6559, 1, 29,  2.62, 24.42, 57.53,  131.32, 5000.00,    0.01,    1.60,    0.00, 0
29, 6560, 1, 29,  2.48, 24.46, 57.83,  131.32, 5000.00,    0.01,    1.60,    0.00, 0
29, 6561, 1, 29,  2.29, 24.45, 58.32,  131.33, 5000.00,    0.01,    1.62,    0.00, 0
29, 6562, 1, 29,  2.29, 24.48, 58.86,  131.30, 5000.00,    0.01,    1.63,    0.00, 0
29, 6563, 1, 29,  2.07, 24.20, 60.53,  131.36, 5000.00,    0.01,    1.85,    0.00, 0
29, 6564, 1, 29,  2.16, 24.84, 60.23,  131.34, 5000.00,    0.01,    1.63,    0.00, 0
29, 6565, 1, 29,  2.16, 24.96, 61.39,  131.35, 5000.00,    0.01,    1.64,    0.00, 0
29, 6566, 1, 29,  2.48, 25.11, 63.35,  131.34, 5000.00,    0.01,    1.65,    0.00, 0
29, 6567, 1, 29,  1.56, 25.35, 65.75,  131.41, 5000.00,    0.01,    1.69,    0.00, 0
29, 6568, 1, 29,  1.87, 25.65, 67.97,  131.35, 5000.00,    0.01,    1.70,    0.00, 0
29, 6569, 1, 29,  1.71, 26.03, 70.78,  131.37, 5000.00,    0.01,    1.66,    0.00, 0
29, 6570, 1, 29,  1.59, 26.25, 72.42,  131.36, 5000.00,    0.01,    1.65,    0.00, 0
29, 6571, 1, 29,  1.88, 26.41, 73.55,  131.32, 5000.00,    0.01,    1.63,    0.00, 0
29, 6572, 1, 29,  1.75, 26.63, 74.55,  131.31, 5000.00,    0.01,    1.56,    0.00, 0
29, 6573, 1, 29,  1.44, 26.62, 75.06,  131.32, 5000.00,    0.01,    1.62,    0.00, 0
29, 6574, 1, 29,  1.42, 26.63, 75.48,  131.30, 5000.00,    0.01,    1.64,    0.00, 0
29, 6575, 1, 29,  1.40, 26.69, 75.84,  131.28, 5000.00,    0.01,    1.62,    0.00, 0
29, 6576, 1, 29,  1.39, 26.72, 76.17,  131.25, 5000.00,    0.01,    1.61,    0.00, 0
29, 6577, 1, 29,  1.38, 26.70, 76.31,  131.23, 5000.00,    0.01,    1.62,    0.00, 0
29, 6578, 1, 29,  1.37, 26.79, 76.46,  131.21, 5000.00,    0.01,    1.59,    0.00, 0
29, 6579, 1, 29, 24.21, 12.83, 56.18,  131.31, 5000.00,    0.01,    1.68,    0.00, 0
29, 6580, 1, 29, 24.19, 12.85, 56.32,  131.30, 5000.00,    0.01,    1.68,    0.00, 0
29, 6581, 1, 29, 24.26, 12.87, 56.42,  131.33, 5000.00,    0.01,    1.65,    0.00, 0
29, 6582, 1, 29, 24.57, 12.37, 56.66,  131.37, 5000.00,    0.01,    1.65,    0.00, 0
29, 6583, 1, 29, 24.63, 12.34, 56.97,  131.37, 5000.00,    0.01,    1.64,    0.00, 0
29, 6584, 1, 29, 24.65, 12.28, 57.50,  131.38, 5000.00,    0.01,    1.66,    0.00, 0
29, 6585, 1, 29, 24.77, 12.31, 58.25,  131.38, 5000.00,    0.01,    1.70,    0.00, 0
29, 6586, 1, 29, 24.78, 12.32, 59.17,  131.39, 5000.00,    0.01,    1.73,    0.00, 0
29, 6587, 1, 29, 24.74, 12.31, 60.38,  131.39, 5000.00,    0.01,    1.74,    0.00, 0
29, 6588, 1, 29, 24.75, 12.26, 61.96,  131.39, 5000.00,    0.01,    1.77,    0.00, 0
29, 6589, 1, 29, 24.59, 12.19, 65.06,  131.37, 5000.00,    0.01,    1.81,    0.00, 0
29, 6590, 1, 29, 24.73, 12.16, 68.66,  131.40, 5000.00,    0.01,    1.77,    0.00, 0
29, 6591, 1, 29, 24.76, 12.14, 70.43,  131.41, 5000.00,    0.01,    1.76,    0.00, 0
29, 6592, 1, 29, 24.69, 12.14, 71.39,  131.38, 5000.00,    0.01,    1.80,    0.00, 0
29, 6593, 1, 29, 24.62, 12.18, 72.74,  131.44, 5000.00,    0.01,    1.92,    0.00, 0
29, 6594, 1, 29, 24.86, 12.45, 74.07,  131.34, 5000.00,    0.01,    1.64,    0.00, 0
29, 6595, 1, 29, 24.90, 12.45, 74.73,  131.33, 5000.00,    0.01,    1.63,    0.00, 0
29, 6596, 1, 29, 24.91, 12.47, 75.21,  131.31, 5000.00,    0.01,    1.62,    0.00, 0
29, 6597, 1, 29, 24.92, 12.47, 75.59,  131.30, 5000.00,    0.01,    1.61,    0.00, 0
29, 6598, 1, 29, 24.92, 12.46, 75.86,  131.28, 5000.00,    0.01,    1.62,    0.00, 0
29, 6599, 1, 29, 24.66, 12.42, 75.97,  131.20, 5000.00,    0.01,    1.75,    0.00, 0
29, 6600, 1, 29, 24.93, 12.45, 76.20,  131.22, 5000.00,    0.01,    1.61,    0.00, 0
29, 6601, 1, 29, 24.09, 13.04, 56.16,  131.30, 5000.00,    0.01,    1.67,    0.00, 0
29, 6602, 1, 29, 24.09, 13.07, 56.29,  131.31, 5000.00,    0.01,    1.66,    0.00, 0
29, 6603, 1, 29, 24.15, 13.07, 56.40,  131.32, 5000.00,    0.01,    1.63,    0.00, 0
29, 6604, 1, 29, 24.49, 12.64, 56.59,  131.35, 5000.00,    0.01,    1.61,    0.00, 0
29, 6605, 1, 29, 24.47, 12.54, 57.06,  131.34, 5000.00,    0.01,    1.65,    0.00, 0
29, 6606, 1, 29, 24.63, 12.58, 57.57,  131.35, 5000.00,    0.01,    1.67,    0.00, 0
29, 6607, 1, 29, 24.66, 12.57, 58.24,  131.36, 5000.00,    0.01,    1.68,    0.00, 0
29, 6608, 1, 29, 24.68, 12.56, 59.16,  131.36, 5000.00,    0.01,    1.70,    0.00, 0
29, 6609, 1, 29, 24.64, 12.57, 60.37,  131.36, 5000.00,    0.01,    1.72,    0.00, 0
29, 6610, 1, 29, 24.65, 12.52, 61.99,  131.37, 5000.00,    0.01,    1.74,    0.00, 0
29, 6611, 1, 29, 24.62, 12.52, 65.22,  131.36, 5000.00,    0.01,    1.78,    0.00, 0
29, 6612, 1, 29, 24.64, 12.42, 68.67,  131.37, 5000.00,    0.01,    1.74,    0.00, 0
29, 6613, 1, 29, 24.67, 12.40, 70.39,  131.37, 5000.00,    0.01,    1.74,    0.00, 0
29, 6614, 1, 29, 24.73, 12.40, 71.97,  131.34, 5000.00,    0.01,    1.71,    0.00, 0
29, 6615, 1, 29, 24.80, 12.37, 73.20,  131.34, 5000.00,    0.01,    1.69,    0.00, 0
29, 6616, 1, 29, 24.84, 12.68, 74.17,  131.33, 5000.00,    0.01,    1.59,    0.00, 0
29, 6617, 1, 29, 24.88, 12.67, 74.79,  131.32, 5000.00,    0.01,    1.58,    0.00, 0
29, 6618, 1, 29, 24.94, 12.69, 75.35,  131.31, 5000.00,    0.01,    1.55,    0.00, 0
29, 6619, 1, 29, 24.93, 12.68, 75.65,  131.29, 5000.00,    0.01,    1.56,    0.00, 0
29, 6620, 1, 29, 24.96, 12.67, 75.98,  131.28, 5000.00,    0.01,    1.55,    0.00, 0
29, 6621, 1, 29, 24.54, 12.70, 75.98,  131.18, 5000.00,    0.01,    1.75,    0.00, 0
29, 6622, 1, 29, 24.96, 12.68, 76.26,  131.16, 5000.00,    0.01,    1.53,    0.00, 0
29, 6623, 1, 29, 24.01, 13.37, 56.12,  131.31, 5000.00,    0.00,    1.64,    0.00, 0
29, 6624, 1, 29, 24.02, 13.39, 56.23,  131.31, 5000.00,    0.00,    1.64,    0.00, 0
29, 6625, 1, 29, 24.05, 13.39, 56.35,  131.31, 5000.00,    0.00,    1.62,    0.00, 0
29, 6626, 1, 29, 24.30, 12.95, 56.67,  131.32, 5000.00,    0.01,    1.64,    0.00, 0
29, 6627, 1, 29, 24.33, 12.91, 57.06,  131.32, 5000.00,    0.01,    1.64,    0.00, 0
29, 6628, 1, 29, 24.38, 12.88, 57.55,  131.32, 5000.00,    0.01,    1.65,    0.00, 0
29, 6629, 1, 29, 24.52, 12.93, 58.22,  131.33, 5000.00,    0.01,    1.66,    0.00, 0
29, 6630, 1, 29, 24.55, 12.96, 59.11,  131.34, 5000.00,    0.01,    1.68,    0.00, 0
29, 6631, 1, 29, 24.51, 12.97, 60.33,  131.34, 5000.00,    0.01,    1.69,    0.00, 0
29, 6632, 1, 29, 24.53, 12.93, 61.98,  131.34, 5000.00,    0.01,    1.71,    0.00, 0
29, 6633, 1, 29, 24.50, 12.96, 65.41,  131.35, 5000.00,    0.01,    1.75,    0.00, 0
29, 6634, 1, 29, 24.50, 12.83, 68.66,  131.34, 5000.00,    0.01,    1.71,    0.00, 0
29, 6635, 1, 29, 24.53, 12.81, 70.38,  131.34, 5000.00,    0.01,    1.71,    0.00, 0
29, 6636, 1, 29, 24.64, 12.80, 72.08,  131.33, 5000.00,    0.01,    1.66,    0.00, 0
29, 6637, 1, 29, 24.76, 12.75, 73.37,  131.33, 5000.00,    0.01,    1.61,    0.00, 0
29, 6638, 1, 29, 24.69, 13.01, 74.18,  131.30, 5000.00,    0.01,    1.58,    0.00, 0
29, 6639, 1, 29, 24.75, 13.00, 74.82,  131.28, 5000.00,    0.01,    1.56,    0.00, 0
29, 6640, 1, 29, 24.79, 13.01, 75.39,  131.26, 5000.00,    0.01,    1.54,    0.00, 0
29, 6641, 1, 29, 24.76, 13.01, 75.65,  131.25, 5000.00,    0.01,    1.55,    0.00, 0
29, 6642, 1, 29, 24.75, 13.01, 75.98,  131.22, 5000.00,    0.01,    1.56,    0.00, 0
29, 6643, 1, 29, 24.78, 13.02, 76.15,  131.16, 5000.00,    0.01,    1.53,    0.00, 0
29, 6644, 1, 29, 24.79, 13.04, 76.26,  131.09, 5000.00,    0.01,    1.51,    0.00, 0
29, 6645, 1, 29,  4.94, 25.81, 56.82,  131.15, 5000.00,    0.04,    2.18,    0.00, 0
29, 6646, 1, 29,  4.64, 26.07, 56.94,  131.11, 5000.00,    0.04,    2.13,    0.00, 0
29, 6647, 1, 29,  4.40, 26.22, 57.09,  131.14, 5000.00,    0.04,    2.08,    0.00, 0
29, 6648, 1, 29, 24.00, 13.47, 56.62,  131.30, 5000.00,    0.00,    1.61,    0.00, 0
29, 6649, 1, 29, 24.14, 13.51, 57.01,  131.30, 5000.00,    0.00,    1.62,    0.00, 0
29, 6650, 1, 29, 24.20, 13.48, 57.51,  131.30, 5000.00,    0.01,    1.62,    0.00, 0
29, 6651, 1, 29, 24.20, 13.51, 58.20,  131.30, 5000.00,    0.01,    1.64,    0.00, 0
29, 6652, 1, 29, 24.21, 13.53, 59.13,  131.30, 5000.00,    0.01,    1.66,    0.00, 0
29, 6653, 1, 29, 24.16, 13.55, 60.35,  131.30, 5000.00,    0.01,    1.68,    0.00, 0
29, 6654, 1, 29, 24.18, 13.53, 62.05,  131.29, 5000.00,    0.01,    1.70,    0.00, 0
29, 6655, 1, 29, 24.15, 13.58, 65.47,  131.29, 5000.00,    0.01,    1.73,    0.00, 0
29, 6656, 1, 29, 24.17, 13.44, 68.49,  131.29, 5000.00,    0.01,    1.70,    0.00, 0
29, 6657, 1, 29, 24.22, 13.42, 70.38,  131.29, 5000.00,    0.01,    1.68,    0.00, 0
29, 6658, 1, 29, 24.34, 13.40, 72.06,  131.28, 5000.00,    0.01,    1.64,    0.00, 0
29, 6659, 1, 29, 24.44, 13.34, 73.29,  131.28, 5000.00,    0.01,    1.60,    0.00, 0
29, 6660, 1, 29, 24.35, 13.58, 74.12,  131.25, 5000.00,    0.01,    1.58,    0.00, 0
29, 6661, 1, 29, 24.38, 13.56, 74.76,  131.22, 5000.00,    0.01,    1.58,    0.00, 0
29, 6662, 1, 29, 24.45, 13.57, 75.39,  131.19, 5000.00,    0.01,    1.54,    0.00, 0
29, 6663, 1, 29, 24.44, 13.57, 75.70,  131.17, 5000.00,    0.01,    1.55,    0.00, 0
29, 6664, 1, 29, 24.41, 13.61, 75.99,  131.13, 5000.00,    0.01,    1.55,    0.00, 0
29, 6665, 1, 29, 24.49, 13.65, 76.18,  131.06, 5000.00,    0.01,    1.50,    0.00, 0
29, 6666, 1, 29, 24.46, 13.70, 76.27,  131.02, 5000.00,    0.01,    1.50,    0.00, 0
29, 6667, 1, 29, 23.30, 14.72, 56.21,  131.33, 5000.00,    0.00,    1.65,    0.00, 0
29, 6668, 1, 29,  4.89, 26.24, 56.86,  131.13, 5000.00,    0.03,    1.86,    0.00, 0
29, 6669, 1, 29,  4.74, 26.35, 56.99,  131.17, 5000.00,    0.03,    1.83,    0.00, 0
29, 6670, 1, 29,  4.71, 26.25, 57.29,  131.11, 5000.00,    0.03,    1.95,    0.00, 0
29, 6671, 1, 29,  4.86, 26.22, 57.78,  131.12, 5000.00,    0.03,    1.96,    0.00, 0
29, 6672, 1, 29,  4.91, 26.22, 58.24,  131.09, 5000.00,    0.03,    1.97,    0.00, 0
29, 6673, 1, 29, 23.66, 14.47, 58.27,  131.28, 5000.00,    0.00,    1.61,    0.00, 0
29, 6674, 1, 29, 23.70, 14.48, 59.17,  131.28, 5000.00,    0.00,    1.63,    0.00, 0
29, 6675, 1, 29, 23.66, 14.50, 60.39,  131.27, 5000.00,    0.00,    1.64,    0.00, 0
29, 6676, 1, 29,  5.24, 26.41, 61.75,  131.22, 5000.00,    0.05,    1.86,    0.00, 0
29, 6677, 1, 29,  5.28, 26.44, 64.08,  131.33, 5000.00,    0.05,    1.78,    0.00, 0
29, 6678, 1, 29,  5.37, 26.30, 65.76,  131.39, 5000.00,    0.05,    1.74,    0.00, 0
29, 6679, 1, 29,  4.76, 26.90, 70.39,  131.52, 5000.00,    0.05,    1.39,    0.00, 0
29, 6680, 1, 29, 12.18, 23.62, 70.03,  131.37, 5000.00,    0.06,    2.26,    0.00, 0
29, 6681, 1, 29, 12.99, 23.43, 71.64,  131.36, 5000.00,    0.06,    2.29,    0.00, 0
29, 6682, 1, 29, 23.93, 14.51, 74.27,  131.22, 5000.00,    0.01,    1.51,    0.00, 0
29, 6683, 1, 29, 23.96, 14.50, 74.87,  131.20, 5000.00,    0.01,    1.50,    0.00, 0
29, 6684, 1, 29,  3.43, 27.70, 75.06,  131.42, 5000.00,    0.04,    0.87,    0.00, 0
29, 6685, 1, 29,  3.06, 28.03, 75.79,  131.26, 5000.00,    0.04,    0.62,    0.00, 0
29, 6686, 1, 29,  3.26, 27.86, 75.89,  131.28, 5000.00,    0.04,    0.74,    0.00, 0
29, 6687, 1, 29,  3.34, 27.85, 76.20,  131.24, 5000.00,    0.04,    0.74,    0.00, 0
29, 6688, 1, 29,  3.65, 27.66, 76.18,  131.24, 5000.00,    0.04,    0.87,    0.00, 0
29, 6689, 1, 29,  6.45, 26.01, 56.50,  131.14, 5000.00,    0.02,    1.72,    0.00, 0
29, 6690, 1, 29,  6.36, 26.05, 56.67,  131.14, 5000.00,    0.02,    1.71,    0.00, 0
29, 6691, 1, 29,  5.48, 26.35, 56.81,  131.15, 5000.00,    0.02,    1.65,    0.00, 0
29, 6692, 1, 29,  5.09, 26.59, 57.09,  131.20, 5000.00,    0.02,    1.61,    0.00, 0
29, 6693, 1, 29,  5.78, 26.31, 57.58,  131.18, 5000.00,    0.02,    1.70,    0.00, 0
29, 6694, 1, 29,  6.04, 26.25, 58.09,  131.16, 5000.00,    0.02,    1.71,    0.00, 0
29, 6695, 1, 29,  6.07, 26.20, 58.70,  131.16, 5000.00,    0.02,    1.67,    0.00, 0
29, 6696, 1, 29,  6.02, 26.27, 59.66,  131.18, 5000.00,    0.02,    1.65,    0.00, 0
29, 6697, 1, 29,  6.02, 26.36, 60.82,  131.24, 5000.00,    0.02,    1.58,    0.00, 0
29, 6698, 1, 29,  6.06, 26.49, 62.21,  131.30, 5000.00,    0.02,    1.51,    0.00, 0
29, 6699, 1, 29,  6.30, 26.52, 64.50,  131.39, 5000.00,    0.02,    1.40,    0.00, 0
29, 6700, 1, 29,  6.34, 26.41, 66.24,  131.43, 5000.00,    0.02,    1.36,    0.00, 0
29, 6701, 1, 29,  6.27, 26.50, 69.05,  131.47, 5000.00,    0.03,    1.27,    0.00, 0
29, 6702, 1, 29,  5.86, 26.72, 71.03,  131.46, 5000.00,    0.03,    1.16,    0.00, 0
29, 6703, 1, 29,  5.65, 26.73, 72.14,  131.43, 5000.00,    0.03,    1.14,    0.00, 0
29, 6704, 1, 29,  5.99, 26.77, 73.33,  131.39, 5000.00,    0.03,    1.07,    0.00, 0
29, 6705, 1, 29,  3.97, 27.76, 74.99,  131.33, 5000.00,    0.03,    0.60,    0.00, 0
29, 6706, 1, 29,  3.95, 27.80, 75.38,  131.30, 5000.00,    0.03,    0.56,    0.00, 0
29, 6707, 1, 29,  6.42, 26.99, 75.33,  131.29, 5000.00,    0.04,    0.97,    0.00, 0
29, 6708, 1, 29,  6.99, 26.82, 75.74,  131.17, 5000.00,    0.04,    1.01,    0.00, 0
29, 6709, 1, 29,  7.23, 26.69, 75.96,  131.07, 5000.00,    0.04,    1.07,    0.00, 0
29, 6710, 1, 29,  4.10, 27.88, 76.40,  131.04, 5000.00,    0.04,    0.45,    0.00, 0
29, 6711, 1, 29,  7.03, 25.99, 56.50,  131.20, 5000.00,    0.01,    1.56,    0.00, 0
29, 6712, 1, 29,  7.16, 25.97, 56.68,  131.21, 5000.00,    0.01,    1.55,    0.00, 0
29, 6713, 1, 29,  6.69, 26.20, 56.79,  131.24, 5000.00,    0.01,    1.50,    0.00, 0
29, 6714, 1, 29,  5.76, 26.42, 57.03,  131.20, 5000.00,    0.01,    1.52,    0.00, 0
29, 6715, 1, 29,  6.85, 26.17, 57.49,  131.24, 5000.00,    0.01,    1.49,    0.00, 0
29, 6716, 1, 29,  6.91, 26.20, 58.01,  131.23, 5000.00,    0.01,    1.48,    0.00, 0
29, 6717, 1, 29,  6.84, 26.19, 58.60,  131.25, 5000.00,    0.01,    1.43,    0.00, 0
29, 6718, 1, 29,  6.80, 26.28, 59.53,  131.27, 5000.00,    0.01,    1.40,    0.00, 0
29, 6719, 1, 29,  6.78, 26.39, 60.80,  131.32, 5000.00,    0.01,    1.32,    0.00, 0
29, 6720, 1, 29,  7.00, 26.47, 62.51,  131.38, 5000.00,    0.02,    1.24,    0.00, 0
29, 6721, 1, 29,  7.00, 26.46, 64.71,  131.41, 5000.00,    0.01,    1.16,    0.00, 0
29, 6722, 1, 29,  7.12, 26.56, 66.74,  131.42, 5000.00,    0.02,    1.10,    0.00, 0
29, 6723, 1, 29,  7.10, 26.40, 68.84,  131.44, 5000.00,    0.02,    1.08,    0.00, 0
29, 6724, 1, 29,  6.80, 26.57, 70.89,  131.42, 5000.00,    0.02,    1.01,    0.00, 0
29, 6725, 1, 29,  6.72, 26.61, 72.18,  131.45, 5000.00,    0.02,    1.00,    0.00, 0
29, 6726, 1, 29,  7.10, 26.59, 73.25,  131.38, 5000.00,    0.02,    0.99,    0.00, 0
29, 6727, 1, 29,  7.23, 26.66, 74.10,  131.34, 5000.00,    0.03,    0.95,    0.00, 0
29, 6728, 1, 29,  7.21, 26.78, 74.75,  131.33, 5000.00,    0.03,    0.90,    0.00, 0
29, 6729, 1, 29,  7.08, 26.96, 75.28,  131.25, 5000.00,    0.03,    0.81,    0.00, 0
29, 6730, 1, 29,  7.48, 26.95, 75.69,  131.17, 5000.00,    0.03,    0.78,    0.00, 0
29, 6731, 1, 29,  7.85, 26.79, 75.91,  131.12, 5000.00,    0.03,    0.85,    0.00, 0
29, 6732, 1, 29, 20.04, 19.56, 76.13,  130.94, 5000.00,    0.01,    1.48,    0.00, 0
29, 6733, 1, 29,  9.97, 25.43, 56.16,  131.26, 5000.00,    0.00,    1.75,    0.00, 0
29, 6734, 1, 29, 10.59, 25.16, 56.28,  131.26, 5000.00,    0.00,    1.76,    0.00, 0
29, 6735, 1, 29, 10.28, 25.38, 56.44,  131.25, 5000.00,    0.00,    1.71,    0.00, 0
29, 6736, 1, 29,  7.77, 26.17, 56.89,  131.17, 5000.00,    0.00,    1.70,    0.00, 0
29, 6737, 1, 29,  7.82, 26.18, 57.27,  131.16, 5000.00,    0.00,    1.70,    0.00, 0
29, 6738, 1, 29,  7.85, 26.10, 57.80,  131.17, 5000.00,    0.00,    1.66,    0.00, 0
29, 6739, 1, 29,  7.77, 26.20, 58.45,  131.16, 5000.00,    0.00,    1.65,    0.00, 0
29, 6740, 1, 29, 12.81, 24.42, 59.25,  131.27, 5000.00,    0.00,    1.73,    0.00, 0
29, 6741, 1, 29, 13.16, 24.28, 60.67,  131.25, 5000.00,    0.00,    1.74,    0.00, 0
29, 6742, 1, 29,  7.83, 26.41, 62.43,  131.28, 5000.00,    0.01,    1.45,    0.00, 0
29, 6743, 1, 29,  7.76, 26.48, 65.33,  131.32, 5000.00,    0.01,    1.38,    0.00, 0
29, 6744, 1, 29,  7.89, 26.52, 67.64,  131.30, 5000.00,    0.01,    1.34,    0.00, 0
29, 6745, 1, 29,  7.54, 26.67, 69.90,  131.29, 5000.00,    0.01,    1.26,    0.00, 0
29, 6746, 1, 29, 13.09, 24.50, 71.84,  131.20, 5000.00,    0.01,    1.67,    0.00, 0
29, 6747, 1, 29, 14.34, 23.67, 73.06,  131.14, 5000.00,    0.01,    1.68,    0.00, 0
29, 6748, 1, 29, 14.24, 23.82, 73.95,  131.12, 5000.00,    0.01,    1.66,    0.00, 0
29, 6749, 1, 29, 14.26, 23.92, 74.71,  131.08, 5000.00,    0.01,    1.62,    0.00, 0
29, 6750, 1, 29, 13.98, 24.22, 75.29,  131.05, 5000.00,    0.01,    1.57,    0.00, 0
29, 6751, 1, 29, 13.87, 24.39, 75.74,  131.01, 5000.00,    0.01,    1.54,    0.00, 0
29, 6752, 1, 29, 13.52, 24.55, 75.89,  131.01, 5000.00,    0.01,    1.56,    0.00, 0
29, 6753, 1, 29, 13.66, 24.43, 76.05,  130.99, 5000.00,    0.01,    1.56,    0.00, 0
29, 6754, 1, 29, 13.66, 24.47, 76.17,  130.96, 5000.00,    0.01,    1.55,    0.00, 0
29, 6755, 1, 29,  7.54, 25.55, 56.39,  131.26, 5000.00,    0.00,    1.72,    0.00, 0
29, 6756, 1, 29,  7.73, 25.49, 56.49,  131.24, 5000.00,    0.00,    1.73,    0.00, 0
29, 6757, 1, 29,  7.54, 25.57, 56.64,  131.25, 5000.00,    0.00,    1.72,    0.00, 0
29, 6758, 1, 29,  7.61, 25.58, 56.93,  131.25, 5000.00,    0.00,    1.72,    0.00, 0
29, 6759, 1, 29,  7.58, 25.64, 57.31,  131.24, 5000.00,    0.00,    1.71,    0.00, 0
29, 6760, 1, 29,  7.70, 25.77, 57.83,  131.23, 5000.00,    0.00,    1.71,    0.00, 0
29, 6761, 1, 29,  7.50, 25.91, 58.49,  131.23, 5000.00,    0.00,    1.70,    0.00, 0
29, 6762, 1, 29,  7.74, 25.89, 59.45,  131.22, 5000.00,    0.00,    1.70,    0.00, 0
29, 6763, 1, 29,  7.87, 26.06, 60.79,  131.21, 5000.00,    0.00,    1.72,    0.00, 0
29, 6764, 1, 29,  8.04, 26.31, 62.81,  131.23, 5000.00,    0.00,    1.70,    0.00, 0
29, 6765, 1, 29,  7.63, 26.64, 65.62,  131.22, 5000.00,    0.00,    1.68,    0.00, 0
29, 6766, 1, 29,  7.58, 26.80, 68.26,  131.26, 5000.00,    0.00,    1.59,    0.00, 0
29, 6767, 1, 29,  7.12, 26.89, 70.45,  131.26, 5000.00,    0.00,    1.55,    0.00, 0
29, 6768, 1, 29,  6.76, 27.03, 72.17,  131.25, 5000.00,    0.00,    1.48,    0.00, 0
29, 6769, 1, 29,  6.75, 27.16, 73.31,  131.25, 5000.00,    0.01,    1.42,    0.00, 0
29, 6770, 1, 29,  6.68, 27.16, 74.17,  131.22, 5000.00,    0.01,    1.39,    0.00, 0
29, 6771, 1, 29,  6.84, 27.18, 74.81,  131.17, 5000.00,    0.01,    1.39,    0.00, 0
29, 6772, 1, 29,  6.67, 27.32, 75.38,  131.10, 5000.00,    0.01,    1.36,    0.00, 0
29, 6773, 1, 29,  9.72, 26.19, 75.76,  131.00, 5000.00,    0.01,    1.66,    0.00, 0
29, 6774, 1, 29,  9.04, 26.39, 75.90,  130.98, 5000.00,    0.01,    1.65,    0.00, 0
29, 6775, 1, 29,  8.64, 26.60, 76.07,  130.96, 5000.00,    0.01,    1.59,    0.00, 0
29, 6776, 1, 29,  6.82, 27.32, 76.25,  130.94, 5000.00,    0.01,    1.33,    0.00, 0
29, 6777, 1, 29,  5.28, 25.52, 56.68,  131.31, 5000.00,    0.00,    1.63,    0.00, 0
29, 6778, 1, 29,  5.37, 25.52, 56.75,  131.30, 5000.00,    0.00,    1.62,    0.00, 0
29, 6779, 1, 29,  5.35, 25.54, 56.86,  131.29, 5000.00,    0.00,    1.62,    0.00, 0
29, 6780, 1, 29,  5.37, 25.55, 57.17,  131.28, 5000.00,    0.00,    1.62,    0.00, 0
29, 6781, 1, 29,  5.22, 25.64, 57.57,  131.29, 5000.00,    0.00,    1.61,    0.00, 0
29, 6782, 1, 29,  5.24, 25.67, 58.07,  131.28, 5000.00,    0.00,    1.62,    0.00, 0
29, 6783, 1, 29,  4.99, 25.79, 58.73,  131.27, 5000.00,    0.00,    1.62,    0.00, 0
29, 6784, 1, 29,  5.19, 25.98, 59.58,  131.26, 5000.00,    0.00,    1.62,    0.00, 0
29, 6785, 1, 29,  5.24, 26.07, 60.81,  131.25, 5000.00,    0.00,    1.63,    0.00, 0
29, 6786, 1, 29,  5.58, 26.14, 63.06,  131.26, 5000.00,    0.00,    1.65,    0.00, 0
29, 6787, 1, 29,  4.90, 26.53, 65.38,  131.29, 5000.00,    0.00,    1.63,    0.00, 0
29, 6788, 1, 29,  5.28, 26.91, 68.60,  131.25, 5000.00,    0.00,    1.61,    0.00, 0
29, 6789, 1, 29,  4.92, 27.41, 70.79,  131.24, 5000.00,    0.00,    1.59,    0.00, 0
29, 6790, 1, 29,  4.75, 27.49, 72.40,  131.22, 5000.00,    0.00,    1.57,    0.00, 0
29, 6791, 1, 29,  4.82, 27.50, 73.63,  131.19, 5000.00,    0.00,    1.52,    0.00, 0
29, 6792, 1, 29,  4.67, 27.64, 74.49,  131.15, 5000.00,    0.01,    1.48,    0.00, 0
29, 6793, 1, 29,  4.57, 27.61, 75.12,  131.12, 5000.00,    0.01,    1.45,    0.00, 0
29, 6794, 1, 29,  4.30, 27.75, 75.68,  131.08, 5000.00,    0.01,    1.41,    0.00, 0
29, 6795, 1, 29,  4.30, 27.79, 76.01,  131.03, 5000.00,    0.01,    1.40,    0.00, 0
29, 6796, 1, 29,  4.33, 27.82, 76.25,  130.98, 5000.00,    0.01,    1.38,    0.00, 0
29, 6797, 1, 29,  4.35, 27.87, 76.43,  130.91, 5000.00,    0.01,    1.34,    0.00, 0
29, 6798, 1, 29,  4.55, 27.74, 76.42,  130.92, 5000.00,    0.01,    1.43,    0.00, 0
29, 6799, 1, 29,  3.65, 25.58, 57.29,  131.29, 5000.00,    0.00,    1.60,    0.00, 0
29, 6800, 1, 29,  3.87, 25.55, 57.42,  131.29, 5000.00,    0.00,    1.61,    0.00, 0
29, 6801, 1, 29,  3.87, 25.56, 57.55,  131.28, 5000.00,    0.00,    1.61,    0.00, 0
29, 6802, 1, 29,  3.78, 25.63, 57.81,  131.28, 5000.00,    0.00,    1.59,    0.00, 0
29, 6803, 1, 29,  3.62, 25.67, 58.23,  131.28, 5000.00,    0.00,    1.61,    0.00, 0
29, 6804, 1, 29,  3.60, 25.74, 58.66,  131.28, 5000.00,    0.00,    1.60,    0.00, 0
29, 6805, 1, 29,  3.27, 25.84, 59.31,  131.28, 5000.00,    0.00,    1.61,    0.00, 0
29, 6806, 1, 29,  3.51, 25.90, 60.14,  131.27, 5000.00,    0.00,    1.61,    0.00, 0
29, 6807, 1, 29,  3.53, 26.00, 61.32,  131.26, 5000.00,    0.00,    1.63,    0.00, 0
29, 6808, 1, 29,  3.88, 26.13, 63.17,  131.27, 5000.00,    0.00,    1.64,    0.00, 0
29, 6809, 1, 29,  3.08, 26.53, 66.05,  131.33, 5000.00,    0.00,    1.61,    0.00, 0
29, 6810, 1, 29,  3.57, 26.99, 69.13,  131.28, 5000.00,    0.00,    1.57,    0.00, 0
29, 6811, 1, 29,  3.13, 27.32, 71.09,  131.27, 5000.00,    0.00,    1.59,    0.00, 0
29, 6812, 1, 29,  3.02, 27.54, 72.60,  131.27, 5000.00,    0.00,    1.58,    0.00, 0
29, 6813, 1, 29,  3.21, 27.74, 73.80,  131.25, 5000.00,    0.00,    1.52,    0.00, 0
29, 6814, 1, 29,  3.09, 27.91, 74.63,  131.24, 5000.00,    0.01,    1.47,    0.00, 0
29, 6815, 1, 29,  3.01, 27.88, 75.18,  131.23, 5000.00,    0.01,    1.44,    0.00, 0
29, 6816, 1, 29,  2.69, 27.99, 75.74,  131.18, 5000.00,    0.01,    1.42,    0.00, 0
29, 6817, 1, 29,  2.69, 28.02, 76.01,  131.15, 5000.00,    0.01,    1.42,    0.00, 0
29, 6818, 1, 29, 22.72, 15.46, 75.93,  130.56, 5000.00,    0.04,    2.56,    0.00, 0
29, 6819, 1, 29,  2.62, 28.08, 76.46,  131.02, 5000.00,    0.01,    1.37,    0.00, 0
29, 6820, 1, 29,  2.75, 27.94, 76.48,  131.02, 5000.00,    0.01,    1.47,    0.00, 0
29, 6821, 1, 29,  2.78, 25.45, 57.26,  131.29, 5000.00,    0.00,    1.62,    0.00, 0
29, 6822, 1, 29,  3.03, 25.48, 57.33,  131.30, 5000.00,    0.00,    1.59,    0.00, 0
29, 6823, 1, 29,  2.99, 25.48, 57.49,  131.30, 5000.00,    0.00,    1.60,    0.00, 0
29, 6824, 1, 29,  2.88, 25.55, 57.74,  131.30, 5000.00,    0.00,    1.60,    0.00, 0
29, 6825, 1, 29,  2.70, 25.70, 58.18,  131.30, 5000.00,    0.00,    1.62,    0.00, 0
29, 6826, 1, 29,  2.69, 25.65, 58.62,  131.32, 5000.00,    0.01,    1.60,    0.00, 0
29, 6827, 1, 29,  2.33, 25.71, 59.33,  131.32, 5000.00,    0.01,    1.63,    0.00, 0
29, 6828, 1, 29,  2.60, 25.91, 60.11,  131.30, 5000.00,    0.01,    1.63,    0.00, 0
29, 6829, 1, 29,  2.61, 26.02, 61.30,  131.30, 5000.00,    0.01,    1.64,    0.00, 0
29, 6830, 1, 29,  2.95, 26.17, 62.96,  131.28, 5000.00,    0.00,    1.67,    0.00, 0
29, 6831, 1, 29,  2.09, 26.53, 66.02,  131.37, 5000.00,    0.01,    1.65,    0.00, 0
29, 6832, 1, 29,  2.60, 26.99, 69.33,  131.36, 5000.00,    0.00,    1.53,    0.00, 0
29, 6833, 1, 29,  2.16, 27.16, 70.95,  131.31, 5000.00,    0.01,    1.65,    0.00, 0
29, 6834, 1, 29,  2.05, 27.39, 72.48,  131.32, 5000.00,    0.01,    1.63,    0.00, 0
29, 6835, 1, 29,  2.31, 27.56, 73.67,  131.27, 5000.00,    0.01,    1.59,    0.00, 0
29, 6836, 1, 29,  2.19, 27.75, 74.58,  131.26, 5000.00,    0.01,    1.53,    0.00, 0
29, 6837, 1, 29,  2.15, 27.96, 75.12,  131.26, 5000.00,    0.01,    1.53,    0.00, 0
29, 6838, 1, 29, 22.51, 14.54, 74.73,  130.65, 5000.00,    0.09,    3.05,    0.00, 0
29, 6839, 1, 29, 22.71, 14.43, 75.30,  130.48, 5000.00,    0.09,    2.94,    0.00, 0
29, 6840, 1, 29,  1.73, 28.00, 76.32,  131.17, 5000.00,    0.01,    1.49,    0.00, 0
29, 6841, 1, 29,  1.70, 28.06, 76.51,  131.13, 5000.00,    0.01,    1.45,    0.00, 0
29, 6842, 1, 29,  1.76, 27.97, 76.51,  131.13, 5000.00,    0.01,    1.52,    0.00, 0
29, 6843, 1, 29,  2.42, 25.53, 57.23,  131.31, 5000.00,    0.01,    1.62,    0.00, 0
29, 6844, 1, 29,  2.62, 25.45, 57.33,  131.30, 5000.00,    0.01,    1.59,    0.00, 0
29, 6845, 1, 29,  2.60, 25.43, 57.52,  131.30, 5000.00,    0.01,    1.61,    0.00, 0
29, 6846, 1, 29,  2.48, 25.49, 57.78,  131.31, 5000.00,    0.01,    1.61,    0.00, 0
29, 6847, 1, 29,  2.29, 25.49, 58.24,  131.31, 5000.00,    0.01,    1.64,    0.00, 0
29, 6848, 1, 29,  2.28, 25.65, 58.60,  131.36, 5000.00,    0.01,    1.60,    0.00, 0
29, 6849, 1, 29,  2.11, 25.24, 60.62,  131.32, 5000.00,    0.01,    1.90,    0.00, 0
29, 6850, 1, 29,  2.18, 25.87, 60.12,  131.33, 5000.00,    0.01,    1.65,    0.00, 0
29, 6851, 1, 29,  2.19, 25.99, 61.32,  131.33, 5000.00,    0.01,    1.66,    0.00, 0
29, 6852, 1, 29,  2.50, 26.15, 63.07,  131.31, 5000.00,    0.01,    1.68,    0.00, 0
29, 6853, 1, 29,  1.62, 26.37, 65.08,  131.40, 5000.00,    0.01,    1.75,    0.00, 0
29, 6854, 1, 29,  2.14, 26.95, 69.26,  131.38, 5000.00,    0.01,    1.57,    0.00, 0
29, 6855, 1, 29,  1.73, 27.12, 70.92,  131.35, 5000.00,    0.01,    1.68,    0.00, 0
29, 6856, 1, 29,  1.63, 27.32, 72.40,  131.34, 5000.00,    0.01,    1.69,    0.00, 0
29, 6857, 1, 29,  1.93, 27.48, 73.53,  131.31, 5000.00,    0.01,    1.65,    0.00, 0
29, 6858, 1, 29,  1.86, 27.64, 74.49,  131.30, 5000.00,    0.01,    1.62,    0.00, 0
29, 6859, 1, 29,  1.76, 27.77, 75.09,  131.29, 5000.00,    0.01,    1.58,    0.00, 0
29, 6860, 1, 29,  1.46, 27.76, 75.56,  131.30, 5000.00,    0.01,    1.64,    0.00, 0
29, 6861, 1, 29,  1.45, 27.78, 75.83,  131.28, 5000.00,    0.01,    1.65,    0.00, 0
29, 6862, 1, 29,  1.43, 27.81, 76.17,  131.26, 5000.00,    0.01,    1.63,    0.00, 0
29, 6863, 1, 29,  1.42, 27.82, 76.31,  131.26, 5000.00,    0.01,    1.64,    0.00, 0
29, 6864, 1, 29,  1.41, 27.87, 76.46,  131.22, 5000.00,    0.01,    1.61,    0.00, 0
29, 6865, 1, 29,  3.53, 26.98, 57.22,  131.08, 5000.00,    0.08,    2.43,    0.00, 0
29, 6866, 1, 29,  3.54, 27.01, 57.40,  131.11, 5000.00,    0.08,    2.41,    0.00, 0
29, 6867, 1, 29, 25.15, 13.55, 56.40,  131.33, 5000.00,    0.01,    1.66,    0.00, 0
29, 6868, 1, 29, 25.44, 13.04, 56.66,  131.36, 5000.00,    0.01,    1.67,    0.00, 0
29, 6869, 1, 29, 25.49, 12.99, 57.02,  131.36, 5000.00,    0.01,    1.67,    0.00, 0
29, 6870, 1, 29, 25.24, 12.60, 58.25,  131.35, 5000.00,    0.01,    1.94,    0.00, 0
29, 6871, 1, 29, 25.35, 12.66, 59.12,  131.34, 5000.00,    0.01,    1.98,    0.00, 0
29, 6872, 1, 29, 25.69, 12.99, 59.15,  131.38, 5000.00,    0.01,    1.73,    0.00, 0
29, 6873, 1, 29, 25.66, 12.99, 60.25,  131.37, 5000.00,    0.01,    1.74,    0.00, 0
29, 6874, 1, 29, 25.67, 12.94, 61.73,  131.36, 5000.00,    0.01,    1.77,    0.00, 0
29, 6875, 1, 29, 25.49, 12.87, 64.87,  131.35, 5000.00,    0.01,    1.82,    0.00, 0
29, 6876, 1, 29, 25.63, 12.84, 68.84,  131.36, 5000.00,    0.01,    1.79,    0.00, 0
29, 6877, 1, 29, 25.71, 12.82, 70.80,  131.37, 5000.00,    0.01,    1.76,    0.00, 0
29, 6878, 1, 29, 25.76, 12.82, 72.08,  131.38, 5000.00,    0.01,    1.75,    0.00, 0
29, 6879, 1, 29, 25.80, 12.79, 73.19,  131.38, 5000.00,    0.01,    1.73,    0.00, 0
29, 6880, 1, 29, 25.75, 13.13, 74.03,  131.34, 5000.00,    0.01,    1.66,    0.00, 0
29, 6881, 1, 29, 25.76, 13.12, 74.70,  131.32, 5000.00,    0.01,    1.66,    0.00, 0
29, 6882, 1, 29, 25.77, 13.15, 75.17,  131.31, 5000.00,    0.01,    1.65,    0.00, 0
29, 6883, 1, 29, 25.78, 13.15, 75.56,  131.30, 5000.00,    0.01,    1.65,    0.00, 0
29, 6884, 1, 29, 25.78, 13.13, 75.84,  131.29, 5000.00,    0.01,    1.66,    0.00, 0
29, 6885, 1, 29, 25.60, 13.11, 76.00,  131.22, 5000.00,    0.01,    1.77,    0.00, 0
29, 6886, 1, 29, 25.78, 13.12, 76.19,  131.23, 5000.00,    0.01,    1.67,    0.00, 0
29, 6887, 1, 29,  3.63, 27.05, 57.13,  131.09, 5000.00,    0.07,    2.30,    0.00, 0
29, 6888, 1, 29, 25.00, 13.75, 56.26,  131.32, 5000.00,    0.01,    1.65,    0.00, 0
29, 6889, 1, 29, 25.03, 13.75, 56.38,  131.32, 5000.00,    0.01,    1.64,    0.00, 0
29, 6890, 1, 29, 25.36, 13.33, 56.56,  131.35, 5000.00,    0.01,    1.62,    0.00, 0
29, 6891, 1, 29, 25.41, 13.22, 56.97,  131.34, 5000.00,    0.01,    1.63,    0.00, 0
29, 6892, 1, 29, 25.69, 12.92, 57.39,  131.35, 5000.00,    0.01,    1.67,    0.00, 0
29, 6893, 1, 29, 25.63, 12.89, 58.37,  131.35, 5000.00,    0.01,    1.75,    0.00, 0
29, 6894, 1, 29, 25.60, 13.25, 59.07,  131.35, 5000.00,    0.01,    1.70,    0.00, 0
29, 6895, 1, 29, 25.55, 13.25, 60.27,  131.35, 5000.00,    0.01,    1.73,    0.00, 0
29, 6896, 1, 29, 25.56, 13.20, 61.83,  131.34, 5000.00,    0.01,    1.75,    0.00, 0
29, 6897, 1, 29, 25.51, 13.21, 64.97,  131.34, 5000.00,    0.01,    1.80,    0.00, 0
29, 6898, 1, 29, 25.54, 13.10, 68.85,  131.33, 5000.00,    0.01,    1.76,    0.00, 0
29, 6899, 1, 29, 25.62, 13.08, 70.81,  131.35, 5000.00,    0.01,    1.73,    0.00, 0
29, 6900, 1, 29, 25.68, 13.08, 72.13,  131.35, 5000.00,    0.01,    1.71,    0.00, 0
29, 6901, 1, 29, 25.80, 13.05, 73.42,  131.36, 5000.00,    0.01,    1.65,    0.00, 0
29, 6902, 1, 29, 25.74, 13.36, 74.21,  131.32, 5000.00,    0.01,    1.60,    0.00, 0
29, 6903, 1, 29, 25.78, 13.34, 74.81,  131.32, 5000.00,    0.01,    1.59,    0.00, 0
29, 6904, 1, 29, 25.83, 13.36, 75.37,  131.30, 5000.00,    0.01,    1.56,    0.00, 0
29, 6905, 1, 29, 25.82, 13.35, 75.66,  131.29, 5000.00,    0.01,    1.57,    0.00, 0
29, 6906, 1, 29, 25.84, 13.35, 75.99,  131.28, 5000.00,    0.01,    1.56,    0.00, 0
29, 6907, 1, 29, 25.43, 13.39, 76.00,  131.18, 5000.00,    0.01,    1.77,    0.00, 0
29, 6908, 1, 29, 25.85, 13.36, 76.27,  131.17, 5000.00,    0.01,    1.55,    0.00, 0
29, 6909, 1, 29,  3.89, 27.08, 57.10,  131.09, 5000.00,    0.06,    2.20,    0.00, 0
29, 6910, 1, 29, 24.89, 14.08, 56.21,  131.31, 5000.00,    0.00,    1.64,    0.00, 0
29, 6911, 1, 29, 24.91, 14.08, 56.33,  131.31, 5000.00,    0.00,    1.63,    0.00, 0
29, 6912, 1, 29, 25.22, 13.64, 56.57,  131.32, 5000.00,    0.01,    1.63,    0.00, 0
29, 6913, 1, 29, 25.20, 13.59, 57.06,  131.32, 5000.00,    0.01,    1.66,    0.00, 0
29, 6914, 1, 29, 25.42, 13.27, 57.51,  131.33, 5000.00,    0.01,    1.66,    0.00, 0
29, 6915, 1, 29, 25.57, 13.32, 58.20,  131.35, 5000.00,    0.01,    1.68,    0.00, 0
29, 6916, 1, 29, 25.46, 13.64, 59.02,  131.33, 5000.00,    0.01,    1.68,    0.00, 0
29, 6917, 1, 29, 25.40, 13.65, 60.27,  131.33, 5000.00,    0.01,    1.70,    0.00, 0
29, 6918, 1, 29,  4.44, 27.07, 60.98,  131.11, 5000.00,    0.12,    2.44,    0.00, 0
29, 6919, 1, 29,  4.56, 27.04, 61.52,  131.12, 5000.00,    0.12,    2.40,    0.00, 0
29, 6920, 1, 29, 25.39, 13.52, 68.78,  131.31, 5000.00,    0.01,    1.73,    0.00, 0
29, 6921, 1, 29, 25.46, 13.48, 70.72,  131.31, 5000.00,    0.01,    1.70,    0.00, 0
29, 6922, 1, 29, 25.64, 13.45, 72.35,  131.32, 5000.00,    0.01,    1.63,    0.00, 0
29, 6923, 1, 29, 25.70, 13.43, 73.49,  131.33, 5000.00,    0.01,    1.60,    0.00, 0
29, 6924, 1, 29, 25.59, 13.69, 74.21,  131.29, 5000.00,    0.01,    1.58,    0.00, 0
29, 6925, 1, 29, 25.64, 13.67, 74.84,  131.28, 5000.00,    0.01,    1.57,    0.00, 0
29, 6926, 1, 29, 25.68, 13.68, 75.41,  131.25, 5000.00,    0.01,    1.55,    0.00, 0
29, 6927, 1, 29, 25.64, 13.68, 75.67,  131.25, 5000.00,    0.01,    1.57,    0.00, 0
29, 6928, 1, 29, 25.63, 13.68, 75.99,  131.23, 5000.00,    0.01,    1.57,    0.00, 0
29, 6929, 1, 29,  2.75, 28.65, 75.90,  131.31, 5000.00,    0.08,    1.08,    0.00, 0
29, 6930, 1, 29,  2.65, 28.77, 76.21,  131.27, 5000.00,    0.08,    1.02,    0.00, 0
29, 6931, 1, 29,  5.01, 26.75, 56.83,  131.10, 5000.00,    0.04,    2.19,    0.00, 0
29, 6932, 1, 29,  4.70, 26.99, 56.92,  131.05, 5000.00,    0.04,    2.14,    0.00, 0
29, 6933, 1, 29,  4.39, 27.15, 57.09,  131.07, 5000.00,    0.05,    2.07,    0.00, 0
29, 6934, 1, 29, 24.85, 14.18, 56.61,  131.31, 5000.00,    0.00,    1.63,    0.00, 0
29, 6935, 1, 29, 25.03, 14.20, 56.97,  131.31, 5000.00,    0.00,    1.63,    0.00, 0
29, 6936, 1, 29, 25.23, 13.90, 57.48,  131.31, 5000.00,    0.01,    1.63,    0.00, 0
29, 6937, 1, 29, 25.23, 13.90, 58.20,  131.30, 5000.00,    0.01,    1.66,    0.00, 0
29, 6938, 1, 29, 25.13, 14.19, 59.06,  131.29, 5000.00,    0.01,    1.66,    0.00, 0
29, 6939, 1, 29, 25.07, 14.23, 60.27,  131.29, 5000.00,    0.01,    1.68,    0.00, 0
29, 6940, 1, 29,  4.84, 27.19, 61.51,  131.15, 5000.00,    0.08,    2.18,    0.00, 0
29, 6941, 1, 29,  5.07, 27.20, 63.68,  131.24, 5000.00,    0.08,    2.11,    0.00, 0
29, 6942, 1, 29,  5.02, 27.02, 65.16,  131.23, 5000.00,    0.08,    2.10,    0.00, 0
29, 6943, 1, 29,  4.36, 27.73, 70.50,  131.41, 5000.00,    0.08,    1.65,    0.00, 0
29, 6944, 1, 29,  3.73, 28.13, 72.32,  131.39, 5000.00,    0.08,    1.42,    0.00, 0
29, 6945, 1, 29, 25.37, 14.00, 73.39,  131.27, 5000.00,    0.01,    1.60,    0.00, 0
29, 6946, 1, 29, 25.23, 14.26, 74.14,  131.24, 5000.00,    0.01,    1.59,    0.00, 0
29, 6947, 1, 29, 25.27, 14.23, 74.77,  131.22, 5000.00,    0.01,    1.58,    0.00, 0
29, 6948, 1, 29,  3.14, 28.58, 75.02,  131.33, 5000.00,    0.06,    1.02,    0.00, 0
29, 6949, 1, 29,  3.10, 28.54, 75.24,  131.29, 5000.00,    0.06,    1.03,    0.00, 0
29, 6950, 1, 29, 25.29, 14.29, 76.00,  131.14, 5000.00,    0.01,    1.57,    0.00, 0
29, 6951, 1, 29,  2.86, 28.75, 76.08,  131.25, 5000.00,    0.06,    0.91,    0.00, 0
29, 6952, 1, 29,  2.89, 28.71, 76.21,  131.22, 5000.00,    0.06,    0.94,    0.00, 0
29, 6953, 1, 29,  5.28, 26.97, 56.76,  131.01, 5000.00,    0.04,    1.94,    0.00, 0
29, 6954, 1, 29,  4.87, 27.20, 56.87,  131.06, 5000.00,    0.04,    1.86,    0.00, 0
29, 6955, 1, 29, 24.19, 15.49, 56.38,  131.30, 5000.00,    0.00,    1.59,    0.00, 0
29, 6956, 1, 29,  4.87, 27.13, 57.37,  131.04, 5000.00,    0.04,    1.97,    0.00, 0
29, 6957, 1, 29,  4.83, 27.19, 57.77,  131.06, 5000.00,    0.04,    1.95,    0.00, 0
29, 6958, 1, 29,  4.68, 27.25, 58.26,  131.08, 5000.00,    0.04,    2.02,    0.00, 0
29, 6959, 1, 29,  4.88, 27.20, 59.03,  131.08, 5000.00,    0.05,    2.05,    0.00, 0
29, 6960, 1, 29,  5.08, 27.27, 59.79,  131.07, 5000.00,    0.05,    1.95,    0.00, 0
29, 6961, 1, 29,  5.18, 27.31, 60.86,  131.12, 5000.00,    0.05,    1.90,    0.00, 0
29, 6962, 1, 29,  5.23, 27.42, 61.94,  131.17, 5000.00,    0.05,    1.82,    0.00, 0
29, 6963, 1, 29,  5.30, 27.48, 63.51,  131.24, 5000.00,    0.05,    1.73,    0.00, 0
29, 6964, 1, 29,  5.67, 27.21, 65.18,  131.29, 5000.00,    0.05,    1.74,    0.00, 0
29, 6965, 1, 29,  5.15, 27.43, 67.05,  131.40, 5000.00,    0.05,    1.61,    0.00, 0
29, 6966, 1, 29,  4.28, 28.15, 71.70,  131.40, 5000.00,    0.05,    1.18,    0.00, 0
29, 6967, 1, 29,  4.12, 28.13, 72.45,  131.40, 5000.00,    0.05,    1.17,    0.00, 0
29, 6968, 1, 29,  3.76, 28.40, 73.60,  131.37, 5000.00,    0.05,    0.98,    0.00, 0
29, 6969, 1, 29,  3.38, 28.65, 74.54,  131.34, 5000.00,    0.05,    0.81,    0.00, 0
29, 6970, 1, 29,  3.39, 28.60, 75.02,  131.25, 5000.00,    0.05,    0.80,    0.00, 0
29, 6971, 1, 29,  2.94, 29.03, 75.71,  131.22, 5000.00,    0.06,    0.53,    0.00, 0
29, 6972, 1, 29,  3.01, 28.90, 75.89,  131.19, 5000.00,    0.06,    0.61,    0.00, 0
29, 6973, 1, 29,  3.02, 28.88, 76.21,  131.16, 5000.00,    0.06,    0.63,    0.00, 0
29, 6974, 1, 29,  3.52, 28.64, 76.19,  131.15, 5000.00,    0.06,    0.79,    0.00, 0
29, 6975, 1, 29, 23.17, 17.03, 56.06,  131.29, 5000.00,    0.00,    1.65,    0.00, 0
29, 6976, 1, 29,  7.35, 26.86, 56.67,  131.16, 5000.00,    0.03,    1.72,    0.00, 0
29, 6977, 1, 29,  5.48, 27.27, 56.83,  131.05, 5000.00,    0.03,    1.70,    0.00, 0
29, 6978, 1, 29,  5.17, 27.47, 57.17,  131.11, 5000.00,    0.04,    1.65,    0.00, 0
29, 6979, 1, 29,  6.69, 27.11, 57.68,  131.15, 5000.00,    0.04,    1.71,    0.00, 0
29, 6980, 1, 29, 23.66, 16.63, 57.47,  131.26, 5000.00,    0.00,    1.61,    0.00, 0
29, 6981, 1, 29,  6.49, 27.10, 58.77,  131.15, 5000.00,    0.03,    1.71,    0.00, 0
29, 6982, 1, 29,  6.58, 27.16, 59.82,  131.18, 5000.00,    0.03,    1.66,    0.00, 0
29, 6983, 1, 29,  6.57, 27.25, 60.99,  131.23, 5000.00,    0.03,    1.58,    0.00, 0
29, 6984, 1, 29,  6.92, 27.29, 62.45,  131.31, 5000.00,    0.04,    1.51,    0.00, 0
29, 6985, 1, 29,  6.69, 27.41, 64.56,  131.30, 5000.00,    0.04,    1.41,    0.00, 0
29, 6986, 1, 29,  6.72, 27.28, 65.77,  131.31, 5000.00,    0.04,    1.38,    0.00, 0
29, 6987, 1, 29,  7.11, 27.15, 67.97,  131.38, 5000.00,    0.04,    1.38,    0.00, 0
29, 6988, 1, 29,  6.47, 27.43, 70.31,  131.39, 5000.00,    0.04,    1.27,    0.00, 0
29, 6989, 1, 29,  6.04, 27.64, 72.12,  131.35, 5000.00,    0.04,    1.16,    0.00, 0
29, 6990, 1, 29,  4.38, 28.32, 73.65,  131.31, 5000.00,    0.04,    0.80,    0.00, 0
29, 6991, 1, 29,  3.94, 28.58, 74.70,  131.23, 5000.00,    0.05,    0.64,    0.00, 0
29, 6992, 1, 29,  3.90, 28.67, 75.27,  131.20, 5000.00,    0.05,    0.58,    0.00, 0
29, 6993, 1, 29,  3.77, 28.85, 75.84,  131.13, 5000.00,    0.05,    0.46,    0.00, 0
29, 6994, 1, 29,  3.85, 28.79, 76.06,  131.11, 5000.00,    0.05,    0.50,    0.00, 0
29, 6995, 1, 29,  7.55, 27.69, 75.95,  131.02, 5000.00,    0.06,    1.04,    0.00, 0
29, 6996, 1, 29, 23.45, 17.30, 76.31,  130.93, 5000.00,    0.01,    1.49,    0.00, 0
29, 6997, 1, 29,  7.49, 26.83, 56.57,  131.17, 5000.00,    0.02,    1.66,    0.00, 0
29, 6998, 1, 29,  7.50, 26.90, 56.66,  131.16, 5000.00,    0.02,    1.61,    0.00, 0
29, 6999, 1, 29, 21.15, 19.17, 56.39,  131.21, 5000.00,    0.00,    1.73,    0.00, 0
29, 7000, 1, 29,  7.24, 27.03, 57.21,  131.18, 5000.00,    0.02,    1.59,    0.00, 0
29, 7001, 1, 29,  7.20, 27.05, 57.60,  131.18, 5000.00,    0.02,    1.58,    0.00, 0
29, 7002, 1, 29, 21.48, 19.04, 57.58,  131.23, 5000.00,    0.00,    1.66,    0.00, 0
29, 7003, 1, 29, 21.32, 19.10, 58.28,  131.23, 5000.00,    0.00,    1.67,    0.00, 0
29, 7004, 1, 29, 21.18, 19.31, 59.28,  131.22, 5000.00,    0.00,    1.67,    0.00, 0
29, 7005, 1, 29,  7.09, 27.27, 61.15,  131.27, 5000.00,    0.02,    1.39,    0.00, 0
29, 7006, 1, 29,  7.46, 27.33, 62.47,  131.30, 5000.00,    0.02,    1.30,    0.00, 0
29, 7007, 1, 29,  7.16, 27.36, 64.72,  131.29, 5000.00,    0.02,    1.21,    0.00, 0
29, 7008, 1, 29,  7.45, 27.39, 66.47,  131.28, 5000.00,    0.02,    1.18,    0.00, 0
29, 7009, 1, 29, 21.01, 19.51, 70.05,  131.16, 5000.00,    0.00,    1.64,    0.00, 0
29, 7010, 1, 29,  7.17, 27.32, 70.22,  131.31, 5000.00,    0.03,    1.13,    0.00, 0
29, 7011, 1, 29,  6.82, 27.54, 72.06,  131.29, 5000.00,    0.03,    1.02,    0.00, 0
29, 7012, 1, 29,  7.62, 27.34, 72.91,  131.25, 5000.00,    0.03,    1.09,    0.00, 0
29, 7013, 1, 29,  8.15, 27.35, 73.95,  131.20, 5000.00,    0.04,    1.07,    0.00, 0
29, 7014, 1, 29, 20.36, 20.70, 75.17,  131.07, 5000.00,    0.01,    1.58,    0.00, 0
29, 7015, 1, 29,  4.12, 28.83, 75.60,  131.11, 5000.00,    0.04,    0.39,    0.00, 0
29, 7016, 1, 29,  4.17, 28.80, 75.85,  131.10, 5000.00,    0.04,    0.41,    0.00, 0
29, 7017, 1, 29,  7.48, 27.92, 75.80,  131.09, 5000.00,    0.04,    0.82,    0.00, 0
29, 7018, 1, 29,  7.77, 27.74, 75.93,  131.03, 5000.00,    0.04,    0.89,    0.00, 0
29, 7019, 1, 29, 13.55, 25.14, 55.96,  131.24, 5000.00,    0.00,    1.85,    0.00, 0
29, 7020, 1, 29,  8.31, 26.89, 56.51,  131.07, 5000.00,    0.01,    1.88,    0.00, 0
29, 7021, 1, 29,  7.93, 27.10, 56.68,  131.10, 5000.00,    0.01,    1.82,    0.00, 0
29, 7022, 1, 29,  7.85, 27.15, 56.99,  131.12, 5000.00,    0.01,    1.80,    0.00, 0
29, 7023, 1, 29,  7.81, 27.17, 57.38,  131.09, 5000.00,    0.01,    1.80,    0.00, 0
29, 7024, 1, 29, 14.53, 24.66, 57.55,  131.24, 5000.00,    0.00,    1.80,    0.00, 0
29, 7025, 1, 29, 14.33, 24.87, 58.24,  131.25, 5000.00,    0.00,    1.79,    0.00, 0
29, 7026, 1, 29, 14.05, 25.09, 59.25,  131.25, 5000.00,    0.00,    1.78,    0.00, 0
29, 7027, 1, 29, 14.20, 25.04, 60.65,  131.22, 5000.00,    0.00,    1.79,    0.00, 0
29, 7028, 1, 29, 14.22, 24.92, 62.63,  131.19, 5000.00,    0.00,    1.79,    0.00, 0
29, 7029, 1, 29,  7.66, 27.50, 65.12,  131.20, 5000.00,    0.01,    1.44,    0.00, 0
29, 7030, 1, 29,  7.98, 27.50, 67.66,  131.20, 5000.00,    0.01,    1.40,    0.00, 0
29, 7031, 1, 29,  7.58, 27.62, 69.38,  131.21, 5000.00,    0.01,    1.33,    0.00, 0
29, 7032, 1, 29, 14.02, 25.27, 71.84,  131.18, 5000.00,    0.01,    1.74,    0.00, 0
29, 7033, 1, 29,  7.28, 27.70, 72.43,  131.20, 5000.00,    0.01,    1.26,    0.00, 0
29, 7034, 1, 29,  7.78, 27.64, 73.38,  131.18, 5000.00,    0.01,    1.28,    0.00, 0
29, 7035, 1, 29, 14.13, 25.34, 74.68,  131.12, 5000.00,    0.01,    1.64,    0.00, 0
29, 7036, 1, 29, 13.84, 25.62, 75.28,  131.08, 5000.00,    0.01,    1.59,    0.00, 0
29, 7037, 1, 29, 13.83, 25.70, 75.71,  131.04, 5000.00,    0.01,    1.55,    0.00, 0
29, 7038, 1, 29, 13.82, 25.63, 75.89,  131.03, 5000.00,    0.01,    1.58,    0.00, 0
29, 7039, 1, 29, 13.79, 25.60, 76.02,  131.01, 5000.00,    0.01,    1.60,    0.00, 0
29, 7040, 1, 29,  7.56, 27.92, 76.00,  130.92, 5000.00,    0.02,    1.15,    0.00, 0
29, 7041, 1, 29,  7.78, 26.50, 56.39,  131.21, 5000.00,    0.00,    1.79,    0.00, 0
29, 7042, 1, 29,  7.61, 26.56, 56.50,  131.21, 5000.00,    0.00,    1.78,    0.00, 0
29, 7043, 1, 29,  7.40, 26.65, 56.67,  131.21, 5000.00,    0.00,    1.77,    0.00, 0
29, 7044, 1, 29,  7.47, 26.66, 56.94,  131.21, 5000.00,    0.00,    1.77,    0.00, 0
29, 7045, 1, 29,  7.49, 26.70, 57.32,  131.20, 5000.00,    0.00,    1.75,    0.00, 0
29, 7046, 1, 29,  7.75, 26.80, 57.85,  131.19, 5000.00,    0.00,    1.76,    0.00, 0
29, 7047, 1, 29,  7.55, 26.95, 58.53,  131.19, 5000.00,    0.00,    1.75,    0.00, 0
29, 7048, 1, 29,  7.76, 26.94, 59.52,  131.19, 5000.00,    0.00,    1.75,    0.00, 0
29, 7049, 1, 29,  7.90, 27.13, 60.89,  131.17, 5000.00,    0.00,    1.76,    0.00, 0
29, 7050, 1, 29,  8.00, 27.41, 62.97,  131.19, 5000.00,    0.00,    1.74,    0.00, 0
29, 7051, 1, 29,  7.66, 27.73, 65.54,  131.19, 5000.00,    0.00,    1.71,    0.00, 0
29, 7052, 1, 29,  7.52, 27.90, 68.25,  131.21, 5000.00,    0.00,    1.62,    0.00, 0
29, 7053, 1, 29,  7.03, 27.99, 70.41,  131.22, 5000.00,    0.00,    1.57,    0.00, 0
29, 7054, 1, 29,  6.67, 28.10, 72.08,  131.22, 5000.00,    0.00,    1.52,    0.00, 0
29, 7055, 1, 29,  6.84, 28.20, 73.27,  131.22, 5000.00,    0.01,    1.47,    0.00, 0
29, 7056, 1, 29,  6.84, 28.18, 74.15,  131.19, 5000.00,    0.01,    1.44,    0.00, 0
29, 7057, 1, 29,  7.15, 28.17, 74.79,  131.15, 5000.00,    0.01,    1.45,    0.00, 0
29, 7058, 1, 29,  5.99, 28.54, 75.41,  131.07, 5000.00,    0.01,    1.34,    0.00, 0
29, 7059, 1, 29, 10.37, 27.07, 75.77,  131.02, 5000.00,    0.01,    1.73,    0.00, 0
29, 7060, 1, 29, 10.30, 27.08, 75.96,  131.02, 5000.00,    0.01,    1.73,    0.00, 0
29, 7061, 1, 29,  9.83, 27.26, 76.07,  131.00, 5000.00,    0.01,    1.70,    0.00, 0
29, 7062, 1, 29,  9.56, 27.41, 76.18,  130.97, 5000.00,    0.01,    1.66,    0.00, 0
29, 7063, 1, 29,  5.48, 26.49, 56.67,  131.28, 5000.00,    0.00,    1.66,    0.00, 0
29, 7064, 1, 29,  5.33, 26.57, 56.74,  131.28, 5000.00,    0.00,    1.64,    0.00, 0
29, 7065, 1, 29,  5.34, 26.56, 56.86,  131.27, 5000.00,    0.00,    1.64,    0.00, 0
29, 7066, 1, 29,  5.34, 26.60, 57.16,  131.27, 5000.00,    0.00,    1.64,    0.00, 0
29, 7067, 1, 29,  5.21, 26.69, 57.55,  131.27, 5000.00,    0.00,    1.63,    0.00, 0
29, 7068, 1, 29,  5.29, 26.71, 58.05,  131.26, 5000.00,    0.00,    1.63,    0.00, 0
29, 7069, 1, 29,  5.07, 26.82, 58.71,  131.26, 5000.00,    0.00,    1.64,    0.00, 0
29, 7070, 1, 29,  5.24, 27.02, 59.57,  131.24, 5000.00,    0.00,    1.65,    0.00, 0
29, 7071, 1, 29,  5.31, 27.10, 60.81,  131.24, 5000.00,    0.00,    1.66,    0.00, 0
29, 7072, 1, 29,  5.65, 27.20, 63.22,  131.25, 5000.00,    0.00,    1.68,    0.00, 0
29, 7073, 1, 29,  5.00, 27.60, 65.42,  131.27, 5000.00,    0.00,    1.65,    0.00, 0
29, 7074, 1, 29,  5.38, 27.99, 68.74,  131.23, 5000.00,    0.00,    1.62,    0.00, 0
29, 7075, 1, 29,  4.99, 28.49, 70.84,  131.22, 5000.00,    0.00,    1.61,    0.00, 0
29, 7076, 1, 29,  4.80, 28.58, 72.40,  131.21, 5000.00,    0.00,    1.58,    0.00, 0
29, 7077, 1, 29,  4.83, 28.59, 73.62,  131.17, 5000.00,    0.00,    1.52,    0.00, 0
29, 7078, 1, 29,  4.67, 28.72, 74.47,  131.14, 5000.00,    0.01,    1.50,    0.00, 0
29, 7079, 1, 29,  4.59, 28.70, 75.15,  131.10, 5000.00,    0.01,    1.47,    0.00, 0
29, 7080, 1, 29,  4.25, 28.91, 75.70,  131.09, 5000.00,    0.01,    1.39,    0.00, 0
29, 7081, 1, 29,  4.25, 28.96, 75.99,  131.06, 5000.00,    0.01,    1.38,    0.00, 0
29, 7082, 1, 29,  4.36, 28.90, 76.19,  131.03, 5000.00,    0.01,    1.41,    0.00, 0
29, 7083, 1, 29,  4.37, 28.96, 76.38,  130.94, 5000.00,    0.01,    1.36,    0.00, 0
29, 7084, 1, 29,  4.55, 28.86, 76.42,  130.94, 5000.00,    0.01,    1.43,    0.00, 0
29, 7085, 1, 29,  3.96, 26.52, 57.18,  131.29, 5000.00,    0.00,    1.64,    0.00, 0
29, 7086, 1, 29,  3.88, 26.59, 57.20,  131.29, 5000.00,    0.00,    1.61,    0.00, 0
29, 7087, 1, 29,  3.86, 26.60, 57.33,  131.28, 5000.00,    0.00,    1.62,    0.00, 0
29, 7088, 1, 29,  3.80, 26.65, 57.62,  131.28, 5000.00,    0.00,    1.61,    0.00, 0
29, 7089, 1, 29,  3.66, 26.71, 57.98,  131.28, 5000.00,    0.00,    1.62,    0.00, 0
29, 7090, 1, 29,  3.68, 26.73, 58.51,  131.26, 5000.00,    0.00,    1.63,    0.00, 0
29, 7091, 1, 29,  3.34, 26.87, 59.12,  131.28, 5000.00,    0.00,    1.62,    0.00, 0
29, 7092, 1, 29,  3.55, 26.94, 59.91,  131.26, 5000.00,    0.00,    1.63,    0.00, 0
29, 7093, 1, 29,  3.58, 27.04, 61.12,  131.26, 5000.00,    0.00,    1.65,    0.00, 0
29, 7094, 1, 29,  3.95, 27.17, 63.11,  131.26, 5000.00,    0.00,    1.68,    0.00, 0
29, 7095, 1, 29,  3.15, 27.57, 65.89,  131.31, 5000.00,    0.00,    1.64,    0.00, 0
29, 7096, 1, 29,  3.59, 28.07, 69.24,  131.26, 5000.00,    0.00,    1.58,    0.00, 0
29, 7097, 1, 29,  3.19, 28.41, 71.16,  131.25, 5000.00,    0.00,    1.60,    0.00, 0
29, 7098, 1, 29,  3.08, 28.64, 72.60,  131.26, 5000.00,    0.00,    1.59,    0.00, 0
29, 7099, 1, 29,  3.25, 28.84, 73.80,  131.24, 5000.00,    0.00,    1.52,    0.00, 0
29, 7100, 1, 29,  3.14, 29.00, 74.60,  131.24, 5000.00,    0.01,    1.48,    0.00, 0
29, 7101, 1, 29,  3.03, 29.00, 75.19,  131.23, 5000.00,    0.01,    1.43,    0.00, 0
29, 7102, 1, 29,  2.72, 29.09, 75.74,  131.18, 5000.00,    0.01,    1.42,    0.00, 0
29, 7103, 1, 29,  2.71, 29.13, 76.03,  131.15, 5000.00,    0.01,    1.41,    0.00, 0
29, 7104, 1, 29,  2.79, 29.02, 76.21,  131.12, 5000.00,    0.01,    1.48,    0.00, 0
29, 7105, 1, 29,  2.65, 29.18, 76.47,  131.02, 5000.00,    0.01,    1.36,    0.00, 0
29, 7106, 1, 29,  2.79, 29.05, 76.48,  131.03, 5000.00,    0.01,    1.47,    0.00, 0
29, 7107, 1, 29,  3.06, 26.47, 57.21,  131.30, 5000.00,    0.00,    1.61,    0.00, 0
29, 7108, 1, 29,  3.02, 26.47, 57.32,  131.29, 5000.00,    0.00,    1.62,    0.00, 0
29, 7109, 1, 29,  2.97, 26.51, 57.45,  131.30, 5000.00,    0.00,    1.61,    0.00, 0
29, 7110, 1, 29,  2.88, 26.56, 57.72,  131.29, 5000.00,    0.00,    1.61,    0.00, 0
29, 7111, 1, 29,  2.72, 26.71, 58.13,  131.29, 5000.00,    0.01,    1.63,    0.00, 0
29, 7112, 1, 29,  2.71, 26.65, 58.59,  131.29, 5000.00,    0.01,    1.63,    0.00, 0
29, 7113, 1, 29,  2.35, 26.74, 59.28,  131.32, 5000.00,    0.01,    1.64,    0.00, 0
29, 7114, 1, 29,  2.62, 26.95, 60.01,  131.29, 5000.00,    0.01,    1.65,    0.00, 0
29, 7115, 1, 29,  2.63, 27.06, 61.20,  131.29, 5000.00,    0.01,    1.67,    0.00, 0
29, 7116, 1, 29,  3.01, 27.20, 62.94,  131.26, 5000.00,    0.00,    1.70,    0.00, 0
29, 7117, 1, 29,  2.13, 27.56, 65.82,  131.35, 5000.00,    0.01,    1.68,    0.00, 0
29, 7118, 1, 29,  2.65, 28.06, 69.53,  131.34, 5000.00,    0.00,    1.54,    0.00, 0
29, 7119, 1, 29,  2.19, 28.26, 71.12,  131.30, 5000.00,    0.01,    1.65,    0.00, 0
29, 7120, 1, 29,  2.08, 28.54, 72.63,  131.33, 5000.00,    0.01,    1.61,    0.00, 0
29, 7121, 1, 29,  2.33, 28.70, 73.77,  131.27, 5000.00,    0.01,    1.57,    0.00, 0
29, 7122, 1, 29,  2.25, 28.82, 74.54,  131.26, 5000.00,    0.01,    1.56,    0.00, 0
29, 7123, 1, 29,  2.19, 29.07, 75.14,  131.24, 5000.00,    0.01,    1.54,    0.00, 0
29, 7124, 1, 29,  1.82, 29.02, 75.68,  131.24, 5000.00,    0.01,    1.53,    0.00, 0
29, 7125, 1, 29, 23.68, 14.87, 75.09,  130.57, 5000.00,    0.07,    3.02,    0.00, 0
29, 7126, 1, 29, 24.00, 14.63, 75.67,  130.45, 5000.00,    0.07,    2.85,    0.00, 0
29, 7127, 1, 29, 23.96, 14.70, 75.86,  130.42, 5000.00,    0.08,    2.88,    0.00, 0
29, 7128, 1, 29, 23.98, 14.71, 76.00,  130.43, 5000.00,    0.08,    2.88,    0.00, 0
29, 7129, 1, 29,  2.64, 26.56, 57.26,  131.30, 5000.00,    0.01,    1.63,    0.00, 0
29, 7130, 1, 29,  2.60, 26.50, 57.23,  131.30, 5000.00,    0.01,    1.60,    0.00, 0
29, 7131, 1, 29,  2.60, 26.44, 57.51,  131.30, 5000.00,    0.01,    1.63,    0.00, 0
29, 7132, 1, 29,  2.48, 26.50, 57.77,  131.31, 5000.00,    0.01,    1.63,    0.00, 0
29, 7133, 1, 29,  2.30, 26.52, 58.18,  131.31, 5000.00,    0.01,    1.65,    0.00, 0
29, 7134, 1, 29,  2.31, 26.61, 58.64,  131.33, 5000.00,    0.01,    1.64,    0.00, 0
29, 7135, 1, 29,  2.14, 26.29, 60.70,  131.33, 5000.00,    0.01,    1.94,    0.00, 0
29, 7136, 1, 29,  2.22, 27.03, 59.67,  131.35, 5000.00,    0.01,    1.61,    0.00, 0
29, 7137, 1, 29,  2.20, 27.02, 61.18,  131.31, 5000.00,    0.01,    1.68,    0.00, 0
29, 7138, 1, 29,  2.53, 27.17, 65.29,  131.29, 5000.00,    0.01,    1.67,    0.00, 0
29, 7139, 1, 29,  1.63, 27.47, 65.66,  131.37, 5000.00,    0.01,    1.74,    0.00, 0
29, 7140, 1, 29,  2.18, 28.03, 69.55,  131.35, 5000.00,    0.01,    1.56,    0.00, 0
29, 7141, 1, 29,  1.75, 28.22, 71.11,  131.33, 5000.00,    0.01,    1.68,    0.00, 0
29, 7142, 1, 29,  1.65, 28.40, 72.40,  131.33, 5000.00,    0.01,    1.71,    0.00, 0
29, 7143, 1, 29,  1.99, 28.57, 73.51,  131.31, 5000.00,    0.01,    1.67,    0.00, 0
29, 7144, 1, 29,  1.94, 28.68, 74.40,  131.31, 5000.00,    0.01,    1.67,    0.00, 0
29, 7145, 1, 29,  1.90, 28.73, 74.94,  131.29, 5000.00,    0.01,    1.69,    0.00, 0
29, 7146, 1, 29, 23.86, 14.28, 74.53,  130.67, 5000.00,    0.12,    3.16,    0.00, 0
29, 7147, 1, 29, 23.82, 14.29, 74.77,  130.66, 5000.00,    0.12,    3.19,    0.00, 0
29, 7148, 1, 29, 24.00, 14.25, 75.28,  130.64, 5000.00,    0.11,    3.12,    0.00, 0
29, 7149, 1, 29, 24.04, 14.26, 75.61,  130.60, 5000.00,    0.11,    3.10,    0.00, 0
29, 7150, 1, 29, 23.93, 14.31, 75.67,  130.59, 5000.00,    0.11,    3.16,    0.00, 0
29, 7151, 1, 29,  3.48, 27.94, 57.27,  131.05, 5000.00,    0.08,    2.40,    0.00, 0
29, 7152, 1, 29,  3.44, 28.01, 57.39,  131.04, 5000.00,    0.08,    2.35,    0.00, 0
29, 7153, 1, 29,  3.56, 27.98, 57.63,  131.09, 5000.00,    0.08,    2.37,    0.00, 0
29, 7154, 1, 29, 26.33, 13.74, 56.65,  131.37, 5000.00,    0.01,    1.68,    0.00, 0
29, 7155, 1, 29, 26.38, 13.71, 56.95,  131.36, 5000.00,    0.01,    1.66,    0.00, 0
29, 7156, 1, 29, 26.53, 13.30, 57.56,  131.41, 5000.00,    0.01,    1.74,    0.00, 0
29, 7157, 1, 29, 26.71, 13.34, 58.18,  131.42, 5000.00,    0.01,    1.76,    0.00, 0
29, 7158, 1, 29, 26.67, 13.70, 58.86,  131.37, 5000.00,    0.01,    1.70,    0.00, 0
29, 7159, 1, 29, 26.59, 13.69, 60.05,  131.35, 5000.00,    0.01,    1.74,    0.00, 0
29, 7160, 1, 29, 26.58, 13.65, 61.53,  131.33, 5000.00,    0.01,    1.78,    0.00, 0
29, 7161, 1, 29, 26.41, 13.57, 64.76,  131.34, 5000.00,    0.01,    1.84,    0.00, 0
29, 7162, 1, 29, 26.52, 13.54, 68.66,  131.34, 5000.00,    0.01,    1.81,    0.00, 0
29, 7163, 1, 29, 26.65, 13.52, 71.11,  131.34, 5000.00,    0.01,    1.76,    0.00, 0
29, 7164, 1, 29, 26.71, 13.52, 72.28,  131.37, 5000.00,    0.01,    1.73,    0.00, 0
29, 7165, 1, 29, 26.73, 13.48, 73.25,  131.38, 5000.00,    0.01,    1.73,    0.00, 0
29, 7166, 1, 29, 26.71, 13.83, 74.21,  131.33, 5000.00,    0.01,    1.65,    0.00, 0
29, 7167, 1, 29, 26.43, 13.48, 73.71,  131.37, 5000.00,    0.01,    1.90,    0.00, 0
29, 7168, 1, 29, 26.55, 13.55, 74.76,  131.37, 5000.00,    0.01,    1.90,    0.00, 0
29, 7169, 1, 29, 26.56, 13.57, 75.17,  131.39, 5000.00,    0.01,    1.91,    0.00, 0
29, 7170, 1, 29, 26.79, 13.82, 75.90,  131.30, 5000.00,    0.01,    1.62,    0.00, 0
29, 7171, 1, 29, 26.50, 13.81, 76.01,  131.24, 5000.00,    0.01,    1.79,    0.00, 0
29, 7172, 1, 29, 26.69, 13.82, 76.20,  131.24, 5000.00,    0.01,    1.68,    0.00, 0
29, 7173, 1, 29,  3.54, 28.05, 57.14,  131.02, 5000.00,    0.07,    2.25,    0.00, 0
29, 7174, 1, 29,  3.55, 28.07, 57.36,  131.05, 5000.00,    0.07,    2.24,    0.00, 0
29, 7175, 1, 29,  3.64, 28.06, 57.56,  131.08, 5000.00,    0.07,    2.24,    0.00, 0
29, 7176, 1, 29, 26.24, 14.03, 56.54,  131.35, 5000.00,    0.01,    1.64,    0.00, 0
29, 7177, 1, 29, 26.31, 13.93, 56.94,  131.34, 5000.00,    0.01,    1.62,    0.00, 0
29, 7178, 1, 29, 26.54, 13.61, 57.56,  131.37, 5000.00,    0.01,    1.72,    0.00, 0
29, 7179, 1, 29, 26.62, 13.59, 58.14,  131.38, 5000.00,    0.01,    1.72,    0.00, 0
29, 7180, 1, 29, 26.57, 13.96, 58.81,  131.35, 5000.00,    0.01,    1.66,    0.00, 0
29, 7181, 1, 29, 26.47, 13.95, 60.11,  131.33, 5000.00,    0.01,    1.72,    0.00, 0
29, 7182, 1, 29, 26.47, 13.91, 61.69,  131.32, 5000.00,    0.01,    1.75,    0.00, 0
29, 7183, 1, 29, 26.43, 13.92, 64.82,  131.33, 5000.00,    0.01,    1.81,    0.00, 0
29, 7184, 1, 29, 26.42, 13.81, 68.63,  131.31, 5000.00,    0.01,    1.78,    0.00, 0
29, 7185, 1, 29, 26.55, 13.78, 71.05,  131.31, 5000.00,    0.01,    1.73,    0.00, 0
29, 7186, 1, 29, 26.67, 13.77, 72.42,  131.34, 5000.00,    0.01,    1.68,    0.00, 0
29, 7187, 1, 29,  3.23, 28.65, 72.36,  131.33, 5000.00,    0.15,    1.92,    0.00, 0
29, 7188, 1, 29,  3.23, 28.94, 72.82,  131.36, 5000.00,    0.11,    1.59,    0.00, 0
29, 7189, 1, 29, 26.74, 13.72, 74.69,  131.33, 5000.00,    0.01,    1.66,    0.00, 0
29, 7190, 1, 29, 26.81, 13.75, 75.29,  131.31, 5000.00,    0.01,    1.63,    0.00, 0
29, 7191, 1, 29, 26.85, 13.74, 75.67,  131.30, 5000.00,    0.01,    1.61,    0.00, 0
29, 7192, 1, 29,  2.75, 29.44, 75.03,  131.33, 5000.00,    0.11,    1.20,    0.00, 0
29, 7193, 1, 29,  2.48, 29.64, 75.70,  131.27, 5000.00,    0.10,    1.08,    0.00, 0
29, 7194, 1, 29,  2.54, 29.55, 75.90,  131.20, 5000.00,    0.10,    1.13,    0.00, 0
29, 7195, 1, 29,  3.80, 28.07, 57.10,  131.00, 5000.00,    0.07,    2.16,    0.00, 0
29, 7196, 1, 29,  4.15, 28.01, 57.41,  131.08, 5000.00,    0.07,    2.19,    0.00, 0
29, 7197, 1, 29,  4.13, 28.04, 57.56,  131.06, 5000.00,    0.07,    2.16,    0.00, 0
29, 7198, 1, 29,  3.51, 28.14, 57.64,  131.06, 5000.00,    0.08,    2.29,    0.00, 0
29, 7199, 1, 29,  3.99, 27.89, 58.42,  131.15, 5000.00,    0.08,    2.44,    0.00, 0
29, 7200, 1, 29, 26.30, 13.94, 57.53,  131.34, 5000.00,    0.01,    1.69,    0.00, 0
29, 7201, 1, 29, 26.46, 14.00, 58.20,  131.35, 5000.00,    0.01,    1.71,    0.00, 0
29, 7202, 1, 29,  4.30, 28.08, 59.87,  131.09, 5000.00,    0.10,    2.45,    0.00, 0
29, 7203, 1, 29,  4.44, 28.08, 60.50,  131.08, 5000.00,    0.10,    2.40,    0.00, 0
29, 7204, 1, 29,  4.57, 28.07, 61.24,  131.07, 5000.00,    0.11,    2.39,    0.00, 0
29, 7205, 1, 29,  4.78, 28.10, 63.07,  131.18, 5000.00,    0.11,    2.30,    0.00, 0
29, 7206, 1, 29,  4.70, 28.04, 65.73,  131.24, 5000.00,    0.11,    2.22,    0.00, 0
29, 7207, 1, 29,  4.03, 28.62, 70.27,  131.35, 5000.00,    0.12,    1.83,    0.00, 0
29, 7208, 1, 29,  3.54, 28.89, 71.82,  131.30, 5000.00,    0.12,    1.63,    0.00, 0
29, 7209, 1, 29,  3.36, 28.88, 72.34,  131.34, 5000.00,    0.11,    1.64,    0.00, 0
29, 7210, 1, 29,  3.38, 29.00, 72.75,  131.31, 5000.00,    0.10,    1.45,    0.00, 0
29, 7211, 1, 29,  3.09, 29.10, 73.54,  131.37, 5000.00,    0.11,    1.46,    0.00, 0
29, 7212, 1, 29,  2.86, 29.38, 74.38,  131.39, 5000.00,    0.11,    1.25,    0.00, 0
29, 7213, 1, 29,  2.87, 29.35, 74.55,  131.38, 5000.00,    0.11,    1.26,    0.00, 0
29, 7214, 1, 29,  2.54, 29.84, 75.54,  131.32, 5000.00,    0.09,    0.88,    0.00, 0
29, 7215, 1, 29,  2.61, 29.73, 75.90,  131.23, 5000.00,    0.09,    0.93,    0.00, 0
29, 7216, 1, 29,  2.69, 29.64, 76.04,  131.19, 5000.00,    0.09,    1.00,    0.00, 0
29, 7217, 1, 29,  5.36, 27.58, 56.75,  131.05, 5000.00,    0.06,    2.20,    0.00, 0
29, 7218, 1, 29,  4.82, 27.92, 56.89,  130.98, 5000.00,    0.06,    2.13,    0.00, 0
29, 7219, 1, 29,  4.04, 28.17, 57.07,  130.94, 5000.00,    0.06,    2.05,    0.00, 0
29, 7220, 1, 29,  3.87, 28.14, 57.60,  131.03, 5000.00,    0.07,    2.09,    0.00, 0
29, 7221, 1, 29,  4.43, 28.15, 58.10,  131.08, 5000.00,    0.07,    2.16,    0.00, 0
29, 7222, 1, 29,  4.22, 28.11, 58.61,  131.10, 5000.00,    0.08,    2.30,    0.00, 0
29, 7223, 1, 29,  4.33, 28.09, 59.12,  131.07, 5000.00,    0.08,    2.33,    0.00, 0
29, 7224, 1, 29,  4.74, 28.12, 59.88,  131.05, 5000.00,    0.08,    2.23,    0.00, 0
29, 7225, 1, 29,  4.91, 28.12, 60.92,  131.07, 5000.00,    0.08,    2.20,    0.00, 0
29, 7226, 1, 29,  6.01, 27.99, 63.86,  131.24, 5000.00,    0.08,    2.15,    0.00, 0
29, 7227, 1, 29,  5.82, 28.06, 64.81,  131.18, 5000.00,    0.08,    2.07,    0.00, 0
29, 7228, 1, 29,  4.93, 28.22, 66.08,  131.19, 5000.00,    0.08,    1.93,    0.00, 0
29, 7229, 1, 29,  5.42, 27.94, 65.62,  131.22, 5000.00,    0.09,    2.04,    0.00, 0
29, 7230, 1, 29,  4.16, 28.81, 70.91,  131.32, 5000.00,    0.09,    1.53,    0.00, 0
29, 7231, 1, 29,  3.79, 28.95, 72.30,  131.30, 5000.00,    0.09,    1.42,    0.00, 0
29, 7232, 1, 29,  3.82, 28.96, 72.63,  131.27, 5000.00,    0.08,    1.34,    0.00, 0
29, 7233, 1, 29,  3.16, 29.37, 74.03,  131.29, 5000.00,    0.09,    1.13,    0.00, 0
29, 7234, 1, 29,  3.13, 29.38, 74.50,  131.26, 5000.00,    0.09,    1.10,    0.00, 0
29, 7235, 1, 29,  3.03, 29.48, 75.02,  131.23, 5000.00,    0.09,    1.02,    0.00, 0
29, 7236, 1, 29,  2.71, 29.84, 75.85,  131.15, 5000.00,    0.08,    0.74,    0.00, 0
29, 7237, 1, 29,  2.85, 29.65, 75.95,  131.10, 5000.00,    0.08,    0.86,    0.00, 0
29, 7238, 1, 29,  2.76, 29.74, 76.21,  131.08, 5000.00,    0.09,    0.80,    0.00, 0
29, 7239, 1, 29,  5.37, 27.98, 56.75,  130.93, 5000.00,    0.06,    1.92,    0.00, 0
29, 7240, 1, 29,  5.20, 28.08, 56.96,  130.96, 5000.00,    0.06,    1.87,    0.00, 0
29, 7241, 1, 29,  5.20, 28.08, 57.16,  130.98, 5000.00,    0.06,    1.87,    0.00, 0
29, 7242, 1, 29, 25.22, 15.89, 56.67,  131.28, 5000.00,    0.00,    1.65,    0.00, 0
29, 7243, 1, 29, 25.29, 15.84, 57.04,  131.26, 5000.00,    0.00,    1.63,    0.00, 0
29, 7244, 1, 29, 25.53, 15.57, 57.54,  131.27, 5000.00,    0.00,    1.63,    0.00, 0
29, 7245, 1, 29,  6.52, 27.94, 59.21,  131.16, 5000.00,    0.07,    2.02,    0.00, 0
29, 7246, 1, 29,  6.77, 28.05, 60.03,  131.22, 5000.00,    0.07,    1.91,    0.00, 0
29, 7247, 1, 29,  6.79, 28.09, 60.74,  131.21, 5000.00,    0.07,    1.85,    0.00, 0
29, 7248, 1, 29,  7.38, 28.05, 62.09,  131.29, 5000.00,    0.07,    1.80,    0.00, 0
29, 7249, 1, 29,  5.38, 28.46, 63.08,  131.08, 5000.00,    0.07,    1.70,    0.00, 0
29, 7250, 1, 29,  5.11, 28.50, 66.28,  131.19, 5000.00,    0.07,    1.56,    0.00, 0
29, 7251, 1, 29,  6.83, 28.00, 66.47,  131.34, 5000.00,    0.07,    1.70,    0.00, 0
29, 7252, 1, 29,  7.02, 28.10, 69.48,  131.43, 5000.00,    0.08,    1.62,    0.00, 0
29, 7253, 1, 29,  6.62, 28.16, 70.69,  131.44, 5000.00,    0.08,    1.60,    0.00, 0
29, 7254, 1, 29,  6.81, 28.26, 72.07,  131.41, 5000.00,    0.08,    1.50,    0.00, 0
29, 7255, 1, 29, 25.84, 15.60, 74.85,  131.20, 5000.00,    0.01,    1.53,    0.00, 0
29, 7256, 1, 29, 25.92, 15.61, 75.46,  131.15, 5000.00,    0.01,    1.49,    0.00, 0
29, 7257, 1, 29,  3.37, 29.42, 75.01,  131.13, 5000.00,    0.08,    0.88,    0.00, 0
29, 7258, 1, 29,  2.84, 29.96, 75.89,  131.06, 5000.00,    0.09,    0.47,    0.00, 0
29, 7259, 1, 29,  2.81, 29.95, 76.21,  130.98, 5000.00,    0.09,    0.47,    0.00, 0
29, 7260, 1, 29,  2.98, 29.72, 76.20,  130.95, 5000.00,    0.09,    0.62,    0.00, 0
29, 7261, 1, 29, 24.06, 17.62, 56.06,  131.25, 5000.00,    0.00,    1.68,    0.00, 0
29, 7262, 1, 29, 24.06, 17.63, 56.15,  131.23, 5000.00,    0.00,    1.67,    0.00, 0
29, 7263, 1, 29,  5.70, 28.14, 56.95,  130.92, 5000.00,    0.06,    1.76,    0.00, 0
29, 7264, 1, 29,  8.21, 27.99, 57.15,  131.22, 5000.00,    0.06,    1.61,    0.00, 0
29, 7265, 1, 29,  8.34, 27.92, 57.65,  131.25, 5000.00,    0.05,    1.65,    0.00, 0
29, 7266, 1, 29,  8.05, 27.99, 58.12,  131.22, 5000.00,    0.06,    1.67,    0.00, 0
29, 7267, 1, 29,  7.83, 27.94, 58.81,  131.21, 5000.00,    0.05,    1.66,    0.00, 0
29, 7268, 1, 29,  7.92, 28.03, 59.73,  131.24, 5000.00,    0.05,    1.60,    0.00, 0
29, 7269, 1, 29,  7.95, 28.05, 61.18,  131.28, 5000.00,    0.05,    1.54,    0.00, 0
29, 7270, 1, 29,  9.08, 27.84, 62.33,  131.33, 5000.00,    0.06,    1.49,    0.00, 0
29, 7271, 1, 29, 24.20, 17.69, 65.13,  131.20, 5000.00,    0.00,    1.68,    0.00, 0
29, 7272, 1, 29,  5.41, 28.65, 66.76,  131.12, 5000.00,    0.06,    1.24,    0.00, 0
29, 7273, 1, 29, 24.37, 17.45, 70.47,  131.18, 5000.00,    0.00,    1.62,    0.00, 0
29, 7274, 1, 29, 24.48, 17.37, 72.05,  131.17, 5000.00,    0.00,    1.61,    0.00, 0
29, 7275, 1, 29, 24.63, 17.21, 73.28,  131.15, 5000.00,    0.01,    1.57,    0.00, 0
29, 7276, 1, 29, 24.56, 17.32, 74.13,  131.12, 5000.00,    0.01,    1.57,    0.00, 0
29, 7277, 1, 29, 24.75, 17.15, 74.84,  131.09, 5000.00,    0.01,    1.54,    0.00, 0
29, 7278, 1, 29, 24.79, 17.21, 75.47,  131.04, 5000.00,    0.01,    1.49,    0.00, 0
29, 7279, 1, 29,  2.99, 29.95, 75.81,  130.94, 5000.00,    0.08,    0.33,    0.00, 0
29, 7280, 1, 29,  4.04, 29.52, 75.85,  130.92, 5000.00,    0.08,    0.59,    0.00, 0
29, 7281, 1, 29,  3.11, 29.82, 76.20,  130.93, 5000.00,    0.09,    0.46,    0.00, 0
29, 7282, 1, 29, 23.94, 18.52, 76.31,  130.93, 5000.00,    0.01,    1.53,    0.00, 0
29, 7283, 1, 29,  8.95, 27.57, 56.61,  131.19, 5000.00,    0.03,    1.69,    0.00, 0
29, 7284, 1, 29, 20.79, 21.14, 56.17,  131.20, 5000.00,    0.00,    1.84,    0.00, 0
29, 7285, 1, 29, 21.30, 20.63, 56.44,  131.19, 5000.00,    0.00,    1.81,    0.00, 0
29, 7286, 1, 29, 21.40, 20.62, 56.68,  131.22, 5000.00,    0.00,    1.78,    0.00, 0
29, 7287, 1, 29, 21.39, 20.65, 57.14,  131.21, 5000.00,    0.00,    1.79,    0.00, 0
29, 7288, 1, 29, 21.56, 20.56, 57.68,  131.22, 5000.00,    0.00,    1.77,    0.00, 0
29, 7289, 1, 29, 21.42, 20.56, 58.41,  131.22, 5000.00,    0.00,    1.76,    0.00, 0
29, 7290, 1, 29, 21.26, 20.80, 59.44,  131.21, 5000.00,    0.00,    1.77,    0.00, 0
29, 7291, 1, 29, 21.26, 20.83, 60.77,  131.19, 5000.00,    0.00,    1.77,    0.00, 0
29, 7292, 1, 29,  9.18, 27.89, 62.31,  131.25, 5000.00,    0.03,    1.37,    0.00, 0
29, 7293, 1, 29,  8.04, 28.10, 63.71,  131.13, 5000.00,    0.03,    1.30,    0.00, 0
29, 7294, 1, 29,  5.66, 28.79, 67.18,  131.02, 5000.00,    0.04,    1.10,    0.00, 0
29, 7295, 1, 29,  8.83, 27.71, 67.60,  131.19, 5000.00,    0.04,    1.34,    0.00, 0
29, 7296, 1, 29, 21.09, 21.14, 71.85,  131.14, 5000.00,    0.01,    1.72,    0.00, 0
29, 7297, 1, 29, 21.06, 21.28, 72.98,  131.15, 5000.00,    0.01,    1.71,    0.00, 0
29, 7298, 1, 29, 24.06, 17.78, 73.52,  130.96, 5000.00,    0.01,    1.55,    0.00, 0
29, 7299, 1, 29, 20.77, 21.81, 74.59,  131.14, 5000.00,    0.01,    1.67,    0.00, 0
29, 7300, 1, 29, 24.21, 17.72, 74.89,  130.88, 5000.00,    0.02,    1.49,    0.00, 0
29, 7301, 1, 29, 24.32, 17.75, 75.43,  130.82, 5000.00,    0.02,    1.44,    0.00, 0
29, 7302, 1, 29, 24.30, 17.76, 75.70,  130.78, 5000.00,    0.02,    1.43,    0.00, 0
29, 7303, 1, 29,  4.02, 29.64, 75.85,  130.88, 5000.00,    0.06,    0.48,    0.00, 0
29, 7304, 1, 29, 20.59, 22.10, 76.10,  131.01, 5000.00,    0.01,    1.63,    0.00, 0
29, 7305, 1, 29,  8.93, 27.77, 56.40,  131.04, 5000.00,    0.01,    1.99,    0.00, 0
29, 7306, 1, 29, 14.37, 26.01, 56.03,  131.19, 5000.00,    0.00,    1.89,    0.00, 0
29, 7307, 1, 29, 14.64, 26.06, 56.24,  131.28, 5000.00,    0.01,    1.82,    0.00, 0
29, 7308, 1, 29, 14.69, 26.12, 56.52,  131.30, 5000.00,    0.01,    1.78,    0.00, 0
29, 7309, 1, 29, 14.70, 26.12, 56.93,  131.28, 5000.00,    0.01,    1.79,    0.00, 0
29, 7310, 1, 29,  8.06, 28.05, 58.08,  131.06, 5000.00,    0.01,    1.89,    0.00, 0
29, 7311, 1, 29,  8.06, 28.14, 58.79,  131.07, 5000.00,    0.01,    1.85,    0.00, 0
29, 7312, 1, 29,  8.02, 28.27, 59.81,  131.09, 5000.00,    0.01,    1.79,    0.00, 0
29, 7313, 1, 29,  8.05, 28.38, 61.20,  131.11, 5000.00,    0.01,    1.70,    0.00, 0
29, 7314, 1, 29, 14.66, 25.97, 62.29,  131.16, 5000.00,    0.00,    1.81,    0.00, 0
29, 7315, 1, 29,  7.88, 28.41, 64.82,  131.05, 5000.00,    0.01,    1.55,    0.00, 0
29, 7316, 1, 29, 14.55, 26.07, 67.81,  131.11, 5000.00,    0.00,    1.80,    0.00, 0
29, 7317, 1, 29, 14.37, 26.20, 70.06,  131.14, 5000.00,    0.01,    1.78,    0.00, 0
29, 7318, 1, 29,  8.01, 28.48, 70.20,  131.13, 5000.00,    0.01,    1.49,    0.00, 0
29, 7319, 1, 29,  7.65, 28.55, 72.01,  131.10, 5000.00,    0.02,    1.38,    0.00, 0
29, 7320, 1, 29, 14.44, 26.35, 73.95,  131.16, 5000.00,    0.01,    1.70,    0.00, 0
29, 7321, 1, 29, 14.50, 26.37, 74.59,  131.15, 5000.00,    0.01,    1.69,    0.00, 0
29, 7322, 1, 29, 14.37, 26.57, 75.24,  131.10, 5000.00,    0.01,    1.63,    0.00, 0
29, 7323, 1, 29, 14.38, 26.64, 75.68,  131.06, 5000.00,    0.01,    1.59,    0.00, 0
29, 7324, 1, 29,  4.38, 29.92, 75.84,  130.82, 5000.00,    0.03,    0.76,    0.00, 0
29, 7325, 1, 29,  4.61, 29.72, 75.84,  130.85, 5000.00,    0.03,    0.91,    0.00, 0
29, 7326, 1, 29,  4.57, 29.75, 76.15,  130.78, 5000.00,    0.03,    0.87,    0.00, 0
29, 7327, 1, 29,  8.19, 27.44, 56.30,  131.26, 5000.00,    0.00,    1.88,    0.00, 0
29, 7328, 1, 29,  7.70, 27.57, 56.34,  131.19, 5000.00,    0.00,    1.87,    0.00, 0
29, 7329, 1, 29,  7.64, 27.60, 56.50,  131.17, 5000.00,    0.00,    1.86,    0.00, 0
29, 7330, 1, 29,  7.33, 27.75, 56.83,  131.18, 5000.00,    0.00,    1.84,    0.00, 0
29, 7331, 1, 29,  7.48, 27.74, 57.19,  131.17, 5000.00,    0.00,    1.83,    0.00, 0
29, 7332, 1, 29,  7.70, 27.86, 57.73,  131.16, 5000.00,    0.00,    1.83,    0.00, 0
29, 7333, 1, 29,  7.55, 28.00, 58.42,  131.16, 5000.00,    0.00,    1.81,    0.00, 0
29, 7334, 1, 29,  7.75, 28.01, 59.43,  131.15, 5000.00,    0.00,    1.82,    0.00, 0
29, 7335, 1, 29,  7.93, 28.20, 60.90,  131.15, 5000.00,    0.00,    1.82,    0.00, 0
29, 7336, 1, 29,  8.09, 28.47, 62.75,  131.13, 5000.00,    0.00,    1.81,    0.00, 0
29, 7337, 1, 29,  7.72, 28.80, 65.14,  131.13, 5000.00,    0.00,    1.77,    0.00, 0
29, 7338, 1, 29,  7.68, 28.90, 67.98,  131.14, 5000.00,    0.00,    1.70,    0.00, 0
29, 7339, 1, 29,  7.12, 29.02, 70.27,  131.15, 5000.00,    0.00,    1.64,    0.00, 0
29, 7340, 1, 29,  6.82, 29.14, 72.06,  131.17, 5000.00,    0.01,    1.58,    0.00, 0
29, 7341, 1, 29,  7.47, 29.07, 73.01,  131.19, 5000.00,    0.01,    1.60,    0.00, 0
29, 7342, 1, 29, 10.02, 28.19, 73.99,  131.18, 5000.00,    0.01,    1.77,    0.00, 0
29, 7343, 1, 29,  8.27, 28.94, 74.69,  131.15, 5000.00,    0.01,    1.60,    0.00, 0
29, 7344, 1, 29,  4.98, 29.83, 75.44,  130.97, 5000.00,    0.01,    1.29,    0.00, 0
29, 7345, 1, 29,  6.22, 29.53, 75.73,  130.98, 5000.00,    0.01,    1.42,    0.00, 0
29, 7346, 1, 29,  6.42, 29.50, 76.01,  130.96, 5000.00,    0.01,    1.43,    0.00, 0
29, 7347, 1, 29,  5.24, 29.69, 76.13,  130.91, 5000.00,    0.01,    1.38,    0.00, 0
29, 7348, 1, 29,  5.11, 29.85, 76.29,  130.86, 5000.00,    0.01,    1.28,    0.00, 0
29, 7349, 1, 29,  5.50, 27.51, 56.71,  131.27, 5000.00,    0.00,    1.70,    0.00, 0
29, 7350, 1, 29,  5.30, 27.59, 56.76,  131.26, 5000.00,    0.00,    1.68,    0.00, 0
29, 7351, 1, 29,  5.23, 27.63, 56.87,  131.25, 5000.00,    0.00,    1.67,    0.00, 0
29, 7352, 1, 29,  5.27, 27.66, 57.15,  131.25, 5000.00,    0.00,    1.67,    0.00, 0
29, 7353, 1, 29,  5.10, 27.79, 57.56,  131.28, 5000.00,    0.00,    1.63,    0.00, 0
29, 7354, 1, 29,  5.26, 27.77, 58.03,  131.25, 5000.00,    0.00,    1.66,    0.00, 0
29, 7355, 1, 29,  5.10, 27.87, 58.71,  131.25, 5000.00,    0.00,    1.66,    0.00, 0
29, 7356, 1, 29,  5.28, 28.06, 59.59,  131.23, 5000.00,    0.00,    1.67,    0.00, 0
29, 7357, 1, 29,  5.36, 28.15, 60.84,  131.22, 5000.00,    0.00,    1.68,    0.00, 0
29, 7358, 1, 29,  5.71, 28.27, 63.14,  131.23, 5000.00,    0.00,    1.70,    0.00, 0
29, 7359, 1, 29,  5.07, 28.66, 65.32,  131.25, 5000.00,    0.00,    1.68,    0.00, 0
29, 7360, 1, 29,  5.48, 29.04, 68.61,  131.20, 5000.00,    0.00,    1.66,    0.00, 0
29, 7361, 1, 29,  5.06, 29.58, 70.80,  131.19, 5000.00,    0.00,    1.64,    0.00, 0
29, 7362, 1, 29,  4.84, 29.66, 72.32,  131.19, 5000.00,    0.00,    1.62,    0.00, 0
29, 7363, 1, 29,  4.82, 29.68, 73.57,  131.16, 5000.00,    0.00,    1.56,    0.00, 0
29, 7364, 1, 29,  4.63, 29.83, 74.43,  131.12, 5000.00,    0.01,    1.53,    0.00, 0
29, 7365, 1, 29,  4.57, 29.79, 75.13,  131.09, 5000.00,    0.01,    1.48,    0.00, 0
29, 7366, 1, 29,  4.27, 30.01, 75.67,  131.07, 5000.00,    0.01,    1.41,    0.00, 0
29, 7367, 1, 29,  4.32, 30.02, 75.93,  131.05, 5000.00,    0.01,    1.41,    0.00, 0
29, 7368, 1, 29,  4.48, 29.94, 76.15,  131.04, 5000.00,    0.01,    1.46,    0.00, 0
29, 7369, 1, 29,  4.38, 30.06, 76.37,  130.94, 5000.00,    0.01,    1.38,    0.00, 0
29, 7370, 1, 29,  4.56, 29.97, 76.43,  130.93, 5000.00,    0.01,    1.43,    0.00, 0
29, 7371, 1, 29,  3.91, 27.59, 57.10,  131.29, 5000.00,    0.00,    1.64,    0.00, 0
29, 7372, 1, 29,  3.85, 27.63, 57.17,  131.28, 5000.00,    0.00,    1.63,    0.00, 0
29, 7373, 1, 29,  3.83, 27.65, 57.30,  131.28, 5000.00,    0.00,    1.63,    0.00, 0
29, 7374, 1, 29,  3.79, 27.69, 57.59,  131.28, 5000.00,    0.00,    1.63,    0.00, 0
29, 7375, 1, 29,  3.67, 27.75, 57.96,  131.27, 5000.00,    0.00,    1.63,    0.00, 0
29, 7376, 1, 29,  3.69, 27.79, 58.46,  131.27, 5000.00,    0.00,    1.64,    0.00, 0
29, 7377, 1, 29,  3.37, 27.90, 59.12,  131.27, 5000.00,    0.00,    1.65,    0.00, 0
29, 7378, 1, 29,  3.59, 27.98, 59.88,  131.26, 5000.00,    0.00,    1.65,    0.00, 0
29, 7379, 1, 29,  3.64, 28.07, 61.10,  131.24, 5000.00,    0.00,    1.68,    0.00, 0
29, 7380, 1, 29,  4.01, 28.24, 63.11,  131.25, 5000.00,    0.00,    1.69,    0.00, 0
29, 7381, 1, 29,  3.20, 28.62, 65.69,  131.29, 5000.00,    0.00,    1.68,    0.00, 0
29, 7382, 1, 29,  3.68, 29.11, 69.12,  131.24, 5000.00,    0.00,    1.62,    0.00, 0
29, 7383, 1, 29,  3.25, 29.51, 71.23,  131.23, 5000.00,    0.00,    1.62,    0.00, 0
29, 7384, 1, 29,  3.13, 29.75, 72.62,  131.25, 5000.00,    0.00,    1.60,    0.00, 0
29, 7385, 1, 29,  3.29, 29.94, 73.79,  131.23, 5000.00,    0.00,    1.54,    0.00, 0
29, 7386, 1, 29,  3.17, 30.11, 74.60,  131.23, 5000.00,    0.01,    1.49,    0.00, 0
29, 7387, 1, 29,  3.05, 30.13, 75.20,  131.23, 5000.00,    0.01,    1.42,    0.00, 0
29, 7388, 1, 29,  2.76, 30.21, 75.74,  131.18, 5000.00,    0.01,    1.43,    0.00, 0
29, 7389, 1, 29,  2.74, 30.26, 76.03,  131.15, 5000.00,    0.01,    1.41,    0.00, 0
29, 7390, 1, 29,  2.73, 30.22, 76.26,  131.11, 5000.00,    0.01,    1.43,    0.00, 0
29, 7391, 1, 29,  2.67, 30.29, 76.48,  131.02, 5000.00,    0.01,    1.37,    0.00, 0
29, 7392, 1, 29,  2.85, 30.14, 76.48,  131.04, 5000.00,    0.01,    1.50,    0.00, 0
29, 7393, 1, 29,  3.02, 27.50, 57.19,  131.30, 5000.00,    0.00,    1.63,    0.00, 0
29, 7394, 1, 29,  2.99, 27.52, 57.29,  131.29, 5000.00,    0.00,    1.63,    0.00, 0
29, 7395, 1, 29,  2.95, 27.55, 57.42,  131.30, 5000.00,    0.00,    1.62,    0.00, 0
29, 7396, 1, 29,  2.88, 27.58, 57.71,  131.29, 5000.00,    0.00,    1.63,    0.00, 0
29, 7397, 1, 29,  2.72, 27.74, 58.09,  131.30, 5000.00,    0.01,    1.64,    0.00, 0
29, 7398, 1, 29,  2.73, 27.68, 58.58,  131.29, 5000.00,    0.01,    1.65,    0.00, 0
29, 7399, 1, 29,  2.38, 27.84, 59.03,  131.32, 5000.00,    0.01,    1.62,    0.00, 0
29, 7400, 1, 29,  2.64, 28.00, 59.91,  131.29, 5000.00,    0.01,    1.66,    0.00, 0
29, 7401, 1, 29,  2.66, 28.10, 61.09,  131.27, 5000.00,    0.01,    1.69,    0.00, 0
29, 7402, 1, 29,  3.06, 28.27, 63.05,  131.27, 5000.00,    0.00,    1.71,    0.00, 0
29, 7403, 1, 29,  2.16, 28.61, 65.72,  131.33, 5000.00,    0.01,    1.71,    0.00, 0
29, 7404, 1, 29,  2.73, 29.09, 69.31,  131.31, 5000.00,    0.00,    1.59,    0.00, 0
29, 7405, 1, 29,  2.21, 29.38, 71.31,  131.27, 5000.00,    0.01,    1.65,    0.00, 0
29, 7406, 1, 29,  2.09, 29.71, 72.84,  131.31, 5000.00,    0.01,    1.59,    0.00, 0
29, 7407, 1, 29,  2.36, 29.84, 73.86,  131.27, 5000.00,    0.01,    1.57,    0.00, 0
29, 7408, 1, 29,  2.29, 29.94, 74.56,  131.26, 5000.00,    0.01,    1.57,    0.00, 0
29, 7409, 1, 29,  2.23, 30.20, 75.17,  131.25, 5000.00,    0.01,    1.55,    0.00, 0
29, 7410, 1, 29,  1.86, 30.15, 75.68,  131.25, 5000.00,    0.01,    1.54,    0.00, 0
29, 7411, 1, 29,  1.82, 30.21, 76.06,  131.21, 5000.00,    0.01,    1.52,    0.00, 0
29, 7412, 1, 29,  1.79, 30.21, 76.31,  131.19, 5000.00,    0.01,    1.51,    0.00, 0
29, 7413, 1, 29,  1.76, 30.27, 76.49,  131.15, 5000.00,    0.01,    1.48,    0.00, 0
29, 7414, 1, 29,  1.83, 30.19, 76.49,  131.16, 5000.00,    0.01,    1.56,    0.00, 0
29, 7415, 1, 29,  2.68, 27.53, 57.25,  131.32, 5000.00,    0.01,    1.67,    0.00, 0
29, 7416, 1, 29,  2.64, 27.43, 57.36,  131.31, 5000.00,    0.01,    1.67,    0.00, 0
29, 7417, 1, 29,  2.59, 27.46, 57.50,  131.31, 5000.00,    0.01,    1.66,    0.00, 0
29, 7418, 1, 29,  2.48, 27.51, 57.76,  131.31, 5000.00,    0.01,    1.66,    0.00, 0
29, 7419, 1, 29,  2.31, 27.56, 58.10,  131.32, 5000.00,    0.01,    1.66,    0.00, 0
29, 7420, 1, 29,  2.32, 27.63, 58.62,  131.32, 5000.00,    0.01,    1.66,    0.00, 0
29, 7421, 1, 29,  2.05, 27.83, 65.27,  131.62, 5000.00,    0.02,    1.66,    0.00, 0
29, 7422, 1, 29,  2.25, 28.07, 59.55,  131.33, 5000.00,    0.01,    1.62,    0.00, 0
29, 7423, 1, 29,  2.22, 28.07, 61.01,  131.30, 5000.00,    0.01,    1.70,    0.00, 0
29, 7424, 1, 29,  2.60, 28.23, 63.02,  131.29, 5000.00,    0.01,    1.74,    0.00, 0
29, 7425, 1, 29,  1.64, 28.55, 65.62,  131.39, 5000.00,    0.01,    1.76,    0.00, 0
29, 7426, 1, 29,  2.25, 29.07, 69.38,  131.33, 5000.00,    0.01,    1.61,    0.00, 0
29, 7427, 1, 29,  1.75, 29.36, 71.43,  131.31, 5000.00,    0.01,    1.67,    0.00, 0
29, 7428, 1, 29,  1.69, 29.51, 72.40,  131.33, 5000.00,    0.01,    1.73,    0.00, 0
29, 7429, 1, 29,  2.03, 29.68, 73.48,  131.31, 5000.00,    0.01,    1.70,    0.00, 0
29, 7430, 1, 29,  2.00, 29.79, 74.40,  131.31, 5000.00,    0.01,    1.69,    0.00, 0
29, 7431, 1, 29,  1.96, 29.85, 74.92,  131.29, 5000.00,    0.01,    1.71,    0.00, 0
29, 7432, 1, 29,  1.95, 29.49, 74.88,  131.28, 5000.00,    0.01,    2.00,    0.00, 0
29, 7433, 1, 29,  1.54, 29.99, 75.80,  131.30, 5000.00,    0.01,    1.70,    0.00, 0
29, 7434, 1, 29,  1.52, 30.01, 76.13,  131.28, 5000.00,    0.01,    1.69,    0.00, 0
29, 7435, 1, 29, 24.90, 14.74, 75.32,  130.54, 5000.00,    0.11,    3.14,    0.00, 0
29, 7436, 1, 29, 25.34, 14.34, 75.67,  130.42, 5000.00,    0.11,    2.95,    0.00, 0
29, 7437, 1, 29, 26.87, 14.98, 56.13,  131.33, 5000.00,    0.01,    1.71,    0.00, 0
29, 7438, 1, 29, 26.86, 15.00, 56.27,  131.33, 5000.00,    0.01,    1.71,    0.00, 0
29, 7439, 1, 29, 26.94, 14.99, 56.36,  131.34, 5000.00,    0.01,    1.66,    0.00, 0
29, 7440, 1, 29,  3.46, 28.67, 58.47,  131.09, 5000.00,    0.12,    2.74,    0.00, 0
29, 7441, 1, 29,  3.97, 28.56, 58.99,  131.14, 5000.00,    0.12,    2.80,    0.00, 0
29, 7442, 1, 29, 27.46, 14.02, 57.51,  131.41, 5000.00,    0.01,    1.75,    0.00, 0
29, 7443, 1, 29, 27.65, 14.06, 58.09,  131.41, 5000.00,    0.01,    1.76,    0.00, 0
29, 7444, 1, 29,  4.17, 28.77, 60.02,  131.00, 5000.00,    0.15,    2.80,    0.00, 0
29, 7445, 1, 29,  4.40, 28.72, 60.86,  130.99, 5000.00,    0.15,    2.77,    0.00, 0
29, 7446, 1, 29,  4.48, 28.68, 61.46,  130.93, 5000.00,    0.16,    2.79,    0.00, 0
29, 7447, 1, 29,  4.54, 28.63, 63.44,  131.08, 5000.00,    0.16,    2.69,    0.00, 0
29, 7448, 1, 29,  4.31, 28.78, 66.36,  131.18, 5000.00,    0.17,    2.57,    0.00, 0
29, 7449, 1, 29,  3.65, 29.25, 70.21,  131.21, 5000.00,    0.18,    2.23,    0.00, 0
29, 7450, 1, 29,  3.25, 29.51, 71.54,  131.19, 5000.00,    0.18,    2.05,    0.00, 0
29, 7451, 1, 29,  3.07, 29.57, 72.35,  131.22, 5000.00,    0.18,    1.99,    0.00, 0
29, 7452, 1, 29,  3.08, 29.51, 72.35,  131.28, 5000.00,    0.18,    2.04,    0.00, 0
29, 7453, 1, 29,  3.20, 29.37, 72.35,  131.32, 5000.00,    0.17,    2.12,    0.00, 0
29, 7454, 1, 29,  2.51, 29.90, 73.55,  131.31, 5000.00,    0.16,    1.74,    0.00, 0
29, 7455, 1, 29,  2.36, 30.14, 74.23,  131.31, 5000.00,    0.16,    1.56,    0.00, 0
29, 7456, 1, 29,  2.01, 30.58, 75.17,  131.28, 5000.00,    0.16,    1.24,    0.00, 0
29, 7457, 1, 29,  2.29, 30.58, 75.54,  131.13, 5000.00,    0.13,    1.08,    0.00, 0
29, 7458, 1, 29,  2.47, 30.37, 75.54,  131.11, 5000.00,    0.13,    1.22,    0.00, 0
29, 7459, 1, 29, 26.85, 15.15, 56.09,  131.33, 5000.00,    0.00,    1.64,    0.00, 0
29, 7460, 1, 29,  7.30, 28.48, 57.51,  131.31, 5000.00,    0.10,    2.26,    0.00, 0
29, 7461, 1, 29,  7.57, 28.43, 57.75,  131.34, 5000.00,    0.10,    2.24,    0.00, 0
29, 7462, 1, 29, 27.13, 14.75, 56.53,  131.34, 5000.00,    0.01,    1.64,    0.00, 0
29, 7463, 1, 29,  4.22, 28.62, 58.94,  131.10, 5000.00,    0.11,    2.61,    0.00, 0
29, 7464, 1, 29,  3.70, 28.71, 59.05,  131.05, 5000.00,    0.14,    2.86,    0.00, 0
29, 7465, 1, 29,  3.76, 28.74, 59.42,  131.00, 5000.00,    0.15,    2.86,    0.00, 0
29, 7466, 1, 29,  6.16, 28.60, 60.67,  131.24, 5000.00,    0.13,    2.66,    0.00, 0
29, 7467, 1, 29,  5.97, 28.67, 60.80,  131.18, 5000.00,    0.13,    2.63,    0.00, 0
29, 7468, 1, 29,  4.69, 28.85, 61.45,  130.97, 5000.00,    0.14,    2.58,    0.00, 0
29, 7469, 1, 29,  4.82, 28.82, 62.26,  130.97, 5000.00,    0.14,    2.53,    0.00, 0
29, 7470, 1, 29,  5.61, 28.49, 64.86,  131.16, 5000.00,    0.14,    2.56,    0.00, 0
29, 7471, 1, 29,  4.11, 29.13, 68.06,  131.24, 5000.00,    0.15,    2.20,    0.00, 0
29, 7472, 1, 29,  3.71, 29.48, 70.64,  131.26, 5000.00,    0.15,    1.96,    0.00, 0
29, 7473, 1, 29,  3.14, 29.75, 72.34,  131.21, 5000.00,    0.15,    1.76,    0.00, 0
29, 7474, 1, 29,  3.20, 29.66, 72.35,  131.27, 5000.00,    0.15,    1.82,    0.00, 0
29, 7475, 1, 29,  3.08, 29.70, 72.52,  131.32, 5000.00,    0.15,    1.80,    0.00, 0
29, 7476, 1, 29,  2.82, 29.97, 73.54,  131.31, 5000.00,    0.14,    1.58,    0.00, 0
29, 7477, 1, 29,  2.70, 30.11, 74.04,  131.31, 5000.00,    0.14,    1.48,    0.00, 0
29, 7478, 1, 29,  2.71, 30.14, 74.39,  131.33, 5000.00,    0.14,    1.47,    0.00, 0
29, 7479, 1, 29,  2.51, 30.56, 75.54,  131.08, 5000.00,    0.13,    1.01,    0.00, 0
29, 7480, 1, 29, 27.67, 14.77, 76.29,  131.17, 5000.00,    0.01,    1.55,    0.00, 0
29, 7481, 1, 29, 26.67, 15.48, 56.07,  131.33, 5000.00,    0.00,    1.65,    0.00, 0
29, 7482, 1, 29, 26.71, 15.49, 56.16,  131.33, 5000.00,    0.00,    1.62,    0.00, 0
29, 7483, 1, 29, 26.72, 15.49, 56.29,  131.32, 5000.00,    0.00,    1.62,    0.00, 0
29, 7484, 1, 29,  7.00, 28.38, 58.45,  131.31, 5000.00,    0.10,    2.42,    0.00, 0
29, 7485, 1, 29,  6.63, 28.52, 58.50,  131.28, 5000.00,    0.10,    2.39,    0.00, 0
29, 7486, 1, 29,  4.14, 28.78, 58.95,  131.09, 5000.00,    0.11,    2.58,    0.00, 0
29, 7487, 1, 29,  6.14, 28.63, 59.65,  131.25, 5000.00,    0.13,    2.65,    0.00, 0
29, 7488, 1, 29,  4.80, 29.04, 59.94,  131.03, 5000.00,    0.12,    2.40,    0.00, 0
29, 7489, 1, 29,  4.93, 29.03, 60.88,  131.03, 5000.00,    0.12,    2.36,    0.00, 0
29, 7490, 1, 29, 27.24, 15.06, 61.99,  131.30, 5000.00,    0.01,    1.76,    0.00, 0
29, 7491, 1, 29,  5.12, 29.04, 62.47,  130.99, 5000.00,    0.12,    2.26,    0.00, 0
29, 7492, 1, 29,  4.71, 29.16, 66.18,  131.11, 5000.00,    0.12,    2.07,    0.00, 0
29, 7493, 1, 29,  7.98, 28.37, 67.42,  131.44, 5000.00,    0.13,    2.27,    0.00, 0
29, 7494, 1, 29,  4.01, 29.65, 70.47,  131.27, 5000.00,    0.13,    1.72,    0.00, 0
29, 7495, 1, 29,  3.65, 29.75, 71.52,  131.25, 5000.00,    0.14,    1.63,    0.00, 0
29, 7496, 1, 29,  3.29, 29.87, 72.34,  131.26, 5000.00,    0.14,    1.56,    0.00, 0
29, 7497, 1, 29,  3.14, 29.99, 72.94,  131.25, 5000.00,    0.14,    1.45,    0.00, 0
29, 7498, 1, 29,  3.01, 30.15, 73.69,  131.23, 5000.00,    0.13,    1.32,    0.00, 0
29, 7499, 1, 29,  2.90, 30.30, 74.38,  131.20, 5000.00,    0.14,    1.18,    0.00, 0
29, 7500, 1, 29,  2.89, 30.26, 74.55,  131.21, 5000.00,    0.13,    1.22,    0.00, 0
29, 7501, 1, 29, 27.20, 15.26, 76.09,  131.21, 5000.00,    0.01,    1.71,    0.00, 0
29, 7502, 1, 29, 27.45, 15.15, 76.30,  131.09, 5000.00,    0.01,    1.54,    0.00, 0
29, 7503, 1, 29,  5.37, 28.65, 56.81,  130.92, 5000.00,    0.09,    2.12,    0.00, 0
29, 7504, 1, 29, 26.38, 16.03, 56.08,  131.28, 5000.00,    0.00,    1.67,    0.00, 0
29, 7505, 1, 29, 26.27, 16.18, 56.31,  131.29, 5000.00,    0.00,    1.73,    0.00, 0
29, 7506, 1, 29, 26.64, 15.60, 56.56,  131.30, 5000.00,    0.00,    1.64,    0.00, 0
29, 7507, 1, 29, 26.86, 15.61, 56.91,  131.30, 5000.00,    0.00,    1.61,    0.00, 0
29, 7508, 1, 29,  4.70, 29.02, 58.82,  131.04, 5000.00,    0.11,    2.29,    0.00, 0
29, 7509, 1, 29,  4.94, 28.97, 59.59,  131.04, 5000.00,    0.11,    2.34,    0.00, 0
29, 7510, 1, 29,  5.25, 29.08, 60.14,  130.99, 5000.00,    0.11,    2.20,    0.00, 0
29, 7511, 1, 29,  8.31, 28.80, 60.52,  131.32, 5000.00,    0.10,    2.03,    0.00, 0
29, 7512, 1, 29, 26.89, 15.65, 62.27,  131.28, 5000.00,    0.01,    1.74,    0.00, 0
29, 7513, 1, 29,  5.44, 29.19, 62.99,  130.95, 5000.00,    0.11,    2.00,    0.00, 0
29, 7514, 1, 29,  5.02, 29.27, 66.41,  131.03, 5000.00,    0.11,    1.84,    0.00, 0
29, 7515, 1, 29, 26.98, 15.50, 70.78,  131.22, 5000.00,    0.01,    1.69,    0.00, 0
29, 7516, 1, 29,  4.46, 29.66, 69.95,  131.20, 5000.00,    0.12,    1.54,    0.00, 0
29, 7517, 1, 29,  4.19, 29.72, 70.96,  131.23, 5000.00,    0.12,    1.49,    0.00, 0
29, 7518, 1, 29,  3.88, 29.86, 72.29,  131.19, 5000.00,    0.12,    1.40,    0.00, 0
29, 7519, 1, 29,  3.89, 29.75, 72.35,  131.23, 5000.00,    0.12,    1.46,    0.00, 0
29, 7520, 1, 29,  3.10, 30.36, 74.37,  131.09, 5000.00,    0.12,    1.02,    0.00, 0
29, 7521, 1, 29,  3.15, 30.25, 74.48,  131.05, 5000.00,    0.13,    1.08,    0.00, 0
29, 7522, 1, 29, 27.24, 15.40, 76.02,  131.18, 5000.00,    0.01,    1.61,    0.00, 0
29, 7523, 1, 29,  2.79, 30.61, 75.89,  130.87, 5000.00,    0.13,    0.77,    0.00, 0
29, 7524, 1, 29,  2.64, 30.74, 76.21,  130.82, 5000.00,    0.13,    0.67,    0.00, 0
29, 7525, 1, 29, 26.07, 16.70, 56.13,  131.27, 5000.00,    0.00,    1.59,    0.00, 0
29, 7526, 1, 29, 25.92, 16.88, 56.32,  131.30, 5000.00,    0.00,    1.64,    0.00, 0
29, 7527, 1, 29, 26.00, 16.80, 56.42,  131.29, 5000.00,    0.00,    1.61,    0.00, 0
29, 7528, 1, 29, 26.11, 16.59, 56.64,  131.26, 5000.00,    0.00,    1.67,    0.00, 0
29, 7529, 1, 29, 26.18, 16.53, 57.02,  131.24, 5000.00,    0.00,    1.66,    0.00, 0
29, 7530, 1, 29, 26.42, 16.28, 57.53,  131.26, 5000.00,    0.00,    1.64,    0.00, 0
29, 7531, 1, 29, 26.48, 16.31, 58.18,  131.26, 5000.00,    0.00,    1.64,    0.00, 0
29, 7532, 1, 29,  5.70, 29.19, 60.16,  130.94, 5000.00,    0.10,    1.92,    0.00, 0
29, 7533, 1, 29,  5.75, 29.25, 61.28,  130.97, 5000.00,    0.10,    1.83,    0.00, 0
29, 7534, 1, 29, 26.32, 16.62, 62.49,  131.26, 5000.00,    0.00,    1.71,    0.00, 0
29, 7535, 1, 29,  5.81, 29.35, 62.64,  130.85, 5000.00,    0.10,    1.67,    0.00, 0
29, 7536, 1, 29,  5.28, 29.48, 66.59,  131.00, 5000.00,    0.10,    1.49,    0.00, 0
29, 7537, 1, 29, 26.43, 16.49, 70.70,  131.21, 5000.00,    0.00,    1.64,    0.00, 0
29, 7538, 1, 29, 26.56, 16.44, 72.25,  131.21, 5000.00,    0.00,    1.60,    0.00, 0
29, 7539, 1, 29, 26.64, 16.33, 73.34,  131.21, 5000.00,    0.00,    1.58,    0.00, 0
29, 7540, 1, 29, 26.73, 16.27, 74.23,  131.20, 5000.00,    0.01,    1.55,    0.00, 0
29, 7541, 1, 29, 26.77, 16.25, 74.83,  131.19, 5000.00,    0.01,    1.54,    0.00, 0
29, 7542, 1, 29,  3.33, 30.38, 74.37,  130.98, 5000.00,    0.13,    0.84,    0.00, 0
29, 7543, 1, 29,  3.28, 30.44, 74.95,  130.91, 5000.00,    0.13,    0.78,    0.00, 0
29, 7544, 1, 29, 26.69, 16.44, 76.02,  131.09, 5000.00,    0.01,    1.54,    0.00, 0
29, 7545, 1, 29, 25.98, 17.29, 76.09,  131.10, 5000.00,    0.01,    1.69,    0.00, 0
29, 7546, 1, 29, 26.05, 17.43, 76.28,  131.04, 5000.00,    0.01,    1.61,    0.00, 0
29, 7547, 1, 29, 24.84, 18.34, 56.06,  131.19, 5000.00,    0.00,    1.75,    0.00, 0
29, 7548, 1, 29, 24.75, 18.43, 56.18,  131.19, 5000.00,    0.00,    1.77,    0.00, 0
29, 7549, 1, 29, 24.84, 18.37, 56.39,  131.19, 5000.00,    0.00,    1.74,    0.00, 0
29, 7550, 1, 29, 25.20, 18.15, 56.69,  131.24, 5000.00,    0.00,    1.68,    0.00, 0
29, 7551, 1, 29, 25.22, 18.09, 57.09,  131.22, 5000.00,    0.00,    1.69,    0.00, 0
29, 7552, 1, 29, 25.43, 17.92, 57.56,  131.21, 5000.00,    0.00,    1.67,    0.00, 0
29, 7553, 1, 29, 25.28, 17.94, 58.29,  131.21, 5000.00,    0.00,    1.67,    0.00, 0
29, 7554, 1, 29, 25.14, 18.18, 59.36,  131.20, 5000.00,    0.00,    1.70,    0.00, 0
29, 7555, 1, 29, 25.09, 18.24, 60.70,  131.19, 5000.00,    0.00,    1.71,    0.00, 0
29, 7556, 1, 29, 25.13, 18.25, 62.51,  131.18, 5000.00,    0.00,    1.71,    0.00, 0
29, 7557, 1, 29, 25.04, 18.39, 64.91,  131.14, 5000.00,    0.00,    1.73,    0.00, 0
29, 7558, 1, 29,  5.60, 29.56, 67.04,  130.88, 5000.00,    0.09,    1.25,    0.00, 0
29, 7559, 1, 29, 25.18, 18.15, 70.32,  131.13, 5000.00,    0.00,    1.67,    0.00, 0
29, 7560, 1, 29,  5.27, 29.69, 69.31,  130.98, 5000.00,    0.10,    1.13,    0.00, 0
29, 7561, 1, 29,  4.97, 29.71, 70.46,  131.04, 5000.00,    0.10,    1.11,    0.00, 0
29, 7562, 1, 29, 25.51, 17.86, 74.06,  131.10, 5000.00,    0.01,    1.62,    0.00, 0
29, 7563, 1, 29, 25.62, 17.80, 74.78,  131.07, 5000.00,    0.01,    1.58,    0.00, 0
29, 7564, 1, 29,  4.39, 30.07, 74.31,  130.87, 5000.00,    0.11,    0.89,    0.00, 0
29, 7565, 1, 29,  3.51, 30.29, 75.00,  130.74, 5000.00,    0.12,    0.72,    0.00, 0
29, 7566, 1, 29, 25.33, 18.38, 76.04,  130.98, 5000.00,    0.01,    1.57,    0.00, 0
29, 7567, 1, 29, 24.87, 19.18, 76.19,  131.01, 5000.00,    0.01,    1.60,    0.00, 0
29, 7568, 1, 29, 24.16, 19.93, 76.30,  131.05, 5000.00,    0.01,    1.61,    0.00, 0
29, 7569, 1, 29, 20.86, 22.61, 56.00,  131.20, 5000.00,    0.00,    1.92,    0.00, 0
29, 7570, 1, 29, 20.89, 22.71, 56.08,  131.23, 5000.00,    0.00,    1.87,    0.00, 0
29, 7571, 1, 29, 21.11, 22.80, 56.17,  131.30, 5000.00,    0.01,    1.77,    0.00, 0
29, 7572, 1, 29, 21.25, 22.53, 56.63,  131.27, 5000.00,    0.01,    1.83,    0.00, 0
29, 7573, 1, 29, 21.26, 22.48, 57.09,  131.26, 5000.00,    0.01,    1.84,    0.00, 0
29, 7574, 1, 29, 21.47, 22.38, 57.64,  131.26, 5000.00,    0.00,    1.84,    0.00, 0
29, 7575, 1, 29, 21.31, 22.39, 58.36,  131.25, 5000.00,    0.00,    1.83,    0.00, 0
29, 7576, 1, 29, 21.27, 22.50, 59.32,  131.22, 5000.00,    0.00,    1.83,    0.00, 0
29, 7577, 1, 29, 21.29, 22.50, 60.43,  131.19, 5000.00,    0.00,    1.82,    0.00, 0
29, 7578, 1, 29,  6.13, 29.40, 62.58,  130.78, 5000.00,    0.05,    1.49,    0.00, 0
29, 7579, 1, 29, 21.11, 22.50, 64.60,  131.09, 5000.00,    0.00,    1.85,    0.00, 0
29, 7580, 1, 29, 21.38, 22.44, 67.83,  131.07, 5000.00,    0.00,    1.84,    0.00, 0
29, 7581, 1, 29, 21.22, 22.50, 70.12,  131.11, 5000.00,    0.01,    1.81,    0.00, 0
29, 7582, 1, 29, 21.18, 22.68, 71.83,  131.15, 5000.00,    0.01,    1.78,    0.00, 0
29, 7583, 1, 29,  5.02, 29.73, 70.45,  130.95, 5000.00,    0.06,    1.06,    0.00, 0
29, 7584, 1, 29,  4.78, 29.83, 71.67,  130.92, 5000.00,    0.07,    1.02,    0.00, 0
29, 7585, 1, 29,  4.72, 29.76, 72.26,  130.94, 5000.00,    0.07,    1.07,    0.00, 0
29, 7586, 1, 29,  4.57, 29.92, 73.45,  130.90, 5000.00,    0.07,    1.00,    0.00, 0
29, 7587, 1, 29,  4.20, 30.10, 74.33,  130.80, 5000.00,    0.08,    0.88,    0.00, 0
29, 7588, 1, 29,  3.40, 30.36, 75.01,  130.70, 5000.00,    0.08,    0.67,    0.00, 0
29, 7589, 1, 29,  3.92, 30.15, 74.99,  130.71, 5000.00,    0.08,    0.83,    0.00, 0
29, 7590, 1, 29,  2.90, 30.77, 75.89,  130.60, 5000.00,    0.08,    0.41,    0.00, 0
29, 7591, 1, 29, 14.85, 26.93, 55.94,  131.18, 5000.00,    0.01,    1.99,    0.00, 0
29, 7592, 1, 29, 14.86, 26.98, 56.03,  131.15, 5000.00,    0.00,    1.96,    0.00, 0
29, 7593, 1, 29, 15.05, 27.04, 56.25,  131.24, 5000.00,    0.01,    1.90,    0.00, 0
29, 7594, 1, 29, 15.10, 27.17, 56.53,  131.29, 5000.00,    0.01,    1.82,    0.00, 0
29, 7595, 1, 29, 15.14, 27.17, 56.94,  131.28, 5000.00,    0.01,    1.84,    0.00, 0
29, 7596, 1, 29, 15.08, 27.04, 57.54,  131.27, 5000.00,    0.01,    1.82,    0.00, 0
29, 7597, 1, 29, 14.98, 27.13, 58.29,  131.26, 5000.00,    0.01,    1.84,    0.00, 0
29, 7598, 1, 29, 15.01, 27.21, 59.05,  131.21, 5000.00,    0.01,    1.82,    0.00, 0
29, 7599, 1, 29, 15.04, 27.21, 60.33,  131.15, 5000.00,    0.00,    1.83,    0.00, 0
29, 7600, 1, 29, 15.17, 26.99, 61.99,  131.12, 5000.00,    0.00,    1.84,    0.00, 0
29, 7601, 1, 29, 14.63, 27.15, 64.58,  131.06, 5000.00,    0.00,    1.86,    0.00, 0
29, 7602, 1, 29, 15.01, 27.08, 67.75,  131.04, 5000.00,    0.00,    1.85,    0.00, 0
29, 7603, 1, 29, 14.81, 27.24, 70.29,  131.10, 5000.00,    0.01,    1.82,    0.00, 0
29, 7604, 1, 29, 14.84, 27.38, 71.84,  131.13, 5000.00,    0.01,    1.79,    0.00, 0
29, 7605, 1, 29, 15.02, 27.22, 73.05,  131.16, 5000.00,    0.01,    1.76,    0.00, 0
29, 7606, 1, 29,  4.87, 30.17, 72.23,  130.88, 5000.00,    0.03,    1.28,    0.00, 0
29, 7607, 1, 29, 15.06, 27.38, 74.61,  131.17, 5000.00,    0.01,    1.70,    0.00, 0
29, 7608, 1, 29, 14.86, 27.54, 75.13,  131.16, 5000.00,    0.01,    1.69,    0.00, 0
29, 7609, 1, 29, 14.86, 27.60, 75.55,  131.13, 5000.00,    0.01,    1.66,    0.00, 0
29, 7610, 1, 29, 14.85, 27.67, 75.91,  131.06, 5000.00,    0.01,    1.61,    0.00, 0
29, 7611, 1, 29, 14.74, 27.58, 75.98,  131.04, 5000.00,    0.01,    1.69,    0.00, 0
29, 7612, 1, 29, 14.65, 27.58, 76.11,  131.01, 5000.00,    0.01,    1.70,    0.00, 0
29, 7613, 1, 29,  8.02, 28.57, 56.24,  131.21, 5000.00,    0.00,    1.94,    0.00, 0
29, 7614, 1, 29,  7.70, 28.64, 56.34,  131.16, 5000.00,    0.00,    1.94,    0.00, 0
29, 7615, 1, 29,  7.60, 28.69, 56.52,  131.16, 5000.00,    0.00,    1.93,    0.00, 0
29, 7616, 1, 29,  7.74, 28.75, 56.85,  131.19, 5000.00,    0.00,    1.90,    0.00, 0
29, 7617, 1, 29,  9.29, 28.59, 57.20,  131.32, 5000.00,    0.01,    1.77,    0.00, 0
29, 7618, 1, 29,  7.92, 28.92, 57.81,  131.16, 5000.00,    0.00,    1.90,    0.00, 0
29, 7619, 1, 29,  7.71, 29.07, 58.52,  131.16, 5000.00,    0.00,    1.87,    0.00, 0
29, 7620, 1, 29,  7.93, 29.09, 59.54,  131.15, 5000.00,    0.00,    1.87,    0.00, 0
29, 7621, 1, 29,  8.21, 29.27, 60.90,  131.14, 5000.00,    0.00,    1.86,    0.00, 0
29, 7622, 1, 29,  8.66, 29.46, 62.43,  131.10, 5000.00,    0.00,    1.86,    0.00, 0
29, 7623, 1, 29,  8.05, 29.82, 64.94,  131.08, 5000.00,    0.00,    1.85,    0.00, 0
29, 7624, 1, 29,  8.40, 29.81, 67.91,  131.07, 5000.00,    0.00,    1.80,    0.00, 0
29, 7625, 1, 29,  7.96, 29.89, 70.23,  131.10, 5000.00,    0.01,    1.76,    0.00, 0
29, 7626, 1, 29,  7.89, 29.96, 72.04,  131.14, 5000.00,    0.01,    1.71,    0.00, 0
29, 7627, 1, 29, 10.33, 29.33, 73.18,  131.21, 5000.00,    0.01,    1.82,    0.00, 0
29, 7628, 1, 29, 10.44, 29.22, 74.08,  131.20, 5000.00,    0.01,    1.82,    0.00, 0
29, 7629, 1, 29, 10.60, 29.24, 74.74,  131.19, 5000.00,    0.01,    1.81,    0.00, 0
29, 7630, 1, 29, 10.84, 29.26, 75.49,  131.13, 5000.00,    0.01,    1.78,    0.00, 0
29, 7631, 1, 29,  5.08, 30.78, 75.82,  130.85, 5000.00,    0.01,    1.43,    0.00, 0
29, 7632, 1, 29,  8.57, 30.11, 76.04,  131.01, 5000.00,    0.01,    1.62,    0.00, 0
29, 7633, 1, 29,  5.05, 30.92, 76.33,  130.78, 5000.00,    0.02,    1.35,    0.00, 0
29, 7634, 1, 29,  9.30, 29.94, 76.32,  131.01, 5000.00,    0.01,    1.65,    0.00, 0
29, 7635, 1, 29,  5.43, 28.58, 56.71,  131.28, 5000.00,    0.00,    1.74,    0.00, 0
29, 7636, 1, 29,  5.17, 28.67, 56.77,  131.25, 5000.00,    0.00,    1.71,    0.00, 0
29, 7637, 1, 29,  5.03, 28.72, 56.86,  131.23, 5000.00,    0.00,    1.70,    0.00, 0
29, 7638, 1, 29,  5.13, 28.73, 57.14,  131.23, 5000.00,    0.00,    1.69,    0.00, 0
29, 7639, 1, 29,  5.09, 28.82, 57.57,  131.25, 5000.00,    0.00,    1.67,    0.00, 0
29, 7640, 1, 29,  5.22, 28.83, 58.02,  131.23, 5000.00,    0.00,    1.69,    0.00, 0
29, 7641, 1, 29,  5.11, 28.93, 58.71,  131.23, 5000.00,    0.00,    1.69,    0.00, 0
29, 7642, 1, 29,  5.31, 29.12, 59.63,  131.22, 5000.00,    0.00,    1.71,    0.00, 0
29, 7643, 1, 29,  5.40, 29.22, 60.93,  131.21, 5000.00,    0.00,    1.72,    0.00, 0
29, 7644, 1, 29,  5.76, 29.35, 62.97,  131.20, 5000.00,    0.00,    1.74,    0.00, 0
29, 7645, 1, 29,  5.13, 29.75, 65.22,  131.21, 5000.00,    0.00,    1.71,    0.00, 0
29, 7646, 1, 29,  5.59, 30.09, 68.36,  131.16, 5000.00,    0.00,    1.73,    0.00, 0
29, 7647, 1, 29,  5.15, 30.66, 70.66,  131.16, 5000.00,    0.00,    1.70,    0.00, 0
29, 7648, 1, 29,  4.90, 30.75, 72.23,  131.16, 5000.00,    0.00,    1.67,    0.00, 0
29, 7649, 1, 29,  4.83, 30.77, 73.44,  131.13, 5000.00,    0.01,    1.62,    0.00, 0
29, 7650, 1, 29,  6.12, 30.57, 74.06,  131.24, 5000.00,    0.01,    1.75,    0.00, 0
29, 7651, 1, 29,  4.51, 30.88, 75.03,  131.06, 5000.00,    0.01,    1.54,    0.00, 0
29, 7652, 1, 29,  4.28, 31.11, 75.59,  131.07, 5000.00,    0.01,    1.44,    0.00, 0
29, 7653, 1, 29,  4.42, 31.09, 75.84,  131.06, 5000.00,    0.01,    1.47,    0.00, 0
29, 7654, 1, 29,  4.45, 31.11, 76.16,  131.01, 5000.00,    0.01,    1.44,    0.00, 0
29, 7655, 1, 29,  4.50, 31.12, 76.32,  130.96, 5000.00,    0.01,    1.45,    0.00, 0
29, 7656, 1, 29,  7.06, 30.61, 76.37,  131.07, 5000.00,    0.01,    1.66,    0.00, 0
29, 7657, 1, 29,  3.90, 28.63, 57.06,  131.29, 5000.00,    0.00,    1.68,    0.00, 0
29, 7658, 1, 29,  3.82, 28.68, 57.12,  131.27, 5000.00,    0.00,    1.66,    0.00, 0
29, 7659, 1, 29,  3.80, 28.70, 57.25,  131.27, 5000.00,    0.00,    1.66,    0.00, 0
29, 7660, 1, 29,  3.76, 28.76, 57.54,  131.27, 5000.00,    0.00,    1.65,    0.00, 0
29, 7661, 1, 29,  3.68, 28.82, 57.89,  131.27, 5000.00,    0.00,    1.65,    0.00, 0
29, 7662, 1, 29,  3.72, 28.85, 58.42,  131.27, 5000.00,    0.00,    1.66,    0.00, 0
29, 7663, 1, 29,  3.41, 28.95, 59.09,  131.28, 5000.00,    0.00,    1.67,    0.00, 0
29, 7664, 1, 29,  3.64, 29.03, 59.85,  131.25, 5000.00,    0.00,    1.67,    0.00, 0
29, 7665, 1, 29,  3.70, 29.13, 61.12,  131.24, 5000.00,    0.00,    1.70,    0.00, 0
29, 7666, 1, 29,  4.07, 29.32, 63.19,  131.25, 5000.00,    0.00,    1.71,    0.00, 0
29, 7667, 1, 29,  3.26, 29.69, 65.50,  131.27, 5000.00,    0.00,    1.71,    0.00, 0
29, 7668, 1, 29,  3.81, 30.16, 68.80,  131.22, 5000.00,    0.00,    1.68,    0.00, 0
29, 7669, 1, 29,  3.35, 30.60, 71.16,  131.22, 5000.00,    0.00,    1.65,    0.00, 0
29, 7670, 1, 29,  3.22, 30.85, 72.53,  131.24, 5000.00,    0.00,    1.63,    0.00, 0
29, 7671, 1, 29,  3.37, 31.05, 73.73,  131.22, 5000.00,    0.00,    1.57,    0.00, 0
29, 7672, 1, 29,  3.24, 31.23, 74.54,  131.23, 5000.00,    0.01,    1.51,    0.00, 0
29, 7673, 1, 29,  3.08, 31.27, 75.18,  131.22, 5000.00,    0.01,    1.42,    0.00, 0
29, 7674, 1, 29,  2.80, 31.34, 75.72,  131.17, 5000.00,    0.01,    1.43,    0.00, 0
29, 7675, 1, 29,  2.78, 31.39, 76.01,  131.13, 5000.00,    0.01,    1.41,    0.00, 0
29, 7676, 1, 29,  2.80, 31.35, 76.25,  131.10, 5000.00,    0.01,    1.43,    0.00, 0
29, 7677, 1, 29,  2.70, 31.41, 76.48,  131.01, 5000.00,    0.01,    1.38,    0.00, 0
29, 7678, 1, 29,  2.91, 31.28, 76.47,  131.04, 5000.00,    0.01,    1.51,    0.00, 0
29, 7679, 1, 29,  3.02, 28.53, 57.15,  131.31, 5000.00,    0.00,    1.66,    0.00, 0
29, 7680, 1, 29,  2.95, 28.59, 57.22,  131.30, 5000.00,    0.00,    1.64,    0.00, 0
29, 7681, 1, 29,  2.94, 28.59, 57.37,  131.30, 5000.00,    0.00,    1.65,    0.00, 0
29, 7682, 1, 29,  2.88, 28.62, 57.67,  131.29, 5000.00,    0.00,    1.66,    0.00, 0
29, 7683, 1, 29,  2.73, 28.77, 58.04,  131.29, 5000.00,    0.01,    1.66,    0.00, 0
29, 7684, 1, 29,  2.75, 28.73, 58.53,  131.29, 5000.00,    0.01,    1.67,    0.00, 0
29, 7685, 1, 29,  2.41, 28.79, 59.19,  131.31, 5000.00,    0.01,    1.69,    0.00, 0
29, 7686, 1, 29,  2.68, 29.06, 59.80,  131.27, 5000.00,    0.01,    1.68,    0.00, 0
29, 7687, 1, 29,  2.70, 29.16, 61.06,  131.27, 5000.00,    0.01,    1.71,    0.00, 0
29, 7688, 1, 29,  3.13, 29.35, 63.12,  131.27, 5000.00,    0.00,    1.73,    0.00, 0
29, 7689, 1, 29,  2.19, 29.70, 65.63,  131.32, 5000.00,    0.01,    1.75,    0.00, 0
29, 7690, 1, 29,  2.83, 30.12, 68.86,  131.28, 5000.00,    0.00,    1.66,    0.00, 0
29, 7691, 1, 29,  2.29, 30.49, 71.35,  131.25, 5000.00,    0.01,    1.67,    0.00, 0
29, 7692, 1, 29,  2.16, 30.84, 72.91,  131.30, 5000.00,    0.01,    1.59,    0.00, 0
29, 7693, 1, 29,  2.43, 30.97, 73.87,  131.26, 5000.00,    0.01,    1.58,    0.00, 0
29, 7694, 1, 29,  2.37, 31.08, 74.57,  131.26, 5000.00,    0.01,    1.58,    0.00, 0
29, 7695, 1, 29,  2.30, 31.34, 75.16,  131.24, 5000.00,    0.01,    1.55,    0.00, 0
29, 7696, 1, 29,  1.92, 31.29, 75.70,  131.24, 5000.00,    0.01,    1.54,    0.00, 0
29, 7697, 1, 29,  1.87, 31.36, 76.08,  131.21, 5000.00,    0.01,    1.51,    0.00, 0
29, 7698, 1, 29,  1.85, 31.37, 76.32,  131.18, 5000.00,    0.01,    1.50,    0.00, 0
29, 7699, 1, 29,  1.84, 31.36, 76.49,  131.14, 5000.00,    0.01,    1.51,    0.00, 0
29, 7700, 1, 29,  1.90, 31.32, 76.49,  131.16, 5000.00,    0.01,    1.56,    0.00, 0
29, 7701, 1, 29,  2.67, 28.56, 57.20,  131.31, 5000.00,    0.01,    1.70,    0.00, 0
29, 7702, 1, 29,  2.63, 28.46, 57.31,  131.32, 5000.00,    0.01,    1.69,    0.00, 0
29, 7703, 1, 29,  2.59, 28.48, 57.45,  131.32, 5000.00,    0.01,    1.69,    0.00, 0
29, 7704, 1, 29,  2.48, 28.54, 57.72,  131.32, 5000.00,    0.01,    1.69,    0.00, 0
29, 7705, 1, 29,  2.33, 28.60, 58.05,  131.33, 5000.00,    0.01,    1.69,    0.00, 0
29, 7706, 1, 29,  2.33, 28.70, 58.45,  131.35, 5000.00,    0.01,    1.64,    0.00, 0
29, 7707, 1, 29, 18.40, 21.51, 62.00,  131.54, 5000.00,    0.14,    2.78,    0.00, 0
29, 7708, 1, 29,  2.28, 29.10, 59.46,  131.31, 5000.00,    0.01,    1.65,    0.00, 0
29, 7709, 1, 29,  2.25, 29.13, 60.90,  131.28, 5000.00,    0.01,    1.72,    0.00, 0
29, 7710, 1, 29,  2.65, 29.30, 62.98,  131.28, 5000.00,    0.01,    1.76,    0.00, 0
29, 7711, 1, 29,  1.70, 29.60, 65.02,  131.37, 5000.00,    0.01,    1.82,    0.00, 0
29, 7712, 1, 29,  2.35, 30.10, 68.91,  131.30, 5000.00,    0.01,    1.67,    0.00, 0
29, 7713, 1, 29,  1.82, 30.50, 71.56,  131.30, 5000.00,    0.01,    1.67,    0.00, 0
29, 7714, 1, 29,  1.77, 30.67, 72.46,  131.34, 5000.00,    0.01,    1.72,    0.00, 0
29, 7715, 1, 29,  2.13, 30.85, 73.65,  131.33, 5000.00,    0.01,    1.68,    0.00, 0
29, 7716, 1, 29,  2.08, 30.93, 74.39,  131.31, 5000.00,    0.01,    1.71,    0.00, 0
29, 7717, 1, 29,  1.88, 31.19, 75.25,  131.28, 5000.00,    0.01,    1.58,    0.00, 0
29, 7718, 1, 29,  2.02, 30.69, 74.90,  131.36, 5000.00,    0.01,    2.00,    0.00, 0
29, 7719, 1, 29,  1.62, 31.15, 75.80,  131.33, 5000.00,    0.01,    1.70,    0.00, 0
29, 7720, 1, 29, 14.36, 26.66, 75.16,  131.43, 5000.00,    0.09,    3.44,    0.00, 0
29, 7721, 1, 29,  1.59, 31.16, 76.28,  131.29, 5000.00,    0.01,    1.71,    0.00, 0
29, 7722, 1, 29,  1.58, 31.23, 76.43,  131.25, 5000.00,    0.01,    1.66,    0.00, 0
29, 7723, 1, 29, 27.56, 16.16, 56.02,  131.35, 5000.00,    0.00,    1.71,    0.00, 0
29, 7724, 1, 29, 27.74, 15.79, 56.13,  131.33, 5000.00,    0.00,    1.72,    0.00, 0
29, 7725, 1, 29,  5.75, 29.64, 57.73,  131.09, 5000.00,    0.14,    2.38,    0.00, 0
29, 7726, 1, 29,  4.57, 29.45, 58.84,  131.09, 5000.00,    0.15,    2.77,    0.00, 0
29, 7727, 1, 29,  8.58, 29.35, 58.25,  131.62, 5000.00,    0.15,    2.53,    0.00, 0
29, 7728, 1, 29,  3.41, 29.54, 59.15,  130.91, 5000.00,    0.18,    2.95,    0.00, 0
29, 7729, 1, 29,  3.53, 29.67, 59.67,  130.87, 5000.00,    0.19,    2.99,    0.00, 0
29, 7730, 1, 29,  3.69, 29.63, 59.98,  130.83, 5000.00,    0.20,    3.04,    0.00, 0
29, 7731, 1, 29, 28.43, 15.21, 60.02,  131.31, 5000.00,    0.01,    1.78,    0.00, 0
29, 7732, 1, 29, 28.43, 15.17, 61.94,  131.33, 5000.00,    0.01,    1.82,    0.00, 0
29, 7733, 1, 29, 28.31, 15.08, 64.68,  131.34, 5000.00,    0.01,    1.83,    0.00, 0
29, 7734, 1, 29, 28.37, 15.04, 68.02,  131.32, 5000.00,    0.01,    1.84,    0.00, 0
29, 7735, 1, 29, 28.48, 15.01, 70.85,  131.30, 5000.00,    0.01,    1.80,    0.00, 0
29, 7736, 1, 29,  3.42, 30.42, 70.23,  131.04, 5000.00,    0.20,    2.03,    0.00, 0
29, 7737, 1, 29,  3.22, 30.51, 71.18,  131.10, 5000.00,    0.20,    1.96,    0.00, 0
29, 7738, 1, 29,  2.98, 30.65, 72.26,  131.09, 5000.00,    0.20,    1.84,    0.00, 0
29, 7739, 1, 29,  3.05, 30.57, 72.33,  131.15, 5000.00,    0.20,    1.91,    0.00, 0
29, 7740, 1, 29,  3.02, 30.55, 72.35,  131.22, 5000.00,    0.19,    1.91,    0.00, 0
29, 7741, 1, 29,  2.98, 30.52, 72.36,  131.26, 5000.00,    0.19,    1.94,    0.00, 0
29, 7742, 1, 29,  2.35, 31.06, 73.98,  131.16, 5000.00,    0.19,    1.53,    0.00, 0
29, 7743, 1, 29,  2.14, 31.36, 75.07,  131.03, 5000.00,    0.18,    1.26,    0.00, 0
29, 7744, 1, 29,  2.08, 31.37, 75.28,  131.01, 5000.00,    0.18,    1.25,    0.00, 0
29, 7745, 1, 29, 27.48, 16.28, 56.01,  131.34, 5000.00,    0.00,    1.68,    0.00, 0
29, 7746, 1, 29, 27.78, 15.93, 56.09,  131.33, 5000.00,    0.00,    1.62,    0.00, 0
29, 7747, 1, 29, 27.82, 15.91, 56.23,  131.34, 5000.00,    0.00,    1.60,    0.00, 0
29, 7748, 1, 29, 28.03, 15.52, 56.44,  131.34, 5000.00,    0.01,    1.66,    0.00, 0
29, 7749, 1, 29, 28.13, 15.42, 56.80,  131.33, 5000.00,    0.01,    1.63,    0.00, 0
29, 7750, 1, 29,  4.90, 29.55, 59.72,  131.09, 5000.00,    0.17,    2.85,    0.00, 0
29, 7751, 1, 29,  5.01, 29.61, 59.70,  131.03, 5000.00,    0.17,    2.83,    0.00, 0
29, 7752, 1, 29,  5.08, 29.65, 60.18,  130.99, 5000.00,    0.18,    2.80,    0.00, 0
29, 7753, 1, 29, 28.31, 15.48, 60.07,  131.31, 5000.00,    0.01,    1.75,    0.00, 0
29, 7754, 1, 29, 28.33, 15.44, 62.10,  131.33, 5000.00,    0.01,    1.79,    0.00, 0
29, 7755, 1, 29,  5.72, 29.80, 62.56,  130.88, 5000.00,    0.17,    2.43,    0.00, 0
29, 7756, 1, 29, 28.28, 15.31, 67.96,  131.31, 5000.00,    0.01,    1.80,    0.00, 0
29, 7757, 1, 29, 28.38, 15.28, 70.75,  131.29, 5000.00,    0.01,    1.77,    0.00, 0
29, 7758, 1, 29,  4.27, 30.38, 70.00,  131.12, 5000.00,    0.18,    1.92,    0.00, 0
29, 7759, 1, 29,  3.33, 30.64, 70.96,  131.08, 5000.00,    0.19,    1.75,    0.00, 0
29, 7760, 1, 29,  3.12, 30.76, 72.00,  131.07, 5000.00,    0.19,    1.66,    0.00, 0
29, 7761, 1, 29,  3.08, 30.75, 72.34,  131.15, 5000.00,    0.19,    1.69,    0.00, 0
29, 7762, 1, 29,  3.10, 30.70, 72.35,  131.17, 5000.00,    0.19,    1.70,    0.00, 0
29, 7763, 1, 29, 28.77, 15.19, 75.69,  131.34, 5000.00,    0.01,    1.60,    0.00, 0
29, 7764, 1, 29, 28.79, 15.18, 76.01,  131.34, 5000.00,    0.01,    1.59,    0.00, 0
29, 7765, 1, 29,  2.85, 30.96, 74.38,  131.17, 5000.00,    0.18,    1.49,    0.00, 0
29, 7766, 1, 29,  2.19, 31.41, 75.35,  130.91, 5000.00,    0.18,    1.11,    0.00, 0
29, 7767, 1, 29, 27.13, 16.72, 56.02,  131.35, 5000.00,    0.00,    1.78,    0.00, 0
29, 7768, 1, 29, 27.65, 16.21, 56.03,  131.31, 5000.00,    0.00,    1.61,    0.00, 0
29, 7769, 1, 29, 27.67, 16.19, 56.18,  131.30, 5000.00,    0.00,    1.60,    0.00, 0
29, 7770, 1, 29, 27.94, 15.83, 56.41,  131.33, 5000.00,    0.00,    1.62,    0.00, 0
29, 7771, 1, 29,  5.64, 29.82, 58.07,  131.04, 5000.00,    0.15,    2.31,    0.00, 0
29, 7772, 1, 29,  5.45, 29.58, 59.61,  131.10, 5000.00,    0.15,    2.58,    0.00, 0
29, 7773, 1, 29, 28.40, 15.49, 57.84,  131.31, 5000.00,    0.01,    1.66,    0.00, 0
29, 7774, 1, 29, 28.41, 15.50, 58.65,  131.29, 5000.00,    0.01,    1.69,    0.00, 0
29, 7775, 1, 29, 28.15, 15.84, 60.23,  131.30, 5000.00,    0.01,    1.74,    0.00, 0
29, 7776, 1, 29, 28.20, 15.80, 62.28,  131.31, 5000.00,    0.01,    1.76,    0.00, 0
29, 7777, 1, 29, 28.21, 15.81, 64.75,  131.30, 5000.00,    0.01,    1.77,    0.00, 0
29, 7778, 1, 29,  5.14, 30.15, 66.29,  130.93, 5000.00,    0.16,    1.99,    0.00, 0
29, 7779, 1, 29,  5.03, 30.33, 68.39,  131.07, 5000.00,    0.17,    1.83,    0.00, 0
29, 7780, 1, 29,  4.66, 30.52, 69.74,  131.11, 5000.00,    0.18,    1.69,    0.00, 0
29, 7781, 1, 29,  4.42, 30.55, 70.50,  131.17, 5000.00,    0.18,    1.66,    0.00, 0
29, 7782, 1, 29,  4.23, 30.59, 70.94,  131.21, 5000.00,    0.19,    1.64,    0.00, 0
29, 7783, 1, 29, 28.60, 15.53, 74.93,  131.29, 5000.00,    0.01,    1.57,    0.00, 0
29, 7784, 1, 29,  3.89, 30.64, 72.30,  131.12, 5000.00,    0.19,    1.57,    0.00, 0
29, 7785, 1, 29, 28.63, 15.53, 75.73,  131.29, 5000.00,    0.01,    1.56,    0.00, 0
29, 7786, 1, 29, 28.61, 15.53, 76.02,  131.29, 5000.00,    0.01,    1.57,    0.00, 0
29, 7787, 1, 29,  3.06, 31.11, 74.88,  130.91, 5000.00,    0.19,    1.22,    0.00, 0
29, 7788, 1, 29,  2.71, 31.35, 75.53,  130.74, 5000.00,    0.19,    1.03,    0.00, 0
29, 7789, 1, 29, 26.72, 17.07, 56.09,  131.29, 5000.00,    0.00,    1.73,    0.00, 0
29, 7790, 1, 29, 27.24, 16.85, 56.09,  131.29, 5000.00,    0.00,    1.73,    0.00, 0
29, 7791, 1, 29, 27.21, 16.83, 56.12,  131.27, 5000.00,    0.00,    1.72,    0.00, 0
29, 7792, 1, 29, 27.59, 16.31, 56.41,  131.29, 5000.00,    0.00,    1.61,    0.00, 0
29, 7793, 1, 29, 27.76, 16.34, 56.81,  131.28, 5000.00,    0.00,    1.63,    0.00, 0
29, 7794, 1, 29, 28.00, 16.08, 57.30,  131.31, 5000.00,    0.00,    1.62,    0.00, 0
29, 7795, 1, 29, 28.01, 16.06, 57.98,  131.29, 5000.00,    0.00,    1.67,    0.00, 0
29, 7796, 1, 29, 27.99, 16.10, 58.92,  131.26, 5000.00,    0.01,    1.71,    0.00, 0
29, 7797, 1, 29, 27.80, 16.41, 60.42,  131.28, 5000.00,    0.00,    1.72,    0.00, 0
29, 7798, 1, 29, 27.85, 16.38, 62.35,  131.27, 5000.00,    0.00,    1.74,    0.00, 0
29, 7799, 1, 29, 27.85, 16.41, 64.76,  131.26, 5000.00,    0.01,    1.75,    0.00, 0
29, 7800, 1, 29,  5.44, 30.28, 66.70,  130.86, 5000.00,    0.16,    1.75,    0.00, 0
29, 7801, 1, 29, 27.89, 16.25, 70.51,  131.22, 5000.00,    0.01,    1.71,    0.00, 0
29, 7802, 1, 29, 28.01, 16.21, 72.19,  131.22, 5000.00,    0.01,    1.67,    0.00, 0
29, 7803, 1, 29, 28.08, 16.12, 73.29,  131.23, 5000.00,    0.01,    1.65,    0.00, 0
29, 7804, 1, 29,  4.67, 30.61, 70.90,  131.12, 5000.00,    0.18,    1.49,    0.00, 0
29, 7805, 1, 29,  4.48, 30.68, 72.11,  131.08, 5000.00,    0.18,    1.44,    0.00, 0
29, 7806, 1, 29, 28.22, 16.05, 75.43,  131.17, 5000.00,    0.01,    1.60,    0.00, 0
29, 7807, 1, 29, 28.20, 16.07, 75.71,  131.19, 5000.00,    0.01,    1.62,    0.00, 0
29, 7808, 1, 29, 28.17, 16.12, 76.03,  131.16, 5000.00,    0.01,    1.63,    0.00, 0
29, 7809, 1, 29,  3.05, 31.26, 75.29,  130.72, 5000.00,    0.19,    1.01,    0.00, 0
29, 7810, 1, 29,  4.63, 30.97, 75.66,  130.69, 5000.00,    0.19,    1.21,    0.00, 0
29, 7811, 1, 29, 26.49, 17.87, 56.14,  131.25, 5000.00,    0.00,    1.75,    0.00, 0
29, 7812, 1, 29, 26.63, 17.74, 56.24,  131.28, 5000.00,    0.00,    1.72,    0.00, 0
29, 7813, 1, 29, 26.87, 17.50, 56.41,  131.27, 5000.00,    0.00,    1.66,    0.00, 0
29, 7814, 1, 29, 27.04, 17.26, 56.54,  131.23, 5000.00,    0.00,    1.68,    0.00, 0
29, 7815, 1, 29, 27.07, 17.23, 56.96,  131.22, 5000.00,    0.00,    1.69,    0.00, 0
29, 7816, 1, 29, 27.32, 17.00, 57.48,  131.24, 5000.00,    0.00,    1.68,    0.00, 0
29, 7817, 1, 29, 27.37, 17.05, 58.19,  131.25, 5000.00,    0.00,    1.67,    0.00, 0
29, 7818, 1, 29, 27.39, 17.10, 59.24,  131.26, 5000.00,    0.00,    1.69,    0.00, 0
29, 7819, 1, 29, 27.21, 17.35, 60.63,  131.24, 5000.00,    0.00,    1.69,    0.00, 0
29, 7820, 1, 29, 27.27, 17.33, 62.50,  131.23, 5000.00,    0.00,    1.71,    0.00, 0
29, 7821, 1, 29, 27.25, 17.39, 64.86,  131.20, 5000.00,    0.00,    1.71,    0.00, 0
29, 7822, 1, 29, 27.23, 17.23, 67.88,  131.19, 5000.00,    0.00,    1.70,    0.00, 0
29, 7823, 1, 29, 27.33, 17.20, 70.44,  131.18, 5000.00,    0.00,    1.66,    0.00, 0
29, 7824, 1, 29, 27.46, 17.14, 72.08,  131.18, 5000.00,    0.00,    1.63,    0.00, 0
29, 7825, 1, 29, 27.55, 17.02, 73.22,  131.19, 5000.00,    0.01,    1.60,    0.00, 0
29, 7826, 1, 29, 27.65, 16.96, 74.10,  131.18, 5000.00,    0.01,    1.58,    0.00, 0
29, 7827, 1, 29, 27.69, 16.94, 74.78,  131.17, 5000.00,    0.01,    1.57,    0.00, 0
29, 7828, 1, 29, 27.70, 16.99, 75.33,  131.14, 5000.00,    0.01,    1.54,    0.00, 0
29, 7829, 1, 29, 27.70, 17.01, 75.70,  131.12, 5000.00,    0.01,    1.55,    0.00, 0
29, 7830, 1, 29, 27.67, 17.11, 76.03,  131.09, 5000.00,    0.01,    1.54,    0.00, 0
29, 7831, 1, 29,  2.98, 31.46, 75.57,  130.45, 5000.00,    0.20,    0.66,    0.00, 0
29, 7832, 1, 29,  5.41, 30.97, 75.80,  130.56, 5000.00,    0.19,    1.06,    0.00, 0
29, 7833, 1, 29, 25.11, 19.75, 56.39,  131.20, 5000.00,    0.00,    1.91,    0.00, 0
29, 7834, 1, 29, 24.93, 19.96, 56.51,  131.22, 5000.00,    0.00,    1.91,    0.00, 0
29, 7835, 1, 29, 24.86, 20.14, 56.53,  131.23, 5000.00,    0.00,    1.87,    0.00, 0
29, 7836, 1, 29, 25.71, 19.30, 56.91,  131.25, 5000.00,    0.00,    1.80,    0.00, 0
29, 7837, 1, 29, 25.26, 19.86, 57.38,  131.30, 5000.00,    0.00,    1.84,    0.00, 0
29, 7838, 1, 29, 25.56, 19.64, 57.85,  131.30, 5000.00,    0.00,    1.82,    0.00, 0
29, 7839, 1, 29, 25.98, 18.84, 58.63,  131.21, 5000.00,    0.00,    1.77,    0.00, 0
29, 7840, 1, 29, 25.99, 18.93, 59.60,  131.20, 5000.00,    0.00,    1.77,    0.00, 0
29, 7841, 1, 29, 25.75, 19.23, 60.72,  131.16, 5000.00,    0.00,    1.78,    0.00, 0
29, 7842, 1, 29, 25.82, 19.18, 62.47,  131.12, 5000.00,    0.00,    1.80,    0.00, 0
29, 7843, 1, 29, 25.72, 19.30, 64.84,  131.08, 5000.00,    0.00,    1.81,    0.00, 0
29, 7844, 1, 29, 25.79, 19.05, 67.91,  131.06, 5000.00,    0.00,    1.79,    0.00, 0
29, 7845, 1, 29, 25.84, 19.09, 70.29,  131.08, 5000.00,    0.01,    1.76,    0.00, 0
29, 7846, 1, 29,  5.71, 30.58, 69.28,  130.77, 5000.00,    0.14,    1.19,    0.00, 0
29, 7847, 1, 29,  5.30, 30.64, 70.41,  130.83, 5000.00,    0.14,    1.16,    0.00, 0
29, 7848, 1, 29,  5.17, 30.63, 71.08,  130.86, 5000.00,    0.15,    1.17,    0.00, 0
29, 7849, 1, 29, 26.15, 18.95, 74.57,  131.12, 5000.00,    0.01,    1.71,    0.00, 0
29, 7850, 1, 29, 26.00, 19.31, 75.23,  131.12, 5000.00,    0.01,    1.70,    0.00, 0
29, 7851, 1, 29, 25.89, 19.66, 75.72,  131.10, 5000.00,    0.01,    1.66,    0.00, 0
29, 7852, 1, 29, 24.69, 21.06, 76.04,  131.20, 5000.00,    0.01,    1.66,    0.00, 0
29, 7853, 1, 29,  2.99, 31.46, 75.71,  130.27, 5000.00,    0.17,    0.57,    0.00, 0
29, 7854, 1, 29,  3.03, 31.38, 75.89,  130.23, 5000.00,    0.17,    0.60,    0.00, 0
29, 7855, 1, 29, 21.17, 23.76, 55.97,  131.19, 5000.00,    0.01,    2.00,    0.00, 0
29, 7856, 1, 29, 21.39, 23.67, 56.04,  131.17, 5000.00,    0.00,    1.97,    0.00, 0
29, 7857, 1, 29, 21.54, 23.88, 56.11,  131.28, 5000.00,    0.01,    1.81,    0.00, 0
29, 7858, 1, 29, 21.73, 23.71, 56.55,  131.31, 5000.00,    0.01,    1.83,    0.00, 0
29, 7859, 1, 29, 21.68, 23.71, 56.97,  131.29, 5000.00,    0.01,    1.83,    0.00, 0
29, 7860, 1, 29, 22.02, 23.48, 57.60,  131.29, 5000.00,    0.01,    1.85,    0.00, 0
29, 7861, 1, 29, 21.86, 23.49, 58.24,  131.26, 5000.00,    0.01,    1.83,    0.00, 0
29, 7862, 1, 29, 22.00, 23.46, 59.12,  131.23, 5000.00,    0.01,    1.83,    0.00, 0
29, 7863, 1, 29, 21.78, 23.60, 60.18,  131.15, 5000.00,    0.00,    1.84,    0.00, 0
29, 7864, 1, 29, 21.95, 23.45, 62.11,  131.09, 5000.00,    0.00,    1.87,    0.00, 0
29, 7865, 1, 29, 21.68, 23.49, 64.54,  131.03, 5000.00,    0.00,    1.90,    0.00, 0
29, 7866, 1, 29, 21.98, 23.41, 67.87,  131.01, 5000.00,    0.01,    1.90,    0.00, 0
29, 7867, 1, 29, 21.85, 23.47, 70.38,  131.06, 5000.00,    0.01,    1.84,    0.00, 0
29, 7868, 1, 29, 21.91, 23.60, 71.90,  131.14, 5000.00,    0.01,    1.82,    0.00, 0
29, 7869, 1, 29, 22.04, 23.58, 73.14,  131.17, 5000.00,    0.01,    1.78,    0.00, 0
29, 7870, 1, 29, 22.03, 23.68, 74.02,  131.18, 5000.00,    0.01,    1.76,    0.00, 0
29, 7871, 1, 29, 22.06, 23.74, 74.69,  131.18, 5000.00,    0.01,    1.74,    0.00, 0
29, 7872, 1, 29, 22.01, 23.88, 75.29,  131.15, 5000.00,    0.01,    1.70,    0.00, 0
29, 7873, 1, 29, 22.06, 23.89, 75.67,  131.16, 5000.00,    0.01,    1.69,    0.00, 0
29, 7874, 1, 29, 21.94, 23.96, 76.01,  131.10, 5000.00,    0.01,    1.66,    0.00, 0
29, 7875, 1, 29,  3.40, 31.03, 75.00,  130.48, 5000.00,    0.11,    0.99,    0.00, 0
29, 7876, 1, 29,  5.05, 31.00, 75.75,  130.34, 5000.00,    0.11,    1.01,    0.00, 0
29, 7877, 1, 29, 15.27, 28.12, 55.86,  131.21, 5000.00,    0.01,    2.00,    0.00, 0
29, 7878, 1, 29, 15.32, 27.89, 56.14,  131.16, 5000.00,    0.01,    2.11,    0.00, 0
29, 7879, 1, 29, 15.45, 27.98, 56.29,  131.18, 5000.00,    0.01,    2.02,    0.00, 0
29, 7880, 1, 29, 15.50, 28.28, 56.51,  131.28, 5000.00,    0.01,    1.84,    0.00, 0
29, 7881, 1, 29, 15.56, 28.29, 56.88,  131.29, 5000.00,    0.01,    1.84,    0.00, 0
29, 7882, 1, 29, 15.54, 28.15, 57.40,  131.22, 5000.00,    0.01,    1.81,    0.00, 0
29, 7883, 1, 29, 15.44, 28.27, 58.09,  131.23, 5000.00,    0.01,    1.82,    0.00, 0
29, 7884, 1, 29, 15.54, 28.27, 58.84,  131.17, 5000.00,    0.01,    1.82,    0.00, 0
29, 7885, 1, 29, 15.46, 28.32, 60.12,  131.18, 5000.00,    0.01,    1.86,    0.00, 0
29, 7886, 1, 29, 15.63, 28.04, 61.94,  131.07, 5000.00,    0.00,    1.89,    0.00, 0
29, 7887, 1, 29, 15.04, 28.21, 64.46,  131.01, 5000.00,    0.00,    1.91,    0.00, 0
29, 7888, 1, 29, 15.46, 28.12, 67.67,  130.98, 5000.00,    0.01,    1.91,    0.00, 0
29, 7889, 1, 29, 15.27, 28.29, 70.22,  131.03, 5000.00,    0.01,    1.86,    0.00, 0
29, 7890, 1, 29, 15.30, 28.45, 71.85,  131.13, 5000.00,    0.01,    1.82,    0.00, 0
29, 7891, 1, 29, 15.49, 28.31, 73.06,  131.15, 5000.00,    0.01,    1.79,    0.00, 0
29, 7892, 1, 29, 15.49, 28.34, 73.68,  131.21, 5000.00,    0.01,    1.80,    0.00, 0
29, 7893, 1, 29, 15.47, 28.36, 74.27,  131.24, 5000.00,    0.01,    1.83,    0.00, 0
29, 7894, 1, 29, 15.41, 28.48, 74.89,  131.21, 5000.00,    0.01,    1.80,    0.00, 0
29, 7895, 1, 29,  4.94, 31.09, 73.50,  130.76, 5000.00,    0.05,    1.53,    0.00, 0
29, 7896, 1, 29,  4.50, 31.25, 74.31,  130.63, 5000.00,    0.06,    1.40,    0.00, 0
29, 7897, 1, 29, 15.26, 28.53, 75.91,  131.07, 5000.00,    0.01,    1.79,    0.00, 0
29, 7898, 1, 29, 15.20, 28.59, 76.09,  131.04, 5000.00,    0.01,    1.77,    0.00, 0
29, 7899, 1, 29,  8.18, 29.75, 56.20,  131.23, 5000.00,    0.01,    1.96,    0.00, 0
29, 7900, 1, 29,  8.35, 29.71, 56.34,  131.24, 5000.00,    0.01,    1.95,    0.00, 0
29, 7901, 1, 29,  8.87, 29.59, 56.57,  131.26, 5000.00,    0.01,    1.94,    0.00, 0
29, 7902, 1, 29,  8.64, 29.76, 56.86,  131.27, 5000.00,    0.01,    1.90,    0.00, 0
29, 7903, 1, 29,  8.43, 29.82, 57.29,  131.25, 5000.00,    0.01,    1.91,    0.00, 0
29, 7904, 1, 29,  8.69, 29.99, 57.81,  131.24, 5000.00,    0.01,    1.90,    0.00, 0
29, 7905, 1, 29,  9.71, 29.96, 58.28,  131.32, 5000.00,    0.01,    1.77,    0.00, 0
29, 7906, 1, 29,  9.99, 29.90, 59.09,  131.26, 5000.00,    0.01,    1.81,    0.00, 0
29, 7907, 1, 29,  9.04, 30.32, 60.48,  131.15, 5000.00,    0.00,    1.88,    0.00, 0
29, 7908, 1, 29,  9.43, 30.47, 62.25,  131.08, 5000.00,    0.00,    1.93,    0.00, 0
29, 7909, 1, 29,  8.75, 30.83, 64.77,  131.05, 5000.00,    0.00,    1.92,    0.00, 0
29, 7910, 1, 29,  9.48, 30.70, 67.86,  131.03, 5000.00,    0.00,    1.91,    0.00, 0
29, 7911, 1, 29,  9.81, 30.59, 70.36,  131.14, 5000.00,    0.01,    1.88,    0.00, 0
29, 7912, 1, 29, 10.11, 30.53, 72.01,  131.21, 5000.00,    0.01,    1.86,    0.00, 0
29, 7913, 1, 29, 10.75, 30.44, 73.22,  131.23, 5000.00,    0.01,    1.85,    0.00, 0
29, 7914, 1, 29, 10.88, 30.32, 74.11,  131.24, 5000.00,    0.01,    1.85,    0.00, 0
29, 7915, 1, 29, 11.01, 30.35, 74.78,  131.23, 5000.00,    0.01,    1.84,    0.00, 0
29, 7916, 1, 29, 11.07, 30.44, 75.45,  131.20, 5000.00,    0.01,    1.79,    0.00, 0
29, 7917, 1, 29, 11.30, 30.43, 75.89,  131.16, 5000.00,    0.01,    1.76,    0.00, 0
29, 7918, 1, 29, 11.41, 30.44, 76.19,  131.12, 5000.00,    0.01,    1.71,    0.00, 0
29, 7919, 1, 29, 11.06, 30.59, 76.32,  131.08, 5000.00,    0.01,    1.69,    0.00, 0
29, 7920, 1, 29, 10.13, 30.92, 76.35,  131.04, 5000.00,    0.01,    1.67,    0.00, 0
29, 7921, 1, 29,  5.18, 29.71, 56.74,  131.25, 5000.00,    0.00,    1.77,    0.00, 0
29, 7922, 1, 29,  4.93, 29.78, 56.80,  131.22, 5000.00,    0.00,    1.75,    0.00, 0
29, 7923, 1, 29,  4.98, 29.79, 56.91,  131.22, 5000.00,    0.00,    1.76,    0.00, 0
29, 7924, 1, 29,  5.11, 29.79, 57.21,  131.21, 5000.00,    0.00,    1.76,    0.00, 0
29, 7925, 1, 29,  5.12, 29.87, 57.63,  131.24, 5000.00,    0.00,    1.74,    0.00, 0
29, 7926, 1, 29,  5.22, 29.89, 58.12,  131.22, 5000.00,    0.00,    1.75,    0.00, 0
29, 7927, 1, 29,  5.07, 30.02, 58.76,  131.23, 5000.00,    0.00,    1.73,    0.00, 0
29, 7928, 1, 29,  5.35, 30.21, 59.72,  131.20, 5000.00,    0.00,    1.75,    0.00, 0
29, 7929, 1, 29,  5.40, 30.33, 60.98,  131.19, 5000.00,    0.00,    1.75,    0.00, 0
29, 7930, 1, 29,  5.79, 30.45, 62.83,  131.16, 5000.00,    0.00,    1.78,    0.00, 0
29, 7931, 1, 29,  5.12, 30.86, 65.14,  131.17, 5000.00,    0.00,    1.74,    0.00, 0
29, 7932, 1, 29,  5.67, 31.18, 68.15,  131.10, 5000.00,    0.00,    1.80,    0.00, 0
29, 7933, 1, 29,  5.21, 31.77, 70.50,  131.11, 5000.00,    0.00,    1.76,    0.00, 0
29, 7934, 1, 29,  5.08, 31.86, 72.21,  131.15, 5000.00,    0.01,    1.74,    0.00, 0
29, 7935, 1, 29,  4.94, 31.87, 73.27,  131.12, 5000.00,    0.01,    1.69,    0.00, 0
29, 7936, 1, 29,  4.79, 32.02, 74.11,  131.12, 5000.00,    0.01,    1.66,    0.00, 0
29, 7937, 1, 29,  4.55, 32.02, 74.93,  131.07, 5000.00,    0.01,    1.60,    0.00, 0
29, 7938, 1, 29,  4.64, 32.16, 75.43,  131.11, 5000.00,    0.01,    1.55,    0.00, 0
29, 7939, 1, 29,  4.83, 32.20, 75.83,  131.09, 5000.00,    0.01,    1.54,    0.00, 0
29, 7940, 1, 29,  4.97, 32.16, 76.07,  131.08, 5000.00,    0.01,    1.56,    0.00, 0
29, 7941, 1, 29,  5.09, 32.09, 76.23,  131.06, 5000.00,    0.01,    1.61,    0.00, 0
29, 7942, 1, 29,  4.88, 32.27, 76.42,  130.94, 5000.00,    0.01,    1.48,    0.00, 0
29, 7943, 1, 29,  3.68, 29.78, 57.00,  131.26, 5000.00,    0.00,    1.67,    0.00, 0
29, 7944, 1, 29,  3.69, 29.79, 57.10,  131.26, 5000.00,    0.00,    1.67,    0.00, 0
29, 7945, 1, 29,  3.70, 29.80, 57.23,  131.26, 5000.00,    0.00,    1.67,    0.00, 0
29, 7946, 1, 29,  3.72, 29.84, 57.52,  131.27, 5000.00,    0.00,    1.67,    0.00, 0
29, 7947, 1, 29,  3.65, 29.90, 57.92,  131.28, 5000.00,    0.00,    1.68,    0.00, 0
29, 7948, 1, 29,  3.69, 29.97, 58.40,  131.28, 5000.00,    0.00,    1.67,    0.00, 0
29, 7949, 1, 29,  3.39, 30.05, 59.04,  131.27, 5000.00,    0.00,    1.69,    0.00, 0
29, 7950, 1, 29,  3.69, 30.11, 59.96,  131.25, 5000.00,    0.00,    1.70,    0.00, 0
29, 7951, 1, 29,  3.71, 30.23, 61.22,  131.24, 5000.00,    0.00,    1.72,    0.00, 0
29, 7952, 1, 29,  4.09, 30.42, 63.23,  131.23, 5000.00,    0.00,    1.74,    0.00, 0
29, 7953, 1, 29,  3.28, 30.81, 65.38,  131.26, 5000.00,    0.00,    1.74,    0.00, 0
29, 7954, 1, 29,  3.87, 31.26, 68.48,  131.19, 5000.00,    0.00,    1.74,    0.00, 0
29, 7955, 1, 29,  3.42, 31.71, 70.95,  131.20, 5000.00,    0.00,    1.70,    0.00, 0
29, 7956, 1, 29,  3.27, 31.97, 72.38,  131.23, 5000.00,    0.00,    1.69,    0.00, 0
29, 7957, 1, 29,  3.41, 32.15, 73.56,  131.21, 5000.00,    0.01,    1.64,    0.00, 0
29, 7958, 1, 29,  3.28, 32.36, 74.42,  131.23, 5000.00,    0.01,    1.57,    0.00, 0
29, 7959, 1, 29,  3.05, 32.42, 75.14,  131.21, 5000.00,    0.01,    1.46,    0.00, 0
29, 7960, 1, 29,  2.78, 32.50, 75.71,  131.15, 5000.00,    0.01,    1.46,    0.00, 0
29, 7961, 1, 29,  2.73, 32.57, 76.02,  131.12, 5000.00,    0.01,    1.43,    0.00, 0
29, 7962, 1, 29,  2.66, 32.59, 76.30,  131.06, 5000.00,    0.01,    1.40,    0.00, 0
29, 7963, 1, 29,  2.70, 32.58, 76.47,  131.02, 5000.00,    0.01,    1.42,    0.00, 0
29, 7964, 1, 29,  2.94, 32.45, 76.47,  131.05, 5000.00,    0.01,    1.54,    0.00, 0
29, 7965, 1, 29,  3.02, 29.55, 57.03,  131.32, 5000.00,    0.01,    1.72,    0.00, 0
29, 7966, 1, 29,  2.91, 29.62, 57.05,  131.30, 5000.00,    0.00,    1.68,    0.00, 0
29, 7967, 1, 29,  2.85, 29.68, 57.17,  131.29, 5000.00,    0.00,    1.66,    0.00, 0
29, 7968, 1, 29,  2.81, 29.70, 57.50,  131.30, 5000.00,    0.01,    1.68,    0.00, 0
29, 7969, 1, 29,  2.68, 29.84, 57.82,  131.30, 5000.00,    0.01,    1.68,    0.00, 0
29, 7970, 1, 29,  2.71, 29.76, 58.38,  131.27, 5000.00,    0.01,    1.72,    0.00, 0
29, 7971, 1, 29,  2.41, 29.94, 58.88,  131.33, 5000.00,    0.01,    1.68,    0.00, 0
29, 7972, 1, 29,  2.67, 30.15, 59.67,  131.28, 5000.00,    0.01,    1.70,    0.00, 0
29, 7973, 1, 29,  2.70, 30.26, 61.08,  131.28, 5000.00,    0.01,    1.73,    0.00, 0
29, 7974, 1, 29,  3.11, 30.46, 62.91,  131.26, 5000.00,    0.00,    1.77,    0.00, 0
29, 7975, 1, 29,  2.18, 30.78, 65.56,  131.28, 5000.00,    0.01,    1.79,    0.00, 0
29, 7976, 1, 29,  2.82, 31.21, 68.43,  131.26, 5000.00,    0.00,    1.71,    0.00, 0
29, 7977, 1, 29,  2.35, 31.60, 71.14,  131.24, 5000.00,    0.01,    1.72,    0.00, 0
29, 7978, 1, 29,  2.22, 31.96, 72.75,  131.29, 5000.00,    0.01,    1.63,    0.00, 0
29, 7979, 1, 29,  2.48, 32.09, 73.76,  131.25, 5000.00,    0.01,    1.63,    0.00, 0
29, 7980, 1, 29,  2.42, 32.22, 74.50,  131.26, 5000.00,    0.01,    1.62,    0.00, 0
29, 7981, 1, 29,  2.33, 32.52, 75.15,  131.23, 5000.00,    0.01,    1.57,    0.00, 0
29, 7982, 1, 29,  1.92, 32.48, 75.69,  131.24, 5000.00,    0.01,    1.55,    0.00, 0
29, 7983, 1, 29,  1.87, 32.54, 76.08,  131.20, 5000.00,    0.01,    1.54,    0.00, 0
29, 7984, 1, 29,  1.85, 32.53, 76.32,  131.19, 5000.00,    0.01,    1.54,    0.00, 0
29, 7985, 1, 29,  1.83, 32.57, 76.48,  131.15, 5000.00,    0.01,    1.52,    0.00, 0
29, 7986, 1, 29,  1.92, 32.50, 76.48,  131.18, 5000.00,    0.01,    1.60,    0.00, 0
29, 7987, 1, 29,  2.59, 29.66, 57.21,  131.33, 5000.00,    0.01,    1.72,    0.00, 0
29, 7988, 1, 29,  2.55, 29.56, 57.38,  131.31, 5000.00,    0.01,    1.75,    0.00, 0
29, 7989, 1, 29,  2.50, 29.62, 57.53,  131.33, 5000.00,    0.01,    1.72,    0.00, 0
29, 7990, 1, 29,  2.43, 29.62, 57.73,  131.34, 5000.00,    0.01,    1.71,    0.00, 0
29, 7991, 1, 29,  2.30, 29.68, 58.02,  131.33, 5000.00,    0.01,    1.72,    0.00, 0
29, 7992, 1, 29,  2.31, 29.73, 58.51,  131.33, 5000.00,    0.01,    1.71,    0.00, 0
29, 7993, 1, 29,  2.30, 30.04, 63.69,  131.69, 5000.00,    0.02,    1.60,    0.00, 0
29, 7994, 1, 29,  2.28, 30.14, 59.75,  131.33, 5000.00,    0.01,    1.70,    0.00, 0
29, 7995, 1, 29,  2.25, 30.21, 61.13,  131.29, 5000.00,    0.01,    1.75,    0.00, 0
29, 7996, 1, 29,  2.67, 30.43, 63.10,  131.29, 5000.00,    0.01,    1.78,    0.00, 0
29, 7997, 1, 29,  1.66, 30.73, 65.41,  131.36, 5000.00,    0.01,    1.84,    0.00, 0
29, 7998, 1, 29,  2.38, 31.19, 68.56,  131.28, 5000.00,    0.01,    1.73,    0.00, 0
29, 7999, 1, 29,  1.87, 31.59, 71.34,  131.26, 5000.00,    0.01,    1.74,    0.00, 0
29, 8000, 1, 29,  1.80, 31.78, 72.36,  131.32, 5000.00,    0.01,    1.78,    0.00, 0
29, 8001, 1, 29,  2.16, 31.97, 73.40,  131.33, 5000.00,    0.01,    1.74,    0.00, 0
29, 8002, 1, 29,  2.15, 32.08, 74.37,  131.34, 5000.00,    0.01,    1.75,    0.00, 0
29, 8003, 1, 29,  2.13, 32.12, 74.81,  131.34, 5000.00,    0.01,    1.79,    0.00, 0
29, 8004, 1, 29,  2.11, 31.86, 74.87,  131.35, 5000.00,    0.01,    2.03,    0.00, 0
29, 8005, 1, 29,  1.68, 32.31, 75.74,  131.36, 5000.00,    0.01,    1.76,    0.00, 0
29, 8006, 1, 29,  1.67, 32.32, 76.08,  131.33, 5000.00,    0.01,    1.75,    0.00, 0
29, 8007, 1, 29,  1.66, 32.34, 76.24,  131.34, 5000.00,    0.01,    1.76,    0.00, 0
29, 8008, 1, 29,  1.65, 32.38, 76.40,  131.30, 5000.00,    0.01,    1.73,    0.00, 0
29, 8009, 1, 29, 28.58, 16.32, 56.19,  131.38, 5000.00,    0.01,    1.97,    0.00, 0
29, 8010, 1, 29, 28.74, 16.27, 56.30,  131.36, 5000.00,    0.01,    1.86,    0.00, 0
29, 8011, 1, 29, 28.91, 16.24, 56.38,  131.37, 5000.00,    0.01,    1.76,    0.00, 0
29, 8012, 1, 29, 29.13, 16.08, 56.57,  131.39, 5000.00,    0.01,    1.71,    0.00, 0
29, 8013, 1, 29,  3.47, 30.67, 58.38,  130.75, 5000.00,    0.22,    2.82,    0.00, 0
29, 8014, 1, 29, 29.37, 15.59, 57.41,  131.39, 5000.00,    0.01,    1.77,    0.00, 0
29, 8015, 1, 29, 29.57, 15.65, 57.79,  131.35, 5000.00,    0.01,    1.79,    0.00, 0
29, 8016, 1, 29, 29.60, 15.64, 58.62,  131.34, 5000.00,    0.01,    1.83,    0.00, 0
29, 8017, 1, 29, 29.49, 15.64, 59.86,  131.29, 5000.00,    0.01,    1.89,    0.00, 0
29, 8018, 1, 29, 29.45, 15.99, 62.31,  131.35, 5000.00,    0.01,    1.85,    0.00, 0
29, 8019, 1, 29, 29.33, 15.89, 64.72,  131.34, 5000.00,    0.01,    1.84,    0.00, 0
29, 8020, 1, 29, 29.38, 15.85, 67.80,  131.32, 5000.00,    0.01,    1.85,    0.00, 0
29, 8021, 1, 29, 29.46, 15.81, 70.52,  131.31, 5000.00,    0.01,    1.83,    0.00, 0
29, 8022, 1, 29,  5.17, 31.15, 69.88,  130.93, 5000.00,    0.25,    2.05,    0.00, 0
29, 8023, 1, 29, 29.61, 15.76, 73.50,  131.31, 5000.00,    0.01,    1.75,    0.00, 0
29, 8024, 1, 29, 29.63, 15.76, 74.10,  131.35, 5000.00,    0.01,    1.76,    0.00, 0
29, 8025, 1, 29, 29.66, 15.75, 74.77,  131.36, 5000.00,    0.01,    1.76,    0.00, 0
29, 8026, 1, 29, 29.67, 15.77, 75.08,  131.41, 5000.00,    0.01,    1.77,    0.00, 0
29, 8027, 1, 29, 29.67, 15.78, 75.44,  131.42, 5000.00,    0.01,    1.78,    0.00, 0
29, 8028, 1, 29, 29.67, 15.76, 75.75,  131.42, 5000.00,    0.01,    1.80,    0.00, 0
29, 8029, 1, 29, 29.62, 15.74, 76.06,  131.40, 5000.00,    0.01,    1.84,    0.00, 0
29, 8030, 1, 29, 29.27, 15.77, 76.03,  131.27, 5000.00,    0.01,    2.01,    0.00, 0
29, 8031, 1, 29, 28.76, 16.45, 56.06,  131.35, 5000.00,    0.01,    1.76,    0.00, 0
29, 8032, 1, 29, 28.83, 16.42, 56.17,  131.33, 5000.00,    0.01,    1.70,    0.00, 0
29, 8033, 1, 29, 28.86, 16.43, 56.29,  131.33, 5000.00,    0.01,    1.69,    0.00, 0
29, 8034, 1, 29, 29.01, 16.27, 56.49,  131.33, 5000.00,    0.01,    1.69,    0.00, 0
29, 8035, 1, 29, 29.22, 15.93, 56.77,  131.33, 5000.00,    0.01,    1.69,    0.00, 0
29, 8036, 1, 29, 29.42, 15.94, 57.32,  131.35, 5000.00,    0.01,    1.73,    0.00, 0
29, 8037, 1, 29, 29.49, 15.90, 57.79,  131.32, 5000.00,    0.01,    1.74,    0.00, 0
29, 8038, 1, 29, 29.48, 15.90, 58.79,  131.32, 5000.00,    0.01,    1.80,    0.00, 0
29, 8039, 1, 29, 29.39, 15.91, 60.37,  131.31, 5000.00,    0.01,    1.85,    0.00, 0
29, 8040, 1, 29, 29.36, 16.22, 62.40,  131.34, 5000.00,    0.01,    1.80,    0.00, 0
29, 8041, 1, 29, 29.39, 16.22, 64.76,  131.32, 5000.00,    0.01,    1.81,    0.00, 0
29, 8042, 1, 29, 29.30, 16.09, 67.76,  131.31, 5000.00,    0.01,    1.81,    0.00, 0
29, 8043, 1, 29, 29.37, 16.06, 70.42,  131.29, 5000.00,    0.01,    1.78,    0.00, 0
29, 8044, 1, 29,  5.66, 31.26, 69.55,  131.02, 5000.00,    0.25,    1.89,    0.00, 0
29, 8045, 1, 29, 29.56, 16.01, 73.49,  131.29, 5000.00,    0.01,    1.69,    0.00, 0
29, 8046, 1, 29, 29.64, 15.99, 74.30,  131.30, 5000.00,    0.01,    1.66,    0.00, 0
29, 8047, 1, 29, 29.69, 15.97, 74.85,  131.33, 5000.00,    0.01,    1.65,    0.00, 0
29, 8048, 1, 29, 29.74, 15.99, 75.40,  131.32, 5000.00,    0.01,    1.62,    0.00, 0
29, 8049, 1, 29, 29.75, 15.98, 75.71,  131.34, 5000.00,    0.01,    1.63,    0.00, 0
29, 8050, 1, 29, 29.77, 15.97, 76.01,  131.33, 5000.00,    0.01,    1.63,    0.00, 0
29, 8051, 1, 29, 29.41, 16.03, 76.06,  131.35, 5000.00,    0.01,    1.87,    0.00, 0
29, 8052, 1, 29, 29.73, 15.98, 76.32,  131.24, 5000.00,    0.01,    1.63,    0.00, 0
29, 8053, 1, 29, 28.73, 16.71, 56.00,  131.31, 5000.00,    0.00,    1.66,    0.00, 0
29, 8054, 1, 29, 28.79, 16.69, 56.10,  131.31, 5000.00,    0.00,    1.64,    0.00, 0
29, 8055, 1, 29, 28.77, 16.69, 56.24,  131.30, 5000.00,    0.00,    1.65,    0.00, 0
29, 8056, 1, 29, 28.92, 16.57, 56.46,  131.31, 5000.00,    0.00,    1.64,    0.00, 0
29, 8057, 1, 29, 29.05, 16.27, 56.85,  131.31, 5000.00,    0.01,    1.69,    0.00, 0
29, 8058, 1, 29, 29.13, 16.22, 57.37,  131.33, 5000.00,    0.01,    1.70,    0.00, 0
29, 8059, 1, 29, 29.32, 16.28, 57.96,  131.31, 5000.00,    0.01,    1.73,    0.00, 0
29, 8060, 1, 29, 29.34, 16.29, 58.98,  131.32, 5000.00,    0.01,    1.77,    0.00, 0
29, 8061, 1, 29, 29.29, 16.32, 60.50,  131.34, 5000.00,    0.01,    1.79,    0.00, 0
29, 8062, 1, 29, 29.22, 16.57, 62.47,  131.31, 5000.00,    0.01,    1.78,    0.00, 0
29, 8063, 1, 29, 29.23, 16.58, 64.77,  131.29, 5000.00,    0.01,    1.78,    0.00, 0
29, 8064, 1, 29, 29.15, 16.45, 67.71,  131.27, 5000.00,    0.01,    1.77,    0.00, 0
29, 8065, 1, 29, 29.23, 16.43, 70.32,  131.27, 5000.00,    0.01,    1.75,    0.00, 0
29, 8066, 1, 29, 29.34, 16.41, 72.16,  131.27, 5000.00,    0.01,    1.70,    0.00, 0
29, 8067, 1, 29,  3.51, 31.84, 70.75,  130.63, 5000.00,    0.27,    1.37,    0.00, 0
29, 8068, 1, 29,  3.40, 31.91, 71.44,  130.67, 5000.00,    0.28,    1.34,    0.00, 0
29, 8069, 1, 29,  3.31, 31.94, 72.06,  130.71, 5000.00,    0.28,    1.32,    0.00, 0
29, 8070, 1, 29,  3.31, 31.90, 72.32,  130.77, 5000.00,    0.28,    1.35,    0.00, 0
29, 8071, 1, 29, 29.59, 16.29, 75.71,  131.29, 5000.00,    0.01,    1.61,    0.00, 0
29, 8072, 1, 29, 29.58, 16.30, 76.04,  131.28, 5000.00,    0.01,    1.63,    0.00, 0
29, 8073, 1, 29, 29.12, 16.53, 76.05,  131.31, 5000.00,    0.01,    1.88,    0.00, 0
29, 8074, 1, 29, 29.26, 16.55, 76.24,  131.23, 5000.00,    0.01,    1.77,    0.00, 0
29, 8075, 1, 29, 28.19, 17.26, 55.97,  131.31, 5000.00,    0.01,    1.78,    0.00, 0
29, 8076, 1, 29, 28.38, 17.31, 56.01,  131.26, 5000.00,    0.00,    1.76,    0.00, 0
29, 8077, 1, 29, 28.40, 17.29, 56.15,  131.23, 5000.00,    0.00,    1.75,    0.00, 0
29, 8078, 1, 29, 28.46, 17.07, 56.46,  131.24, 5000.00,    0.00,    1.70,    0.00, 0
29, 8079, 1, 29, 28.90, 16.86, 56.88,  131.29, 5000.00,    0.00,    1.65,    0.00, 0
29, 8080, 1, 29, 28.94, 16.84, 57.39,  131.29, 5000.00,    0.00,    1.68,    0.00, 0
29, 8081, 1, 29, 28.94, 16.86, 58.15,  131.29, 5000.00,    0.00,    1.73,    0.00, 0
29, 8082, 1, 29, 28.97, 16.88, 59.15,  131.29, 5000.00,    0.01,    1.75,    0.00, 0
29, 8083, 1, 29, 28.92, 16.90, 60.61,  131.28, 5000.00,    0.01,    1.78,    0.00, 0
29, 8084, 1, 29, 28.84, 17.12, 62.47,  131.24, 5000.00,    0.01,    1.77,    0.00, 0
29, 8085, 1, 29, 28.84, 17.15, 64.76,  131.21, 5000.00,    0.01,    1.78,    0.00, 0
29, 8086, 1, 29, 28.78, 17.01, 67.69,  131.20, 5000.00,    0.01,    1.78,    0.00, 0
29, 8087, 1, 29, 28.85, 16.99, 70.27,  131.19, 5000.00,    0.01,    1.75,    0.00, 0
29, 8088, 1, 29, 28.95, 16.95, 72.02,  131.19, 5000.00,    0.01,    1.72,    0.00, 0
29, 8089, 1, 29, 29.02, 16.87, 73.23,  131.19, 5000.00,    0.01,    1.70,    0.00, 0
29, 8090, 1, 29, 29.10, 16.82, 74.10,  131.19, 5000.00,    0.01,    1.69,    0.00, 0
29, 8091, 1, 29, 29.15, 16.78, 74.78,  131.18, 5000.00,    0.01,    1.68,    0.00, 0
29, 8092, 1, 29, 29.15, 16.78, 75.35,  131.15, 5000.00,    0.01,    1.68,    0.00, 0
29, 8093, 1, 29, 29.12, 16.81, 75.71,  131.15, 5000.00,    0.01,    1.71,    0.00, 0
29, 8094, 1, 29, 29.09, 16.87, 76.03,  131.13, 5000.00,    0.01,    1.70,    0.00, 0
29, 8095, 1, 29, 28.52, 17.53, 76.05,  131.29, 5000.00,    0.01,    1.92,    0.00, 0
29, 8096, 1, 29, 29.11, 17.08, 76.32,  131.04, 5000.00,    0.01,    1.61,    0.00, 0
29, 8097, 1, 29, 27.60, 18.37, 56.11,  131.27, 5000.00,    0.00,    1.83,    0.00, 0
29, 8098, 1, 29, 27.53, 18.44, 56.32,  131.28, 5000.00,    0.00,    1.85,    0.00, 0
29, 8099, 1, 29, 27.44, 18.78, 56.49,  131.36, 5000.00,    0.01,    1.82,    0.00, 0
29, 8100, 1, 29, 27.97, 17.97, 56.69,  131.21, 5000.00,    0.00,    1.77,    0.00, 0
29, 8101, 1, 29, 28.10, 17.79, 57.13,  131.21, 5000.00,    0.00,    1.77,    0.00, 0
29, 8102, 1, 29, 28.23, 17.75, 57.67,  131.23, 5000.00,    0.00,    1.74,    0.00, 0
29, 8103, 1, 29, 28.30, 17.79, 58.42,  131.25, 5000.00,    0.00,    1.73,    0.00, 0
29, 8104, 1, 29, 28.35, 17.83, 59.38,  131.24, 5000.00,    0.00,    1.73,    0.00, 0
29, 8105, 1, 29, 28.29, 17.86, 60.70,  131.22, 5000.00,    0.00,    1.75,    0.00, 0
29, 8106, 1, 29, 28.18, 18.08, 62.52,  131.17, 5000.00,    0.00,    1.76,    0.00, 0
29, 8107, 1, 29, 28.16, 18.12, 64.82,  131.12, 5000.00,    0.01,    1.77,    0.00, 0
29, 8108, 1, 29, 28.16, 17.93, 67.75,  131.11, 5000.00,    0.01,    1.75,    0.00, 0
29, 8109, 1, 29, 28.23, 17.93, 70.30,  131.11, 5000.00,    0.01,    1.72,    0.00, 0
29, 8110, 1, 29, 28.36, 17.87, 72.01,  131.13, 5000.00,    0.01,    1.69,    0.00, 0
29, 8111, 1, 29, 28.46, 17.78, 73.22,  131.13, 5000.00,    0.01,    1.67,    0.00, 0
29, 8112, 1, 29, 28.53, 17.75, 74.00,  131.15, 5000.00,    0.01,    1.66,    0.00, 0
29, 8113, 1, 29, 28.55, 17.74, 74.57,  131.18, 5000.00,    0.01,    1.66,    0.00, 0
29, 8114, 1, 29, 28.44, 17.89, 75.03,  131.20, 5000.00,    0.01,    1.70,    0.00, 0
29, 8115, 1, 29, 28.40, 18.04, 75.52,  131.19, 5000.00,    0.01,    1.69,    0.00, 0
29, 8116, 1, 29, 28.26, 18.19, 75.79,  131.20, 5000.00,    0.01,    1.75,    0.00, 0
29, 8117, 1, 29, 27.64, 19.11, 76.09,  131.29, 5000.00,    0.01,    1.83,    0.00, 0
29, 8118, 1, 29, 27.46, 19.78, 76.34,  131.22, 5000.00,    0.01,    1.65,    0.00, 0
29, 8119, 1, 29, 25.67, 21.11, 56.34,  131.29, 5000.00,    0.00,    1.96,    0.00, 0
29, 8120, 1, 29, 25.59, 21.18, 56.55,  131.31, 5000.00,    0.00,    1.96,    0.00, 0
29, 8121, 1, 29, 25.57, 21.27, 56.58,  131.30, 5000.00,    0.00,    1.92,    0.00, 0
29, 8122, 1, 29, 25.72, 21.21, 56.86,  131.33, 5000.00,    0.00,    1.90,    0.00, 0
29, 8123, 1, 29, 26.01, 20.98, 57.35,  131.37, 5000.00,    0.01,    1.87,    0.00, 0
29, 8124, 1, 29, 26.10, 20.93, 57.81,  131.34, 5000.00,    0.01,    1.88,    0.00, 0
29, 8125, 1, 29, 26.00, 20.85, 58.48,  131.31, 5000.00,    0.01,    1.87,    0.00, 0
29, 8126, 1, 29, 26.14, 20.75, 59.29,  131.27, 5000.00,    0.00,    1.87,    0.00, 0
29, 8127, 1, 29, 26.40, 20.36, 60.57,  131.17, 5000.00,    0.00,    1.89,    0.00, 0
29, 8128, 1, 29, 26.13, 20.69, 62.40,  131.14, 5000.00,    0.00,    1.92,    0.00, 0
29, 8129, 1, 29, 26.18, 20.59, 64.79,  131.05, 5000.00,    0.01,    1.95,    0.00, 0
29, 8130, 1, 29, 26.29, 20.28, 67.88,  131.03, 5000.00,    0.01,    1.93,    0.00, 0
29, 8131, 1, 29, 26.27, 20.47, 70.40,  131.07, 5000.00,    0.01,    1.90,    0.00, 0
29, 8132, 1, 29, 25.97, 21.02, 72.04,  131.21, 5000.00,    0.01,    1.86,    0.00, 0
29, 8133, 1, 29, 25.89, 21.21, 73.25,  131.27, 5000.00,    0.01,    1.83,    0.00, 0
29, 8134, 1, 29, 25.82, 21.38, 74.06,  131.32, 5000.00,    0.01,    1.80,    0.00, 0
29, 8135, 1, 29, 25.77, 21.52, 74.73,  131.33, 5000.00,    0.01,    1.80,    0.00, 0
29, 8136, 1, 29, 25.62, 21.79, 75.35,  131.31, 5000.00,    0.01,    1.76,    0.00, 0
29, 8137, 1, 29, 25.59, 21.87, 75.73,  131.31, 5000.00,    0.01,    1.74,    0.00, 0
29, 8138, 1, 29, 25.55, 21.95, 76.07,  131.27, 5000.00,    0.01,    1.71,    0.00, 0
29, 8139, 1, 29, 25.57, 22.04, 76.23,  131.22, 5000.00,    0.01,    1.68,    0.00, 0
29, 8140, 1, 29, 25.53, 22.08, 76.35,  131.20, 5000.00,    0.01,    1.65,    0.00, 0
29, 8141, 1, 29, 22.08, 24.58, 55.99,  131.19, 5000.00,    0.01,    2.06,    0.00, 0
29, 8142, 1, 29, 22.23, 24.72, 55.99,  131.25, 5000.00,    0.01,    1.95,    0.00, 0
29, 8143, 1, 29, 22.19, 24.91, 56.20,  131.34, 5000.00,    0.01,    1.86,    0.00, 0
29, 8144, 1, 29, 22.28, 24.94, 56.40,  131.33, 5000.00,    0.01,    1.81,    0.00, 0
29, 8145, 1, 29, 22.46, 24.73, 56.90,  131.31, 5000.00,    0.01,    1.84,    0.00, 0
29, 8146, 1, 29, 22.52, 24.70, 57.53,  131.31, 5000.00,    0.01,    1.86,    0.00, 0
29, 8147, 1, 29, 22.38, 24.69, 57.97,  131.23, 5000.00,    0.01,    1.83,    0.00, 0
29, 8148, 1, 29, 22.48, 24.60, 58.92,  131.19, 5000.00,    0.01,    1.86,    0.00, 0
29, 8149, 1, 29, 22.55, 24.51, 60.17,  131.10, 5000.00,    0.01,    1.90,    0.00, 0
29, 8150, 1, 29, 22.45, 24.56, 62.12,  131.05, 5000.00,    0.01,    1.95,    0.00, 0
29, 8151, 1, 29, 22.20, 24.57, 64.50,  130.97, 5000.00,    0.01,    1.98,    0.00, 0
29, 8152, 1, 29, 22.51, 24.46, 67.78,  130.95, 5000.00,    0.01,    1.99,    0.00, 0
29, 8153, 1, 29, 22.42, 24.52, 70.37,  131.00, 5000.00,    0.01,    1.92,    0.00, 0
29, 8154, 1, 29, 22.55, 24.63, 71.97,  131.12, 5000.00,    0.01,    1.87,    0.00, 0
29, 8155, 1, 29, 22.63, 24.68, 73.20,  131.16, 5000.00,    0.01,    1.82,    0.00, 0
29, 8156, 1, 29, 22.67, 24.76, 74.02,  131.21, 5000.00,    0.01,    1.80,    0.00, 0
29, 8157, 1, 29, 22.73, 24.79, 74.62,  131.24, 5000.00,    0.01,    1.80,    0.00, 0
29, 8158, 1, 29, 22.73, 24.93, 75.33,  131.20, 5000.00,    0.01,    1.75,    0.00, 0
29, 8159, 1, 29, 22.81, 24.94, 75.74,  131.17, 5000.00,    0.01,    1.73,    0.00, 0
29, 8160, 1, 29,  4.78, 31.32, 72.23,  130.65, 5000.00,    0.14,    1.64,    0.00, 0
29, 8161, 1, 29, 22.58, 24.73, 76.07,  131.15, 5000.00,    0.01,    1.93,    0.00, 0
29, 8162, 1, 29, 22.74, 25.05, 76.36,  131.03, 5000.00,    0.01,    1.64,    0.00, 0
29, 8163, 1, 29, 15.68, 29.06, 56.02,  131.21, 5000.00,    0.01,    2.17,    0.00, 0
29, 8164, 1, 29, 15.78, 29.04, 56.20,  131.20, 5000.00,    0.01,    2.15,    0.00, 0
29, 8165, 1, 29, 15.88, 29.22, 56.24,  131.24, 5000.00,    0.01,    2.03,    0.00, 0
29, 8166, 1, 29, 15.99, 29.44, 56.50,  131.34, 5000.00,    0.01,    1.91,    0.00, 0
29, 8167, 1, 29, 16.05, 29.44, 56.87,  131.23, 5000.00,    0.01,    1.89,    0.00, 0
29, 8168, 1, 29, 16.06, 29.35, 57.20,  131.25, 5000.00,    0.01,    1.82,    0.00, 0
29, 8169, 1, 29, 15.87, 29.46, 57.92,  131.23, 5000.00,    0.01,    1.84,    0.00, 0
29, 8170, 1, 29, 16.05, 29.37, 58.76,  131.15, 5000.00,    0.01,    1.86,    0.00, 0
29, 8171, 1, 29, 15.95, 29.38, 60.06,  131.07, 5000.00,    0.01,    1.90,    0.00, 0
29, 8172, 1, 29, 16.06, 29.17, 61.90,  131.01, 5000.00,    0.00,    1.95,    0.00, 0
29, 8173, 1, 29, 15.45, 29.31, 64.42,  130.96, 5000.00,    0.00,    2.01,    0.00, 0
29, 8174, 1, 29, 15.88, 29.18, 67.75,  130.95, 5000.00,    0.01,    2.05,    0.00, 0
29, 8175, 1, 29, 15.73, 29.38, 70.19,  130.97, 5000.00,    0.01,    1.93,    0.00, 0
29, 8176, 1, 29, 15.87, 29.48, 72.01,  131.00, 5000.00,    0.01,    1.88,    0.00, 0
29, 8177, 1, 29, 15.95, 29.43, 73.06,  131.15, 5000.00,    0.01,    1.84,    0.00, 0
29, 8178, 1, 29, 15.97, 29.52, 73.85,  131.20, 5000.00,    0.01,    1.81,    0.00, 0
29, 8179, 1, 29, 15.95, 29.50, 74.16,  131.32, 5000.00,    0.01,    1.88,    0.00, 0
29, 8180, 1, 29, 15.94, 29.50, 74.65,  131.33, 5000.00,    0.01,    1.92,    0.00, 0
29, 8181, 1, 29, 15.75, 29.72, 75.30,  131.24, 5000.00,    0.01,    1.83,    0.00, 0
29, 8182, 1, 29, 15.76, 29.77, 75.70,  131.23, 5000.00,    0.01,    1.79,    0.00, 0
29, 8183, 1, 29, 15.73, 29.68, 75.91,  131.14, 5000.00,    0.01,    1.85,    0.00, 0
29, 8184, 1, 29, 15.68, 29.58, 75.98,  131.10, 5000.00,    0.01,    1.92,    0.00, 0
29, 8185, 1, 29, 10.26, 30.62, 56.08,  131.40, 5000.00,    0.01,    1.83,    0.00, 0
29, 8186, 1, 29, 10.00, 30.48, 56.39,  131.33, 5000.00,    0.01,    1.98,    0.00, 0
29, 8187, 1, 29,  9.84, 30.57, 56.53,  131.30, 5000.00,    0.01,    1.97,    0.00, 0
29, 8188, 1, 29, 10.40, 30.68, 56.65,  131.40, 5000.00,    0.01,    1.79,    0.00, 0
29, 8189, 1, 29, 10.44, 30.69, 57.05,  131.38, 5000.00,    0.01,    1.79,    0.00, 0
29, 8190, 1, 29, 10.58, 30.86, 57.53,  131.36, 5000.00,    0.01,    1.79,    0.00, 0
29, 8191, 1, 29, 10.21, 31.05, 58.10,  131.30, 5000.00,    0.01,    1.78,    0.00, 0
29, 8192, 1, 29, 10.42, 31.01, 59.02,  131.24, 5000.00,    0.01,    1.81,    0.00, 0
29, 8193, 1, 29, 10.36, 31.18, 60.33,  131.17, 5000.00,    0.00,    1.91,    0.00, 0
29, 8194, 1, 29, 10.47, 31.41, 62.16,  131.07, 5000.00,    0.00,    1.98,    0.00, 0
29, 8195, 1, 29,  9.54, 31.85, 64.69,  131.03, 5000.00,    0.00,    2.01,    0.00, 0
29, 8196, 1, 29, 10.27, 31.69, 67.78,  131.00, 5000.00,    0.01,    1.99,    0.00, 0
29, 8197, 1, 29, 10.19, 31.71, 70.38,  131.09, 5000.00,    0.01,    1.92,    0.00, 0
29, 8198, 1, 29, 10.81, 31.56, 72.00,  131.20, 5000.00,    0.01,    1.88,    0.00, 0
29, 8199, 1, 29, 11.07, 31.63, 73.22,  131.24, 5000.00,    0.01,    1.88,    0.00, 0
29, 8200, 1, 29, 11.23, 31.50, 74.10,  131.28, 5000.00,    0.01,    1.88,    0.00, 0
29, 8201, 1, 29, 11.35, 31.53, 74.74,  131.29, 5000.00,    0.01,    1.87,    0.00, 0
29, 8202, 1, 29, 11.26, 31.71, 75.40,  131.29, 5000.00,    0.01,    1.81,    0.00, 0
29, 8203, 1, 29, 11.23, 31.76, 75.71,  131.30, 5000.00,    0.01,    1.81,    0.00, 0
29, 8204, 1, 29, 11.24, 31.74, 76.04,  131.27, 5000.00,    0.01,    1.82,    0.00, 0
29, 8205, 1, 29, 11.40, 31.79, 76.28,  131.16, 5000.00,    0.01,    1.72,    0.00, 0
29, 8206, 1, 29, 10.95, 31.90, 76.33,  131.16, 5000.00,    0.01,    1.75,    0.00, 0
29, 8207, 1, 29,  5.45, 30.79, 56.73,  131.28, 5000.00,    0.01,    1.85,    0.00, 0
29, 8208, 1, 29,  5.41, 30.80, 56.83,  131.27, 5000.00,    0.01,    1.85,    0.00, 0
29, 8209, 1, 29,  5.40, 30.81, 56.97,  131.26, 5000.00,    0.01,    1.86,    0.00, 0
29, 8210, 1, 29,  5.60, 30.77, 57.33,  131.26, 5000.00,    0.00,    1.87,    0.00, 0
29, 8211, 1, 29,  5.49, 30.92, 57.73,  131.28, 5000.00,    0.01,    1.82,    0.00, 0
29, 8212, 1, 29,  5.44, 30.98, 58.18,  131.24, 5000.00,    0.01,    1.81,    0.00, 0
29, 8213, 1, 29,  5.22, 31.13, 58.83,  131.24, 5000.00,    0.01,    1.78,    0.00, 0
29, 8214, 1, 29,  5.68, 31.30, 59.59,  131.20, 5000.00,    0.01,    1.80,    0.00, 0
29, 8215, 1, 29,  5.72, 31.40, 60.87,  131.16, 5000.00,    0.00,    1.82,    0.00, 0
29, 8216, 1, 29,  6.05, 31.51, 62.66,  131.11, 5000.00,    0.00,    1.86,    0.00, 0
29, 8217, 1, 29,  5.19, 31.98, 65.08,  131.10, 5000.00,    0.00,    1.81,    0.00, 0
29, 8218, 1, 29,  5.91, 32.26, 68.01,  131.03, 5000.00,    0.00,    1.90,    0.00, 0
29, 8219, 1, 29,  6.14, 32.77, 70.48,  131.14, 5000.00,    0.01,    1.88,    0.00, 0
29, 8220, 1, 29,  6.79, 32.74, 72.13,  131.21, 5000.00,    0.01,    1.84,    0.00, 0
29, 8221, 1, 29,  5.76, 32.92, 73.15,  131.19, 5000.00,    0.01,    1.80,    0.00, 0
29, 8222, 1, 29,  5.92, 33.02, 73.87,  131.27, 5000.00,    0.01,    1.81,    0.00, 0
29, 8223, 1, 29,  5.80, 32.98, 74.55,  131.27, 5000.00,    0.01,    1.79,    0.00, 0
29, 8224, 1, 29,  5.83, 33.09, 75.15,  131.31, 5000.00,    0.01,    1.77,    0.00, 0
29, 8225, 1, 29,  7.45, 32.95, 75.78,  131.37, 5000.00,    0.01,    1.73,    0.00, 0
29, 8226, 1, 29,  7.58, 32.94, 76.09,  131.35, 5000.00,    0.01,    1.71,    0.00, 0
29, 8227, 1, 29,  7.65, 32.90, 76.24,  131.32, 5000.00,    0.01,    1.72,    0.00, 0
29, 8228, 1, 29,  7.91, 32.92, 76.38,  131.25, 5000.00,    0.01,    1.66,    0.00, 0
29, 8229, 1, 29,  3.60, 30.90, 56.97,  131.26, 5000.00,    0.00,    1.72,    0.00, 0
29, 8230, 1, 29,  3.63, 30.90, 57.08,  131.27, 5000.00,    0.00,    1.72,    0.00, 0
29, 8231, 1, 29,  3.66, 30.91, 57.22,  131.26, 5000.00,    0.00,    1.73,    0.00, 0
29, 8232, 1, 29,  3.67, 30.96, 57.49,  131.27, 5000.00,    0.00,    1.72,    0.00, 0
29, 8233, 1, 29,  3.69, 30.99, 57.95,  131.29, 5000.00,    0.00,    1.74,    0.00, 0
29, 8234, 1, 29,  3.72, 31.06, 58.48,  131.29, 5000.00,    0.00,    1.73,    0.00, 0
29, 8235, 1, 29,  3.40, 31.17, 59.10,  131.28, 5000.00,    0.01,    1.73,    0.00, 0
29, 8236, 1, 29,  3.69, 31.24, 60.05,  131.26, 5000.00,    0.00,    1.74,    0.00, 0
29, 8237, 1, 29,  3.74, 31.38, 61.31,  131.25, 5000.00,    0.00,    1.75,    0.00, 0
29, 8238, 1, 29,  4.09, 31.56, 63.21,  131.21, 5000.00,    0.00,    1.78,    0.00, 0
29, 8239, 1, 29,  3.30, 31.97, 65.29,  131.25, 5000.00,    0.01,    1.78,    0.00, 0
29, 8240, 1, 29,  3.87, 32.41, 68.24,  131.15, 5000.00,    0.00,    1.81,    0.00, 0
29, 8241, 1, 29,  3.46, 32.88, 70.69,  131.19, 5000.00,    0.00,    1.76,    0.00, 0
29, 8242, 1, 29,  3.55, 33.11, 72.31,  131.17, 5000.00,    0.01,    1.73,    0.00, 0
29, 8243, 1, 29,  3.39, 33.32, 73.48,  131.17, 5000.00,    0.01,    1.70,    0.00, 0
29, 8244, 1, 29,  3.29, 33.53, 74.33,  131.21, 5000.00,    0.01,    1.63,    0.00, 0
29, 8245, 1, 29,  3.19, 33.50, 74.92,  131.24, 5000.00,    0.01,    1.59,    0.00, 0
29, 8246, 1, 29,  2.78, 33.67, 75.62,  131.14, 5000.00,    0.01,    1.51,    0.00, 0
29, 8247, 1, 29,  2.70, 33.74, 75.97,  131.10, 5000.00,    0.01,    1.48,    0.00, 0
29, 8248, 1, 29,  2.64, 33.76, 76.27,  131.03, 5000.00,    0.01,    1.45,    0.00, 0
29, 8249, 1, 29,  4.02, 33.33, 76.22,  131.28, 5000.00,    0.01,    1.85,    0.00, 0
29, 8250, 1, 29,  4.12, 33.50, 76.44,  131.18, 5000.00,    0.01,    1.70,    0.00, 0
29, 8251, 1, 29,  2.89, 30.72, 56.91,  131.32, 5000.00,    0.01,    1.73,    0.00, 0
29, 8252, 1, 29,  2.80, 30.77, 56.95,  131.30, 5000.00,    0.01,    1.70,    0.00, 0
29, 8253, 1, 29,  2.79, 30.80, 57.10,  131.31, 5000.00,    0.01,    1.69,    0.00, 0
29, 8254, 1, 29,  2.77, 30.82, 57.43,  131.31, 5000.00,    0.01,    1.72,    0.00, 0
29, 8255, 1, 29,  2.68, 30.95, 57.77,  131.31, 5000.00,    0.01,    1.72,    0.00, 0
29, 8256, 1, 29,  2.74, 30.91, 58.30,  131.31, 5000.00,    0.01,    1.74,    0.00, 0
29, 8257, 1, 29,  2.37, 31.01, 58.95,  131.33, 5000.00,    0.01,    1.76,    0.00, 0
29, 8258, 1, 29,  2.69, 31.26, 59.85,  131.29, 5000.00,    0.01,    1.76,    0.00, 0
29, 8259, 1, 29,  2.71, 31.41, 61.11,  131.28, 5000.00,    0.01,    1.77,    0.00, 0
29, 8260, 1, 29,  3.13, 31.65, 63.07,  131.28, 5000.00,    0.00,    1.77,    0.00, 0
29, 8261, 1, 29,  2.18, 32.01, 65.35,  131.32, 5000.00,    0.01,    1.81,    0.00, 0
29, 8262, 1, 29,  2.86, 32.36, 68.21,  131.24, 5000.00,    0.01,    1.76,    0.00, 0
29, 8263, 1, 29,  2.42, 32.78, 70.82,  131.26, 5000.00,    0.01,    1.77,    0.00, 0
29, 8264, 1, 29,  2.62, 33.05, 72.34,  131.27, 5000.00,    0.01,    1.73,    0.00, 0
29, 8265, 1, 29,  2.52, 33.23, 73.59,  131.23, 5000.00,    0.01,    1.70,    0.00, 0
29, 8266, 1, 29,  2.49, 33.38, 74.37,  131.27, 5000.00,    0.01,    1.70,    0.00, 0
29, 8267, 1, 29,  2.38, 33.71, 75.08,  131.24, 5000.00,    0.01,    1.63,    0.00, 0
29, 8268, 1, 29,  1.94, 33.67, 75.68,  131.23, 5000.00,    0.01,    1.59,    0.00, 0
29, 8269, 1, 29,  1.85, 33.75, 76.07,  131.19, 5000.00,    0.01,    1.55,    0.00, 0
29, 8270, 1, 29,  1.83, 33.75, 76.30,  131.18, 5000.00,    0.01,    1.55,    0.00, 0
29, 8271, 1, 29,  1.84, 33.75, 76.47,  131.15, 5000.00,    0.01,    1.57,    0.00, 0
29, 8272, 1, 29,  1.92, 33.72, 76.47,  131.19, 5000.00,    0.01,    1.61,    0.00, 0
29, 8273, 1, 29,  2.58, 30.75, 56.95,  131.38, 5000.00,    0.01,    1.78,    0.00, 0
29, 8274, 1, 29,  2.54, 30.64, 57.06,  131.36, 5000.00,    0.01,    1.76,    0.00, 0
29, 8275, 1, 29,  2.51, 30.68, 57.20,  131.38, 5000.00,    0.01,    1.76,    0.00, 0
29, 8276, 1, 29,  2.41, 30.74, 57.52,  131.37, 5000.00,    0.01,    1.76,    0.00, 0
29, 8277, 1, 29,  2.28, 30.78, 57.87,  131.36, 5000.00,    0.01,    1.76,    0.00, 0
29, 8278, 1, 29,  2.29, 30.81, 58.32,  131.32, 5000.00,    0.01,    1.78,    0.00, 0
29, 8279, 1, 29,  1.90, 31.08, 58.95,  131.38, 5000.00,    0.01,    1.81,    0.00, 0
29, 8280, 1, 29,  2.24, 31.22, 59.88,  131.34, 5000.00,    0.01,    1.77,    0.00, 0
29, 8281, 1, 29,  2.25, 31.37, 61.14,  131.32, 5000.00,    0.01,    1.77,    0.00, 0
29, 8282, 1, 29,  2.70, 31.59, 63.03,  131.30, 5000.00,    0.01,    1.81,    0.00, 0
29, 8283, 1, 29,  1.65, 31.93, 65.27,  131.40, 5000.00,    0.01,    1.86,    0.00, 0
29, 8284, 1, 29,  2.38, 32.37, 68.16,  131.29, 5000.00,    0.01,    1.77,    0.00, 0
29, 8285, 1, 29,  1.94, 32.75, 70.84,  131.29, 5000.00,    0.01,    1.80,    0.00, 0
29, 8286, 1, 29,  2.15, 33.11, 72.61,  131.31, 5000.00,    0.01,    1.70,    0.00, 0
29, 8287, 1, 29,  2.25, 33.19, 73.56,  131.33, 5000.00,    0.01,    1.75,    0.00, 0
29, 8288, 1, 29,  2.21, 33.31, 74.35,  131.33, 5000.00,    0.01,    1.76,    0.00, 0
29, 8289, 1, 29,  2.19, 33.33, 74.72,  131.38, 5000.00,    0.01,    1.84,    0.00, 0
29, 8290, 1, 29,  2.17, 33.11, 74.83,  131.45, 5000.00,    0.01,    2.06,    0.00, 0
29, 8291, 1, 29,  1.73, 33.53, 75.68,  131.41, 5000.00,    0.01,    1.80,    0.00, 0
29, 8292, 1, 29,  1.71, 33.54, 76.03,  131.40, 5000.00,    0.01,    1.79,    0.00, 0
29, 8293, 1, 29,  1.70, 33.54, 76.22,  131.38, 5000.00,    0.01,    1.82,    0.00, 0
29, 8294, 1, 29,  1.70, 33.59, 76.34,  131.35, 5000.00,    0.01,    1.77,    0.00, 0
29, 8295, 1, 29, 29.78, 17.09, 56.16,  131.39, 5000.00,    0.01,    1.93,    0.00, 0
29, 8296, 1, 29, 29.87, 17.10, 56.31,  131.39, 5000.00,    0.01,    1.85,    0.00, 0
29, 8297, 1, 29, 29.94, 17.09, 56.33,  131.36, 5000.00,    0.01,    1.81,    0.00, 0
29, 8298, 1, 29, 30.22, 16.42, 56.96,  131.47, 5000.00,    0.01,    1.92,    0.00, 0
29, 8299, 1, 29, 30.29, 16.48, 56.98,  131.40, 5000.00,    0.01,    1.85,    0.00, 0
29, 8300, 1, 29, 30.34, 16.49, 57.15,  131.33, 5000.00,    0.01,    1.84,    0.00, 0
29, 8301, 1, 29, 30.54, 16.50, 57.96,  131.34, 5000.00,    0.01,    1.91,    0.00, 0
29, 8302, 1, 29, 30.58, 16.49, 59.03,  131.36, 5000.00,    0.01,    1.95,    0.00, 0
29, 8303, 1, 29, 30.56, 16.49, 60.49,  131.37, 5000.00,    0.01,    1.96,    0.00, 0
29, 8304, 1, 29, 30.44, 16.49, 62.32,  131.35, 5000.00,    0.01,    2.10,    0.00, 0
29, 8305, 1, 29, 30.30, 16.39, 64.62,  131.33, 5000.00,    0.01,    2.10,    0.00, 0
29, 8306, 1, 29, 30.45, 16.67, 67.64,  131.32, 5000.00,    0.01,    1.91,    0.00, 0
29, 8307, 1, 29, 30.50, 16.65, 70.24,  131.31, 5000.00,    0.01,    1.90,    0.00, 0
29, 8308, 1, 29, 30.55, 16.66, 72.13,  131.30, 5000.00,    0.01,    1.88,    0.00, 0
29, 8309, 1, 29, 30.57, 16.61, 73.39,  131.29, 5000.00,    0.01,    1.86,    0.00, 0
29, 8310, 1, 29, 30.61, 16.60, 74.14,  131.33, 5000.00,    0.01,    1.86,    0.00, 0
29, 8311, 1, 29, 30.64, 16.60, 74.78,  131.34, 5000.00,    0.01,    1.86,    0.00, 0
29, 8312, 1, 29, 30.66, 16.62, 74.99,  131.43, 5000.00,    0.01,    1.87,    0.00, 0
29, 8313, 1, 29, 30.64, 16.63, 75.34,  131.45, 5000.00,    0.01,    1.90,    0.00, 0
29, 8314, 1, 29, 30.65, 16.61, 75.72,  131.45, 5000.00,    0.01,    1.92,    0.00, 0
29, 8315, 1, 29, 30.60, 16.58, 76.07,  131.39, 5000.00,    0.01,    1.96,    0.00, 0
29, 8316, 1, 29, 30.65, 16.58, 76.21,  131.37, 5000.00,    0.01,    1.94,    0.00, 0
29, 8317, 1, 29, 29.92, 17.18, 56.05,  131.33, 5000.00,    0.01,    1.74,    0.00, 0
29, 8318, 1, 29, 29.74, 17.30, 56.37,  131.38, 5000.00,    0.01,    1.83,    0.00, 0
29, 8319, 1, 29, 29.80, 17.28, 56.41,  131.34, 5000.00,    0.01,    1.79,    0.00, 0
29, 8320, 1, 29, 30.12, 16.80, 56.66,  131.38, 5000.00,    0.01,    1.83,    0.00, 0
29, 8321, 1, 29, 30.18, 16.74, 56.94,  131.37, 5000.00,    0.01,    1.81,    0.00, 0
29, 8322, 1, 29, 30.40, 16.78, 57.38,  131.34, 5000.00,    0.01,    1.84,    0.00, 0
29, 8323, 1, 29, 30.44, 16.74, 58.12,  131.35, 5000.00,    0.01,    1.87,    0.00, 0
29, 8324, 1, 29, 30.50, 16.74, 59.23,  131.37, 5000.00,    0.01,    1.89,    0.00, 0
29, 8325, 1, 29, 30.49, 16.74, 60.64,  131.37, 5000.00,    0.01,    1.89,    0.00, 0
29, 8326, 1, 29, 30.50, 16.71, 62.49,  131.31, 5000.00,    0.01,    1.95,    0.00, 0
29, 8327, 1, 29, 30.53, 16.71, 64.80,  131.30, 5000.00,    0.01,    1.96,    0.00, 0
29, 8328, 1, 29, 30.39, 16.90, 67.60,  131.30, 5000.00,    0.01,    1.84,    0.00, 0
29, 8329, 1, 29, 30.44, 16.88, 70.19,  131.30, 5000.00,    0.01,    1.82,    0.00, 0
29, 8330, 1, 29, 30.52, 16.88, 72.01,  131.30, 5000.00,    0.01,    1.80,    0.00, 0
29, 8331, 1, 29, 30.57, 16.83, 73.25,  131.30, 5000.00,    0.01,    1.78,    0.00, 0
29, 8332, 1, 29, 30.63, 16.81, 74.14,  131.30, 5000.00,    0.01,    1.76,    0.00, 0
29, 8333, 1, 29, 30.70, 16.79, 74.80,  131.31, 5000.00,    0.01,    1.74,    0.00, 0
29, 8334, 1, 29, 30.75, 16.79, 75.35,  131.30, 5000.00,    0.01,    1.71,    0.00, 0
29, 8335, 1, 29, 30.79, 16.77, 75.71,  131.29, 5000.00,    0.01,    1.70,    0.00, 0
29, 8336, 1, 29, 30.78, 16.77, 75.97,  131.32, 5000.00,    0.01,    1.73,    0.00, 0
29, 8337, 1, 29, 30.56, 16.82, 76.12,  131.34, 5000.00,    0.01,    1.89,    0.00, 0
29, 8338, 1, 29, 30.82, 16.76, 76.33,  131.28, 5000.00,    0.01,    1.71,    0.00, 0
29, 8339, 1, 29, 29.43, 17.66, 55.90,  131.33, 5000.00,    0.01,    1.92,    0.00, 0
29, 8340, 1, 29, 29.63, 17.55, 55.97,  131.30, 5000.00,    0.01,    1.81,    0.00, 0
29, 8341, 1, 29, 29.54, 17.60, 56.23,  131.32, 5000.00,    0.01,    1.86,    0.00, 0
29, 8342, 1, 29, 29.92, 17.14, 56.48,  131.34, 5000.00,    0.01,    1.84,    0.00, 0
29, 8343, 1, 29, 30.00, 17.07, 56.81,  131.33, 5000.00,    0.01,    1.81,    0.00, 0
29, 8344, 1, 29, 30.10, 17.04, 57.30,  131.32, 5000.00,    0.01,    1.78,    0.00, 0
29, 8345, 1, 29, 30.29, 17.10, 58.11,  131.34, 5000.00,    0.01,    1.84,    0.00, 0
29, 8346, 1, 29, 30.36, 17.11, 59.17,  131.36, 5000.00,    0.01,    1.85,    0.00, 0
29, 8347, 1, 29, 30.38, 17.10, 60.61,  131.35, 5000.00,    0.01,    1.83,    0.00, 0
29, 8348, 1, 29, 30.42, 17.08, 62.45,  131.31, 5000.00,    0.01,    1.85,    0.00, 0
29, 8349, 1, 29, 30.44, 17.09, 64.68,  131.28, 5000.00,    0.01,    1.87,    0.00, 0
29, 8350, 1, 29, 30.23, 17.19, 67.55,  131.23, 5000.00,    0.01,    1.82,    0.00, 0
29, 8351, 1, 29, 30.26, 17.20, 70.16,  131.23, 5000.00,    0.01,    1.82,    0.00, 0
29, 8352, 1, 29, 30.35, 17.19, 72.00,  131.23, 5000.00,    0.01,    1.79,    0.00, 0
29, 8353, 1, 29, 30.40, 17.13, 73.21,  131.24, 5000.00,    0.01,    1.75,    0.00, 0
29, 8354, 1, 29, 30.48, 17.11, 74.10,  131.25, 5000.00,    0.01,    1.73,    0.00, 0
29, 8355, 1, 29, 30.54, 17.08, 74.79,  131.25, 5000.00,    0.01,    1.72,    0.00, 0
29, 8356, 1, 29, 30.58, 17.06, 75.33,  131.23, 5000.00,    0.01,    1.70,    0.00, 0
29, 8357, 1, 29, 30.63, 17.02, 75.72,  131.23, 5000.00,    0.01,    1.69,    0.00, 0
29, 8358, 1, 29, 30.59, 17.04, 76.03,  131.22, 5000.00,    0.01,    1.73,    0.00, 0
29, 8359, 1, 29, 30.10, 17.37, 76.05,  131.32, 5000.00,    0.01,    2.00,    0.00, 0
29, 8360, 1, 29, 30.11, 17.53, 76.20,  131.35, 5000.00,    0.01,    1.97,    0.00, 0
29, 8361, 1, 29, 29.06, 18.10, 56.26,  131.23, 5000.00,    0.00,    1.92,    0.00, 0
29, 8362, 1, 29, 29.10, 18.34, 56.48,  131.29, 5000.00,    0.01,    1.98,    0.00, 0
29, 8363, 1, 29, 29.10, 18.33, 56.56,  131.26, 5000.00,    0.01,    1.97,    0.00, 0
29, 8364, 1, 29, 29.72, 17.56, 56.78,  131.28, 5000.00,    0.01,    1.74,    0.00, 0
29, 8365, 1, 29, 29.88, 17.64, 57.25,  131.29, 5000.00,    0.01,    1.76,    0.00, 0
29, 8366, 1, 29, 29.89, 17.65, 57.77,  131.29, 5000.00,    0.01,    1.79,    0.00, 0
29, 8367, 1, 29, 29.91, 17.65, 58.54,  131.28, 5000.00,    0.01,    1.82,    0.00, 0
29, 8368, 1, 29, 29.95, 17.66, 59.53,  131.27, 5000.00,    0.01,    1.85,    0.00, 0
29, 8369, 1, 29, 29.92, 17.66, 60.87,  131.23, 5000.00,    0.01,    1.86,    0.00, 0
29, 8370, 1, 29, 29.98, 17.63, 62.71,  131.20, 5000.00,    0.01,    1.90,    0.00, 0
29, 8371, 1, 29, 29.97, 17.66, 64.90,  131.17, 5000.00,    0.01,    1.92,    0.00, 0
29, 8372, 1, 29, 29.73, 17.77, 67.69,  131.12, 5000.00,    0.01,    1.89,    0.00, 0
29, 8373, 1, 29, 29.79, 17.76, 70.23,  131.12, 5000.00,    0.01,    1.87,    0.00, 0
29, 8374, 1, 29, 29.87, 17.76, 72.01,  131.12, 5000.00,    0.01,    1.84,    0.00, 0
29, 8375, 1, 29, 29.95, 17.67, 73.23,  131.13, 5000.00,    0.01,    1.82,    0.00, 0
29, 8376, 1, 29, 30.04, 17.59, 74.08,  131.13, 5000.00,    0.01,    1.80,    0.00, 0
29, 8377, 1, 29, 30.10, 17.52, 74.63,  131.14, 5000.00,    0.01,    1.80,    0.00, 0
29, 8378, 1, 29, 30.24, 17.30, 75.33,  131.03, 5000.00,    0.01,    1.78,    0.00, 0
29, 8379, 1, 29, 30.13, 17.48, 75.70,  131.07, 5000.00,    0.01,    1.83,    0.00, 0
29, 8380, 1, 29, 29.55, 18.33, 75.73,  131.37, 5000.00,    0.01,    2.00,    0.00, 0
29, 8381, 1, 29, 29.45, 18.49, 76.07,  131.30, 5000.00,    0.01,    2.01,    0.00, 0
29, 8382, 1, 29, 29.46, 18.77, 76.25,  131.37, 5000.00,    0.01,    1.96,    0.00, 0
29, 8383, 1, 29, 28.12, 19.71, 56.29,  131.31, 5000.00,    0.01,    2.03,    0.00, 0
29, 8384, 1, 29, 28.04, 20.19, 56.28,  131.43, 5000.00,    0.01,    1.91,    0.00, 0
29, 8385, 1, 29, 28.03, 20.18, 56.57,  131.47, 5000.00,    0.01,    1.92,    0.00, 0
29, 8386, 1, 29, 28.83, 18.81, 56.88,  131.25, 5000.00,    0.01,    1.97,    0.00, 0
29, 8387, 1, 29, 28.93, 18.74, 57.47,  131.28, 5000.00,    0.01,    1.93,    0.00, 0
29, 8388, 1, 29, 29.01, 18.76, 57.93,  131.27, 5000.00,    0.01,    1.90,    0.00, 0
29, 8389, 1, 29, 29.05, 18.84, 58.42,  131.23, 5000.00,    0.01,    1.88,    0.00, 0
29, 8390, 1, 29, 29.09, 18.84, 59.29,  131.19, 5000.00,    0.01,    1.90,    0.00, 0
29, 8391, 1, 29, 28.88, 19.08, 60.59,  131.21, 5000.00,    0.01,    1.95,    0.00, 0
29, 8392, 1, 29, 29.14, 18.74, 62.52,  131.11, 5000.00,    0.01,    1.95,    0.00, 0
29, 8393, 1, 29, 29.12, 18.78, 64.82,  131.05, 5000.00,    0.01,    1.97,    0.00, 0
29, 8394, 1, 29, 28.89, 18.88, 67.71,  131.02, 5000.00,    0.01,    1.95,    0.00, 0
29, 8395, 1, 29, 28.71, 19.25, 70.32,  131.11, 5000.00,    0.01,    1.97,    0.00, 0
29, 8396, 1, 29, 28.70, 19.46, 72.05,  131.19, 5000.00,    0.01,    1.93,    0.00, 0
29, 8397, 1, 29, 28.74, 19.51, 73.24,  131.27, 5000.00,    0.01,    1.92,    0.00, 0
29, 8398, 1, 29, 29.12, 19.03, 74.05,  131.18, 5000.00,    0.01,    1.86,    0.00, 0
29, 8399, 1, 29, 29.12, 19.07, 74.43,  131.28, 5000.00,    0.01,    1.89,    0.00, 0
29, 8400, 1, 29, 29.86, 17.85, 74.80,  130.97, 5000.00,    0.01,    1.73,    0.00, 0
29, 8401, 1, 29,  2.44, 33.74, 74.34,  130.12, 5000.00,    0.37,    0.71,    0.00, 0
29, 8402, 1, 29, 28.61, 19.98, 75.73,  131.44, 5000.00,    0.01,    1.94,    0.00, 0
29, 8403, 1, 29, 28.56, 19.92, 76.06,  131.33, 5000.00,    0.01,    1.98,    0.00, 0
29, 8404, 1, 29, 28.43, 20.62, 76.34,  131.32, 5000.00,    0.01,    1.76,    0.00, 0
29, 8405, 1, 29, 26.25, 22.27, 56.08,  131.29, 5000.00,    0.00,    2.10,    0.00, 0
29, 8406, 1, 29, 26.18, 22.44, 56.21,  131.32, 5000.00,    0.00,    2.05,    0.00, 0
29, 8407, 1, 29, 26.09, 22.66, 56.37,  131.39, 5000.00,    0.01,    1.99,    0.00, 0
29, 8408, 1, 29, 26.63, 22.26, 56.65,  131.42, 5000.00,    0.01,    1.94,    0.00, 0
29, 8409, 1, 29, 26.66, 22.20, 57.00,  131.37, 5000.00,    0.01,    1.94,    0.00, 0
29, 8410, 1, 29, 26.75, 22.14, 57.55,  131.35, 5000.00,    0.01,    1.95,    0.00, 0
29, 8411, 1, 29, 26.66, 22.03, 58.16,  131.31, 5000.00,    0.01,    1.94,    0.00, 0
29, 8412, 1, 29, 26.80, 21.89, 59.10,  131.25, 5000.00,    0.01,    1.97,    0.00, 0
29, 8413, 1, 29, 26.83, 21.75, 60.42,  131.20, 5000.00,    0.01,    2.01,    0.00, 0
29, 8414, 1, 29, 27.04, 21.51, 62.31,  131.15, 5000.00,    0.01,    2.07,    0.00, 0
29, 8415, 1, 29, 26.98, 21.54, 64.70,  131.09, 5000.00,    0.01,    2.11,    0.00, 0
29, 8416, 1, 29, 26.73, 21.63, 67.72,  131.07, 5000.00,    0.01,    2.08,    0.00, 0
29, 8417, 1, 29, 26.66, 21.89, 70.32,  131.11, 5000.00,    0.01,    2.03,    0.00, 0
29, 8418, 1, 29, 26.60, 22.18, 72.01,  131.19, 5000.00,    0.01,    1.96,    0.00, 0
29, 8419, 1, 29, 26.65, 22.25, 73.24,  131.24, 5000.00,    0.01,    1.92,    0.00, 0
29, 8420, 1, 29, 26.61, 22.41, 74.06,  131.33, 5000.00,    0.01,    1.90,    0.00, 0
29, 8421, 1, 29, 26.59, 22.50, 74.62,  131.38, 5000.00,    0.01,    1.89,    0.00, 0
29, 8422, 1, 29, 26.54, 22.59, 75.14,  131.40, 5000.00,    0.01,    1.90,    0.00, 0
29, 8423, 1, 29, 26.46, 22.72, 75.57,  131.37, 5000.00,    0.01,    1.89,    0.00, 0
29, 8424, 1, 29, 26.45, 22.71, 75.89,  131.35, 5000.00,    0.01,    1.90,    0.00, 0
29, 8425, 1, 29, 26.50, 22.53, 76.07,  131.30, 5000.00,    0.01,    1.99,    0.00, 0
29, 8426, 1, 29, 26.42, 22.99, 76.35,  131.25, 5000.00,    0.01,    1.75,    0.00, 0
29, 8427, 1, 29, 22.62, 25.84, 56.00,  131.28, 5000.00,    0.01,    2.13,    0.00, 0
29, 8428, 1, 29, 22.70, 26.00, 56.00,  131.28, 5000.00,    0.01,    2.01,    0.00, 0
29, 8429, 1, 29, 22.85, 26.16, 56.00,  131.32, 5000.00,    0.01,    1.87,    0.00, 0
29, 8430, 1, 29, 23.09, 25.94, 56.34,  131.31, 5000.00,    0.01,    1.89,    0.00, 0
29, 8431, 1, 29, 23.04, 25.95, 56.76,  131.30, 5000.00,    0.01,    1.90,    0.00, 0
29, 8432, 1, 29, 23.08, 25.92, 57.36,  131.28, 5000.00,    0.01,    1.93,    0.00, 0
29, 8433, 1, 29, 22.94, 25.84, 57.93,  131.19, 5000.00,    0.01,    1.93,    0.00, 0
29, 8434, 1, 29, 23.03, 25.74, 58.87,  131.14, 5000.00,    0.01,    1.98,    0.00, 0
29, 8435, 1, 29, 23.05, 25.63, 60.19,  131.08, 5000.00,    0.01,    2.05,    0.00, 0
29, 8436, 1, 29, 23.29, 25.44, 62.16,  131.03, 5000.00,    0.01,    2.13,    0.00, 0
29, 8437, 1, 29, 23.04, 25.43, 64.52,  130.95, 5000.00,    0.01,    2.18,    0.00, 0
29, 8438, 1, 29, 23.09, 25.50, 67.68,  130.93, 5000.00,    0.01,    2.19,    0.00, 0
29, 8439, 1, 29, 23.03, 25.57, 70.28,  130.97, 5000.00,    0.01,    2.09,    0.00, 0
29, 8440, 1, 29, 23.10, 25.78, 71.98,  131.05, 5000.00,    0.01,    1.99,    0.00, 0
29, 8441, 1, 29, 23.26, 25.80, 73.20,  131.13, 5000.00,    0.01,    1.93,    0.00, 0
29, 8442, 1, 29, 23.39, 25.84, 74.04,  131.18, 5000.00,    0.01,    1.89,    0.00, 0
29, 8443, 1, 29, 23.46, 25.87, 74.57,  131.26, 5000.00,    0.01,    1.89,    0.00, 0
29, 8444, 1, 29, 23.51, 25.86, 75.04,  131.31, 5000.00,    0.01,    1.92,    0.00, 0
29, 8445, 1, 29, 23.48, 25.98, 75.56,  131.25, 5000.00,    0.01,    1.88,    0.00, 0
29, 8446, 1, 29, 23.47, 25.87, 75.74,  131.28, 5000.00,    0.01,    1.96,    0.00, 0
29, 8447, 1, 29, 23.41, 25.78, 76.06,  131.18, 5000.00,    0.01,    2.04,    0.00, 0
29, 8448, 1, 29, 23.29, 25.64, 76.07,  131.15, 5000.00,    0.01,    2.14,    0.00, 0
29, 8449, 1, 29, 16.26, 30.52, 55.85,  131.28, 5000.00,    0.01,    2.07,    0.00, 0
29, 8450, 1, 29, 16.30, 30.28, 56.22,  131.36, 5000.00,    0.01,    2.28,    0.00, 0
29, 8451, 1, 29, 16.42, 30.65, 56.12,  131.36, 5000.00,    0.01,    1.99,    0.00, 0
29, 8452, 1, 29, 16.54, 30.72, 56.25,  131.30, 5000.00,    0.01,    1.90,    0.00, 0
29, 8453, 1, 29, 16.55, 30.69, 56.69,  131.27, 5000.00,    0.01,    1.92,    0.00, 0
29, 8454, 1, 29, 16.51, 30.54, 57.16,  131.20, 5000.00,    0.01,    1.91,    0.00, 0
29, 8455, 1, 29, 16.29, 30.66, 57.83,  131.07, 5000.00,    0.01,    1.93,    0.00, 0
29, 8456, 1, 29, 16.49, 30.53, 58.79,  131.00, 5000.00,    0.01,    1.98,    0.00, 0
29, 8457, 1, 29, 16.48, 30.48, 60.14,  131.06, 5000.00,    0.01,    2.08,    0.00, 0
29, 8458, 1, 29, 16.55, 30.24, 61.96,  130.96, 5000.00,    0.01,    2.15,    0.00, 0
29, 8459, 1, 29, 15.95, 30.40, 64.49,  130.92, 5000.00,    0.01,    2.19,    0.00, 0
29, 8460, 1, 29, 16.35, 30.30, 67.55,  130.88, 5000.00,    0.01,    2.21,    0.00, 0
29, 8461, 1, 29, 16.16, 30.50, 70.25,  130.92, 5000.00,    0.01,    2.13,    0.00, 0
29, 8462, 1, 29, 16.31, 30.69, 71.97,  131.00, 5000.00,    0.01,    2.03,    0.00, 0
29, 8463, 1, 29, 16.44, 30.60, 73.15,  131.10, 5000.00,    0.01,    1.93,    0.00, 0
29, 8464, 1, 29, 16.46, 30.70, 73.99,  131.16, 5000.00,    0.01,    1.90,    0.00, 0
29, 8465, 1, 29, 16.46, 30.77, 74.49,  131.27, 5000.00,    0.01,    1.91,    0.00, 0
29, 8466, 1, 29, 16.43, 30.76, 74.89,  131.32, 5000.00,    0.01,    1.96,    0.00, 0
29, 8467, 1, 29, 16.39, 30.92, 75.44,  131.32, 5000.00,    0.01,    1.92,    0.00, 0
29, 8468, 1, 29, 16.20, 30.82, 75.68,  131.29, 5000.00,    0.01,    2.03,    0.00, 0
29, 8469, 1, 29, 16.14, 30.68, 75.96,  131.22, 5000.00,    0.01,    2.13,    0.00, 0
29, 8470, 1, 29, 16.11, 30.65, 76.08,  131.14, 5000.00,    0.01,    2.16,    0.00, 0
29, 8471, 1, 29, 10.79, 31.58, 56.20,  131.43, 5000.00,    0.01,    2.00,    0.00, 0
29, 8472, 1, 29, 10.55, 31.60, 56.48,  131.41, 5000.00,    0.01,    2.05,    0.00, 0
29, 8473, 1, 29, 10.73, 31.81, 56.48,  131.49, 5000.00,    0.01,    1.88,    0.00, 0
29, 8474, 1, 29, 11.00, 31.84, 56.51,  131.43, 5000.00,    0.01,    1.80,    0.00, 0
29, 8475, 1, 29, 10.94, 31.89, 56.87,  131.39, 5000.00,    0.01,    1.80,    0.00, 0
29, 8476, 1, 29, 11.05, 32.03, 57.39,  131.35, 5000.00,    0.01,    1.84,    0.00, 0
29, 8477, 1, 29, 10.67, 32.19, 58.07,  131.31, 5000.00,    0.01,    1.87,    0.00, 0
29, 8478, 1, 29, 10.88, 32.12, 59.01,  131.23, 5000.00,    0.01,    1.91,    0.00, 0
29, 8479, 1, 29, 10.80, 32.30, 60.31,  131.14, 5000.00,    0.01,    2.02,    0.00, 0
29, 8480, 1, 29, 11.05, 32.44, 62.14,  131.05, 5000.00,    0.00,    2.13,    0.00, 0
29, 8481, 1, 29, 10.15, 32.89, 64.66,  131.02, 5000.00,    0.00,    2.16,    0.00, 0
29, 8482, 1, 29, 10.75, 32.79, 67.65,  131.00, 5000.00,    0.01,    2.16,    0.00, 0
29, 8483, 1, 29, 10.60, 32.86, 70.27,  131.07, 5000.00,    0.01,    2.04,    0.00, 0
29, 8484, 1, 29, 10.82, 32.89, 72.01,  131.17, 5000.00,    0.01,    1.96,    0.00, 0
29, 8485, 1, 29, 11.43, 32.83, 73.21,  131.21, 5000.00,    0.01,    1.95,    0.00, 0
29, 8486, 1, 29, 11.55, 32.73, 74.01,  131.30, 5000.00,    0.01,    1.93,    0.00, 0
29, 8487, 1, 29, 11.63, 32.77, 74.55,  131.36, 5000.00,    0.01,    1.95,    0.00, 0
29, 8488, 1, 29, 11.63, 32.76, 75.01,  131.37, 5000.00,    0.01,    2.00,    0.00, 0
29, 8489, 1, 29, 11.54, 32.99, 75.72,  131.28, 5000.00,    0.01,    1.88,    0.00, 0
29, 8490, 1, 29, 11.44, 32.97, 75.84,  131.38, 5000.00,    0.01,    1.94,    0.00, 0
29, 8491, 1, 29, 11.16, 32.94, 76.06,  131.29, 5000.00,    0.01,    2.02,    0.00, 0
29, 8492, 1, 29, 11.58, 33.03, 76.31,  131.19, 5000.00,    0.01,    1.83,    0.00, 0
29, 8493, 1, 29,  6.62, 31.86, 56.42,  131.43, 5000.00,    0.01,    1.89,    0.00, 0
29, 8494, 1, 29,  6.71, 31.89, 56.55,  131.46, 5000.00,    0.01,    1.86,    0.00, 0
29, 8495, 1, 29,  6.75, 31.88, 56.71,  131.46, 5000.00,    0.01,    1.87,    0.00, 0
29, 8496, 1, 29,  6.67, 31.82, 57.16,  131.40, 5000.00,    0.01,    1.93,    0.00, 0
29, 8497, 1, 29,  6.70, 31.96, 57.48,  131.41, 5000.00,    0.01,    1.87,    0.00, 0
29, 8498, 1, 29,  6.82, 32.07, 57.76,  131.39, 5000.00,    0.01,    1.80,    0.00, 0
29, 8499, 1, 29,  6.35, 32.21, 58.40,  131.35, 5000.00,    0.01,    1.82,    0.00, 0
29, 8500, 1, 29,  6.69, 32.38, 59.32,  131.28, 5000.00,    0.01,    1.86,    0.00, 0
29, 8501, 1, 29,  6.57, 32.48, 60.61,  131.22, 5000.00,    0.01,    1.89,    0.00, 0
29, 8502, 1, 29,  6.96, 32.57, 62.49,  131.15, 5000.00,    0.00,    1.94,    0.00, 0
29, 8503, 1, 29,  5.81, 33.03, 64.88,  131.09, 5000.00,    0.01,    1.96,    0.00, 0
29, 8504, 1, 29,  6.70, 33.33, 67.82,  131.06, 5000.00,    0.01,    2.02,    0.00, 0
29, 8505, 1, 29,  6.20, 33.97, 70.34,  131.07, 5000.00,    0.01,    2.00,    0.00, 0
29, 8506, 1, 29,  6.77, 34.03, 72.09,  131.22, 5000.00,    0.01,    1.93,    0.00, 0
29, 8507, 1, 29,  7.48, 33.93, 73.28,  131.32, 5000.00,    0.01,    1.89,    0.00, 0
29, 8508, 1, 29,  7.64, 34.05, 74.00,  131.42, 5000.00,    0.01,    1.87,    0.00, 0
29, 8509, 1, 29,  7.69, 33.98, 74.64,  131.47, 5000.00,    0.01,    1.86,    0.00, 0
29, 8510, 1, 29,  7.70, 34.04, 75.09,  131.49, 5000.00,    0.01,    1.88,    0.00, 0
29, 8511, 1, 29,  7.53, 34.20, 75.73,  131.40, 5000.00,    0.01,    1.80,    0.00, 0
29, 8512, 1, 29,  7.51, 34.18, 75.90,  131.47, 5000.00,    0.01,    1.84,    0.00, 0
29, 8513, 1, 29,  7.08, 34.09, 76.08,  131.38, 5000.00,    0.01,    1.97,    0.00, 0
29, 8514, 1, 29,  7.80, 34.22, 76.34,  131.30, 5000.00,    0.01,    1.74,    0.00, 0
29, 8515, 1, 29,  3.66, 32.00, 57.08,  131.28, 5000.00,    0.01,    1.86,    0.00, 0
29, 8516, 1, 29,  3.69, 32.00, 57.19,  131.29, 5000.00,    0.01,    1.85,    0.00, 0
29, 8517, 1, 29,  3.73, 32.01, 57.38,  131.30, 5000.00,    0.01,    1.86,    0.00, 0
29, 8518, 1, 29,  4.07, 31.99, 57.83,  131.38, 5000.00,    0.01,    1.89,    0.00, 0
29, 8519, 1, 29,  3.73, 32.09, 58.14,  131.31, 5000.00,    0.01,    1.87,    0.00, 0
29, 8520, 1, 29,  3.98, 32.16, 58.65,  131.35, 5000.00,    0.01,    1.86,    0.00, 0
29, 8521, 1, 29,  3.41, 32.33, 59.17,  131.29, 5000.00,    0.01,    1.84,    0.00, 0
29, 8522, 1, 29,  3.76, 32.38, 60.08,  131.25, 5000.00,    0.01,    1.85,    0.00, 0
29, 8523, 1, 29,  3.77, 32.54, 61.38,  131.23, 5000.00,    0.01,    1.84,    0.00, 0
29, 8524, 1, 29,  4.16, 32.70, 63.16,  131.15, 5000.00,    0.00,    1.89,    0.00, 0
29, 8525, 1, 29,  3.22, 33.20, 65.30,  131.20, 5000.00,    0.01,    1.84,    0.00, 0
29, 8526, 1, 29,  3.95, 33.56, 68.09,  131.08, 5000.00,    0.01,    1.92,    0.00, 0
29, 8527, 1, 29,  3.47, 34.08, 70.52,  131.13, 5000.00,    0.01,    1.84,    0.00, 0
29, 8528, 1, 29,  3.39, 34.32, 72.28,  131.14, 5000.00,    0.01,    1.84,    0.00, 0
29, 8529, 1, 29,  4.39, 34.36, 73.36,  131.30, 5000.00,    0.01,    1.90,    0.00, 0
29, 8530, 1, 29,  3.48, 34.68, 74.17,  131.19, 5000.00,    0.01,    1.79,    0.00, 0
29, 8531, 1, 29,  3.42, 34.61, 74.53,  131.31, 5000.00,    0.01,    1.78,    0.00, 0
29, 8532, 1, 29,  4.77, 34.48, 75.15,  131.51, 5000.00,    0.01,    1.91,    0.00, 0
29, 8533, 1, 29,  2.87, 34.86, 75.74,  131.18, 5000.00,    0.01,    1.69,    0.00, 0
29, 8534, 1, 29,  2.66, 34.93, 76.15,  131.07, 5000.00,    0.01,    1.62,    0.00, 0
29, 8535, 1, 29,  4.54, 34.51, 76.16,  131.45, 5000.00,    0.01,    1.99,    0.00, 0
29, 8536, 1, 29,  4.91, 34.65, 76.39,  131.39, 5000.00,    0.01,    1.84,    0.00, 0
29, 8537, 1, 29,  2.69, 31.93, 56.84,  131.29, 5000.00,    0.01,    1.77,    0.00, 0
29, 8538, 1, 29,  2.71, 31.93, 56.97,  131.30, 5000.00,    0.01,    1.78,    0.00, 0
29, 8539, 1, 29,  2.74, 31.93, 57.13,  131.31, 5000.00,    0.01,    1.80,    0.00, 0
29, 8540, 1, 29,  2.72, 31.98, 57.39,  131.31, 5000.00,    0.01,    1.79,    0.00, 0
29, 8541, 1, 29,  2.68, 32.06, 57.87,  131.33, 5000.00,    0.01,    1.83,    0.00, 0
29, 8542, 1, 29,  2.72, 32.09, 58.42,  131.37, 5000.00,    0.01,    1.82,    0.00, 0
29, 8543, 1, 29,  2.37, 32.16, 58.95,  131.33, 5000.00,    0.01,    1.86,    0.00, 0
29, 8544, 1, 29,  2.67, 32.44, 60.04,  131.32, 5000.00,    0.01,    1.86,    0.00, 0
29, 8545, 1, 29,  2.68, 32.64, 61.28,  131.31, 5000.00,    0.01,    1.84,    0.00, 0
29, 8546, 1, 29,  3.07, 32.85, 63.15,  131.25, 5000.00,    0.01,    1.85,    0.00, 0
29, 8547, 1, 29,  2.15, 33.29, 65.19,  131.35, 5000.00,    0.01,    1.87,    0.00, 0
29, 8548, 1, 29,  2.80, 33.58, 68.01,  131.19, 5000.00,    0.01,    1.84,    0.00, 0
29, 8549, 1, 29,  2.40, 34.02, 70.51,  131.25, 5000.00,    0.01,    1.83,    0.00, 0
29, 8550, 1, 29,  2.31, 34.31, 72.26,  131.26, 5000.00,    0.01,    1.80,    0.00, 0
29, 8551, 1, 29,  2.55, 34.41, 73.45,  131.20, 5000.00,    0.01,    1.82,    0.00, 0
29, 8552, 1, 29,  2.49, 34.60, 74.27,  131.24, 5000.00,    0.01,    1.77,    0.00, 0
29, 8553, 1, 29,  2.44, 34.90, 74.87,  131.26, 5000.00,    0.01,    1.76,    0.00, 0
29, 8554, 1, 29,  2.29, 34.89, 75.52,  131.22, 5000.00,    0.01,    1.67,    0.00, 0
29, 8555, 1, 29,  1.95, 34.93, 75.84,  131.25, 5000.00,    0.01,    1.70,    0.00, 0
29, 8556, 1, 29,  1.80, 34.99, 76.23,  131.17, 5000.00,    0.01,    1.64,    0.00, 0
29, 8557, 1, 29,  1.75, 35.07, 76.38,  131.17, 5000.00,    0.01,    1.60,    0.00, 0
29, 8558, 1, 29,  1.87, 34.99, 76.43,  131.18, 5000.00,    0.01,    1.68,    0.00, 0
29, 8559, 1, 29,  2.48, 31.92, 56.95,  131.38, 5000.00,    0.01,    1.87,    0.00, 0
29, 8560, 1, 29,  2.46, 31.80, 57.07,  131.38, 5000.00,    0.01,    1.85,    0.00, 0
29, 8561, 1, 29,  2.43, 31.83, 57.21,  131.38, 5000.00,    0.01,    1.85,    0.00, 0
29, 8562, 1, 29,  2.33, 31.92, 57.54,  131.40, 5000.00,    0.01,    1.83,    0.00, 0
29, 8563, 1, 29,  2.27, 31.94, 57.79,  131.36, 5000.00,    0.01,    1.84,    0.00, 0
29, 8564, 1, 29,  2.28, 32.01, 58.25,  131.34, 5000.00,    0.01,    1.84,    0.00, 0
29, 8565, 1, 29,  1.90, 32.25, 58.89,  131.37, 5000.00,    0.01,    1.91,    0.00, 0
29, 8566, 1, 29,  2.19, 32.40, 59.97,  131.35, 5000.00,    0.01,    1.87,    0.00, 0
29, 8567, 1, 29,  2.22, 32.59, 61.15,  131.33, 5000.00,    0.01,    1.87,    0.00, 0
29, 8568, 1, 29,  2.69, 32.81, 63.13,  131.30, 5000.00,    0.01,    1.87,    0.00, 0
29, 8569, 1, 29,  1.65, 33.16, 65.25,  131.36, 5000.00,    0.01,    1.95,    0.00, 0
29, 8570, 1, 29,  2.42, 33.56, 68.05,  131.26, 5000.00,    0.01,    1.88,    0.00, 0
29, 8571, 1, 29,  1.95, 34.00, 70.56,  131.30, 5000.00,    0.01,    1.88,    0.00, 0
29, 8572, 1, 29,  2.08, 34.11, 72.27,  131.29, 5000.00,    0.01,    1.97,    0.00, 0
29, 8573, 1, 29,  2.31, 34.41, 73.46,  131.31, 5000.00,    0.01,    1.84,    0.00, 0
29, 8574, 1, 29,  2.26, 34.55, 74.31,  131.30, 5000.00,    0.01,    1.83,    0.00, 0
29, 8575, 1, 29,  2.25, 34.57, 74.63,  131.41, 5000.00,    0.01,    1.91,    0.00, 0
29, 8576, 1, 29,  2.12, 34.78, 75.41,  131.35, 5000.00,    0.01,    1.79,    0.00, 0
29, 8577, 1, 29,  1.77, 34.82, 75.84,  131.34, 5000.00,    0.01,    1.82,    0.00, 0
29, 8578, 1, 29,  1.77, 34.79, 75.87,  131.47, 5000.00,    0.01,    1.88,    0.00, 0
29, 8579, 1, 29,  1.75, 34.83, 76.16,  131.45, 5000.00,    0.01,    1.88,    0.00, 0
29, 8580, 1, 29,  1.75, 34.84, 76.25,  131.45, 5000.00,    0.01,    1.89,    0.00, 0
29, 8581, 1, 29, 30.53, 17.99, 56.35,  131.47, 5000.00,    0.01,    2.23,    0.00, 0
29, 8582, 1, 29, 30.76, 17.99, 56.20,  131.39, 5000.00,    0.01,    2.12,    0.00, 0
29, 8583, 1, 29, 30.89, 17.95, 56.36,  131.39, 5000.00,    0.01,    2.00,    0.00, 0
29, 8584, 1, 29, 31.23, 17.39, 56.52,  131.39, 5000.00,    0.01,    2.05,    0.00, 0
29, 8585, 1, 29, 31.26, 17.37, 56.74,  131.35, 5000.00,    0.01,    2.03,    0.00, 0
29, 8586, 1, 29, 31.34, 17.29, 57.33,  131.36, 5000.00,    0.01,    2.04,    0.00, 0
29, 8587, 1, 29, 31.60, 17.32, 58.18,  131.40, 5000.00,    0.01,    2.07,    0.00, 0
29, 8588, 1, 29, 31.67, 17.32, 59.23,  131.42, 5000.00,    0.01,    2.08,    0.00, 0
29, 8589, 1, 29, 31.68, 17.31, 60.68,  131.42, 5000.00,    0.01,    2.08,    0.00, 0
29, 8590, 1, 29, 31.74, 17.27, 62.54,  131.41, 5000.00,    0.01,    2.12,    0.00, 0
29, 8591, 1, 29, 31.61, 17.17, 64.72,  131.38, 5000.00,    0.01,    2.11,    0.00, 0
29, 8592, 1, 29, 31.40, 17.21, 67.55,  131.42, 5000.00,    0.01,    2.30,    0.00, 0
29, 8593, 1, 29, 31.48, 17.49, 70.14,  131.32, 5000.00,    0.01,    2.09,    0.00, 0
29, 8594, 1, 29, 31.53, 17.50, 72.01,  131.30, 5000.00,    0.01,    2.08,    0.00, 0
29, 8595, 1, 29, 31.56, 17.46, 73.27,  131.28, 5000.00,    0.01,    2.06,    0.00, 0
29, 8596, 1, 29, 31.60, 17.45, 74.18,  131.27, 5000.00,    0.01,    2.04,    0.00, 0
29, 8597, 1, 29, 31.64, 17.44, 74.80,  131.28, 5000.00,    0.01,    2.03,    0.00, 0
29, 8598, 1, 29, 31.66, 17.47, 75.03,  131.38, 5000.00,    0.01,    2.02,    0.00, 0
29, 8599, 1, 29, 31.66, 17.49, 75.42,  131.41, 5000.00,    0.01,    2.04,    0.00, 0
29, 8600, 1, 29, 31.65, 17.47, 75.73,  131.41, 5000.00,    0.01,    2.06,    0.00, 0
29, 8601, 1, 29, 31.61, 17.41, 76.06,  131.39, 5000.00,    0.01,    2.15,    0.00, 0
29, 8602, 1, 29, 31.65, 17.43, 76.20,  131.38, 5000.00,    0.01,    2.13,    0.00, 0
29, 8603, 1, 29, 30.81, 18.00, 56.01,  131.29, 5000.00,    0.01,    1.97,    0.00, 0
29, 8604, 1, 29, 30.79, 18.02, 56.21,  131.31, 5000.00,    0.01,    1.98,    0.00, 0
29, 8605, 1, 29, 30.82, 18.08, 56.30,  131.32, 5000.00,    0.01,    1.94,    0.00, 0
29, 8606, 1, 29, 31.13, 17.64, 56.52,  131.37, 5000.00,    0.01,    1.99,    0.00, 0
29, 8607, 1, 29, 31.17, 17.56, 56.94,  131.36, 5000.00,    0.01,    1.98,    0.00, 0
29, 8608, 1, 29, 31.43, 17.59, 57.54,  131.37, 5000.00,    0.01,    2.00,    0.00, 0
29, 8609, 1, 29, 31.52, 17.56, 58.33,  131.39, 5000.00,    0.01,    1.99,    0.00, 0
29, 8610, 1, 29, 31.61, 17.55, 59.38,  131.39, 5000.00,    0.01,    1.99,    0.00, 0
29, 8611, 1, 29, 31.64, 17.53, 60.80,  131.36, 5000.00,    0.01,    1.97,    0.00, 0
29, 8612, 1, 29, 31.71, 17.50, 62.63,  131.36, 5000.00,    0.01,    2.02,    0.00, 0
29, 8613, 1, 29, 31.72, 17.50, 64.76,  131.34, 5000.00,    0.01,    2.06,    0.00, 0
29, 8614, 1, 29, 31.52, 17.39, 67.56,  131.33, 5000.00,    0.01,    2.10,    0.00, 0
29, 8615, 1, 29, 31.55, 17.64, 70.14,  131.22, 5000.00,    0.01,    1.95,    0.00, 0
29, 8616, 1, 29, 31.61, 17.64, 71.87,  131.23, 5000.00,    0.01,    1.93,    0.00, 0
29, 8617, 1, 29, 31.64, 17.61, 73.12,  131.24, 5000.00,    0.01,    1.91,    0.00, 0
29, 8618, 1, 29, 31.69, 17.59, 74.04,  131.24, 5000.00,    0.01,    1.89,    0.00, 0
29, 8619, 1, 29, 31.75, 17.57, 74.73,  131.25, 5000.00,    0.01,    1.88,    0.00, 0
29, 8620, 1, 29, 31.78, 17.59, 75.23,  131.27, 5000.00,    0.01,    1.86,    0.00, 0
29, 8621, 1, 29, 31.79, 17.59, 75.61,  131.28, 5000.00,    0.01,    1.87,    0.00, 0
29, 8622, 1, 29, 31.78, 17.57, 75.80,  131.34, 5000.00,    0.01,    1.92,    0.00, 0
29, 8623, 1, 29, 31.68, 17.60, 76.16,  131.27, 5000.00,    0.01,    2.00,    0.00, 0
29, 8624, 1, 29, 31.76, 17.59, 76.34,  131.18, 5000.00,    0.01,    1.93,    0.00, 0
29, 8625, 1, 29, 30.56, 18.29, 56.01,  131.25, 5000.00,    0.01,    2.05,    0.00, 0
29, 8626, 1, 29, 30.54, 18.36, 56.22,  131.29, 5000.00,    0.01,    2.02,    0.00, 0
29, 8627, 1, 29, 30.55, 18.46, 56.48,  131.35, 5000.00,    0.01,    2.00,    0.00, 0
29, 8628, 1, 29, 30.98, 17.91, 56.55,  131.32, 5000.00,    0.01,    1.96,    0.00, 0
29, 8629, 1, 29, 31.02, 17.86, 56.98,  131.31, 5000.00,    0.01,    1.96,    0.00, 0
29, 8630, 1, 29, 31.10, 17.83, 57.53,  131.31, 5000.00,    0.01,    1.95,    0.00, 0
29, 8631, 1, 29, 31.31, 17.90, 58.30,  131.31, 5000.00,    0.01,    1.99,    0.00, 0
29, 8632, 1, 29, 31.38, 17.89, 59.33,  131.32, 5000.00,    0.01,    2.02,    0.00, 0
29, 8633, 1, 29, 31.47, 17.84, 60.81,  131.29, 5000.00,    0.01,    1.95,    0.00, 0
29, 8634, 1, 29, 31.58, 17.80, 62.68,  131.26, 5000.00,    0.01,    1.96,    0.00, 0
29, 8635, 1, 29, 31.60, 17.81, 64.75,  131.21, 5000.00,    0.01,    1.97,    0.00, 0
29, 8636, 1, 29, 31.41, 17.73, 67.55,  131.25, 5000.00,    0.01,    2.03,    0.00, 0
29, 8637, 1, 29, 31.25, 17.96, 70.17,  131.15, 5000.00,    0.01,    2.02,    0.00, 0
29, 8638, 1, 29, 31.33, 17.94, 71.92,  131.12, 5000.00,    0.01,    1.98,    0.00, 0
29, 8639, 1, 29, 31.39, 17.89, 73.16,  131.14, 5000.00,    0.01,    1.94,    0.00, 0
29, 8640, 1, 29, 31.48, 17.86, 74.06,  131.15, 5000.00,    0.01,    1.91,    0.00, 0
29, 8641, 1, 29, 31.55, 17.82, 74.72,  131.16, 5000.00,    0.01,    1.89,    0.00, 0
29, 8642, 1, 29, 31.64, 17.78, 75.22,  131.16, 5000.00,    0.01,    1.86,    0.00, 0
29, 8643, 1, 29, 31.68, 17.76, 75.64,  131.16, 5000.00,    0.01,    1.84,    0.00, 0
29, 8644, 1, 29, 31.61, 17.77, 75.87,  131.20, 5000.00,    0.01,    1.92,    0.00, 0
29, 8645, 1, 29, 31.35, 17.96, 76.12,  131.22, 5000.00,    0.01,    2.07,    0.00, 0
29, 8646, 1, 29, 31.05, 18.68, 76.25,  131.39, 5000.00,    0.01,    2.10,    0.00, 0
29, 8647, 1, 29, 29.69, 19.21, 56.22,  131.37, 5000.00,    0.01,    2.13,    0.00, 0
29, 8648, 1, 29, 29.96, 19.20, 56.22,  131.32, 5000.00,    0.01,    2.21,    0.00, 0
29, 8649, 1, 29, 30.04, 19.14, 56.33,  131.28, 5000.00,    0.01,    2.21,    0.00, 0
29, 8650, 1, 29, 30.53, 18.54, 56.62,  131.30, 5000.00,    0.01,    2.00,    0.00, 0
29, 8651, 1, 29, 30.51, 18.84, 56.95,  131.35, 5000.00,    0.01,    2.10,    0.00, 0
29, 8652, 1, 29, 30.74, 18.61, 57.45,  131.26, 5000.00,    0.01,    2.03,    0.00, 0
29, 8653, 1, 29, 30.76, 18.62, 58.16,  131.26, 5000.00,    0.01,    2.05,    0.00, 0
29, 8654, 1, 29, 30.81, 18.59, 59.18,  131.25, 5000.00,    0.01,    2.08,    0.00, 0
29, 8655, 1, 29, 30.78, 18.56, 60.60,  131.23, 5000.00,    0.01,    2.10,    0.00, 0
29, 8656, 1, 29, 30.91, 18.46, 62.52,  131.20, 5000.00,    0.01,    2.13,    0.00, 0
29, 8657, 1, 29, 30.90, 18.48, 64.72,  131.16, 5000.00,    0.01,    2.16,    0.00, 0
29, 8658, 1, 29, 30.83, 18.34, 67.54,  131.15, 5000.00,    0.01,    2.13,    0.00, 0
29, 8659, 1, 29, 30.60, 18.70, 70.18,  131.11, 5000.00,    0.01,    2.15,    0.00, 0
29, 8660, 1, 29, 30.67, 18.74, 72.01,  131.11, 5000.00,    0.01,    2.12,    0.00, 0
29, 8661, 1, 29, 30.73, 18.71, 73.25,  131.12, 5000.00,    0.01,    2.07,    0.00, 0
29, 8662, 1, 29, 30.81, 18.69, 74.13,  131.13, 5000.00,    0.01,    2.05,    0.00, 0
29, 8663, 1, 29, 30.56, 19.28, 74.75,  131.37, 5000.00,    0.01,    2.07,    0.00, 0
29, 8664, 1, 29, 30.51, 19.36, 75.05,  131.47, 5000.00,    0.01,    2.10,    0.00, 0
29, 8665, 1, 29, 30.46, 19.50, 75.50,  131.49, 5000.00,    0.01,    2.11,    0.00, 0
29, 8666, 1, 29, 30.95, 18.40, 75.73,  131.17, 5000.00,    0.01,    2.13,    0.00, 0
29, 8667, 1, 29, 30.44, 19.56, 76.14,  131.43, 5000.00,    0.01,    2.13,    0.00, 0
29, 8668, 1, 29, 30.42, 19.87, 76.33,  131.42, 5000.00,    0.01,    2.06,    0.00, 0
29, 8669, 1, 29, 28.86, 20.95, 56.12,  131.40, 5000.00,    0.01,    2.20,    0.00, 0
29, 8670, 1, 29, 28.82, 21.22, 56.23,  131.44, 5000.00,    0.01,    2.10,    0.00, 0
29, 8671, 1, 29, 28.83, 21.36, 56.23,  131.43, 5000.00,    0.01,    2.04,    0.00, 0
29, 8672, 1, 29, 29.32, 20.63, 56.67,  131.45, 5000.00,    0.01,    2.10,    0.00, 0
29, 8673, 1, 29, 29.37, 20.58, 57.04,  131.42, 5000.00,    0.01,    2.08,    0.00, 0
29, 8674, 1, 29, 29.47, 20.51, 57.52,  131.39, 5000.00,    0.01,    2.08,    0.00, 0
29, 8675, 1, 29, 29.53, 20.44, 58.18,  131.35, 5000.00,    0.01,    2.11,    0.00, 0
29, 8676, 1, 29, 29.64, 20.30, 59.17,  131.31, 5000.00,    0.01,    2.15,    0.00, 0
29, 8677, 1, 29, 29.65, 20.19, 60.57,  131.27, 5000.00,    0.01,    2.19,    0.00, 0
29, 8678, 1, 29, 29.78, 19.99, 62.47,  131.21, 5000.00,    0.01,    2.24,    0.00, 0
29, 8679, 1, 29, 29.75, 20.01, 64.74,  131.16, 5000.00,    0.01,    2.30,    0.00, 0
29, 8680, 1, 29, 29.78, 19.70, 67.63,  131.10, 5000.00,    0.01,    2.26,    0.00, 0
29, 8681, 1, 29, 29.45, 20.36, 70.22,  131.17, 5000.00,    0.01,    2.23,    0.00, 0
29, 8682, 1, 29, 29.50, 20.53, 72.05,  131.22, 5000.00,    0.01,    2.17,    0.00, 0
29, 8683, 1, 29, 29.51, 20.68, 73.24,  131.29, 5000.00,    0.01,    2.11,    0.00, 0
29, 8684, 1, 29, 29.54, 20.81, 74.13,  131.34, 5000.00,    0.01,    2.07,    0.00, 0
29, 8685, 1, 29, 29.56, 20.94, 74.74,  131.41, 5000.00,    0.01,    2.04,    0.00, 0
29, 8686, 1, 29, 29.54, 21.04, 75.10,  131.50, 5000.00,    0.01,    2.04,    0.00, 0
29, 8687, 1, 29, 31.23, 17.91, 75.33,  130.54, 5000.00,    0.03,    1.89,    0.00, 0
29, 8688, 1, 29, 31.21, 17.87, 75.67,  130.56, 5000.00,    0.02,    1.95,    0.00, 0
29, 8689, 1, 29, 29.50, 20.85, 76.07,  131.40, 5000.00,    0.01,    2.18,    0.00, 0
29, 8690, 1, 29, 29.46, 21.26, 76.29,  131.38, 5000.00,    0.01,    2.03,    0.00, 0
29, 8691, 1, 29, 26.83, 23.81, 56.16,  131.41, 5000.00,    0.01,    2.14,    0.00, 0
29, 8692, 1, 29, 26.79, 24.04, 56.17,  131.41, 5000.00,    0.01,    2.03,    0.00, 0
29, 8693, 1, 29, 26.68, 24.01, 56.38,  131.41, 5000.00,    0.01,    2.09,    0.00, 0
29, 8694, 1, 29, 27.31, 23.43, 56.64,  131.39, 5000.00,    0.01,    2.09,    0.00, 0
29, 8695, 1, 29, 27.36, 23.39, 57.01,  131.36, 5000.00,    0.01,    2.08,    0.00, 0
29, 8696, 1, 29, 27.46, 23.29, 57.54,  131.35, 5000.00,    0.01,    2.11,    0.00, 0
29, 8697, 1, 29, 27.36, 23.14, 58.20,  131.30, 5000.00,    0.01,    2.12,    0.00, 0
29, 8698, 1, 29, 27.50, 22.98, 59.19,  131.27, 5000.00,    0.01,    2.18,    0.00, 0
29, 8699, 1, 29, 27.50, 22.86, 60.56,  131.23, 5000.00,    0.01,    2.23,    0.00, 0
29, 8700, 1, 29, 27.68, 22.63, 62.46,  131.18, 5000.00,    0.01,    2.30,    0.00, 0
29, 8701, 1, 29, 27.56, 22.70, 64.76,  131.12, 5000.00,    0.01,    2.38,    0.00, 0
29, 8702, 1, 29, 27.70, 22.38, 67.68,  131.08, 5000.00,    0.01,    2.34,    0.00, 0
29, 8703, 1, 29, 27.32, 22.99, 70.25,  131.13, 5000.00,    0.01,    2.27,    0.00, 0
29, 8704, 1, 29, 27.40, 23.16, 72.02,  131.20, 5000.00,    0.01,    2.18,    0.00, 0
29, 8705, 1, 29, 27.41, 23.29, 73.24,  131.25, 5000.00,    0.01,    2.11,    0.00, 0
29, 8706, 1, 29, 27.43, 23.43, 74.07,  131.31, 5000.00,    0.01,    2.05,    0.00, 0
29, 8707, 1, 29, 27.44, 23.53, 74.63,  131.39, 5000.00,    0.01,    2.02,    0.00, 0
29, 8708, 1, 29, 27.40, 23.59, 75.04,  131.46, 5000.00,    0.01,    2.04,    0.00, 0
29, 8709, 1, 29, 27.32, 23.67, 75.39,  131.48, 5000.00,    0.01,    2.06,    0.00, 0
29, 8710, 1, 29, 27.32, 23.61, 75.74,  131.48, 5000.00,    0.01,    2.11,    0.00, 0
29, 8711, 1, 29, 27.33, 23.56, 76.07,  131.39, 5000.00,    0.01,    2.16,    0.00, 0
29, 8712, 1, 29, 27.34, 23.81, 76.29,  131.33, 5000.00,    0.01,    2.01,    0.00, 0
29, 8713, 1, 29, 23.43, 27.22, 55.76,  131.37, 5000.00,    0.01,    2.13,    0.00, 0
29, 8714, 1, 29, 23.26, 27.14, 55.97,  131.37, 5000.00,    0.01,    2.25,    0.00, 0
29, 8715, 1, 29, 23.33, 27.34, 55.96,  131.31, 5000.00,    0.01,    2.08,    0.00, 0
29, 8716, 1, 29, 23.78, 27.17, 56.12,  131.26, 5000.00,    0.01,    2.01,    0.00, 0
29, 8717, 1, 29, 23.68, 27.09, 56.64,  131.28, 5000.00,    0.01,    2.09,    0.00, 0
29, 8718, 1, 29, 23.72, 27.07, 57.18,  131.25, 5000.00,    0.01,    2.13,    0.00, 0
29, 8719, 1, 29, 23.58, 26.95, 57.88,  131.21, 5000.00,    0.01,    2.15,    0.00, 0
29, 8720, 1, 29, 23.67, 26.83, 58.84,  131.15, 5000.00,    0.01,    2.22,    0.00, 0
29, 8721, 1, 29, 23.66, 26.73, 60.19,  131.09, 5000.00,    0.01,    2.31,    0.00, 0
29, 8722, 1, 29, 23.83, 26.56, 62.21,  131.05, 5000.00,    0.01,    2.42,    0.00, 0
29, 8723, 1, 29, 23.58, 26.51, 64.49,  130.95, 5000.00,    0.01,    2.47,    0.00, 0
29, 8724, 1, 29, 23.96, 26.35, 67.53,  130.93, 5000.00,    0.01,    2.48,    0.00, 0
29, 8725, 1, 29, 23.69, 26.63, 70.12,  130.97, 5000.00,    0.01,    2.34,    0.00, 0
29, 8726, 1, 29, 23.97, 26.70, 71.97,  131.02, 5000.00,    0.01,    2.23,    0.00, 0
29, 8727, 1, 29, 24.07, 26.82, 73.18,  131.09, 5000.00,    0.01,    2.12,    0.00, 0
29, 8728, 1, 29, 24.17, 26.91, 74.01,  131.16, 5000.00,    0.01,    2.06,    0.00, 0
29, 8729, 1, 29, 24.24, 26.98, 74.58,  131.24, 5000.00,    0.01,    2.02,    0.00, 0
29, 8730, 1, 29, 24.27, 27.00, 75.02,  131.32, 5000.00,    0.01,    2.03,    0.00, 0
29, 8731, 1, 29, 24.20, 27.09, 75.46,  131.32, 5000.00,    0.01,    2.04,    0.00, 0
29, 8732, 1, 29, 24.14, 27.05, 75.74,  131.38, 5000.00,    0.01,    2.12,    0.00, 0
29, 8733, 1, 29, 24.20, 26.86, 76.01,  131.29, 5000.00,    0.01,    2.24,    0.00, 0
29, 8734, 1, 29, 24.24, 26.96, 76.21,  131.25, 5000.00,    0.01,    2.16,    0.00, 0
29, 8735, 1, 29, 16.68, 31.87, 55.95,  131.39, 5000.00,    0.01,    2.24,    0.00, 0
29, 8736, 1, 29, 16.74, 32.05, 55.95,  131.30, 5000.00,    0.01,    2.07,    0.00, 0
29, 8737, 1, 29, 16.76, 32.14, 56.01,  131.27, 5000.00,    0.01,    2.00,    0.00, 0
29, 8738, 1, 29, 17.01, 31.95, 56.31,  131.24, 5000.00,    0.01,    2.06,    0.00, 0
29, 8739, 1, 29, 16.98, 31.95, 56.69,  131.21, 5000.00,    0.01,    2.09,    0.00, 0
29, 8740, 1, 29, 16.94, 31.76, 57.24,  131.19, 5000.00,    0.01,    2.11,    0.00, 0
29, 8741, 1, 29, 16.71, 31.86, 57.95,  131.15, 5000.00,    0.01,    2.17,    0.00, 0
29, 8742, 1, 29, 16.93, 31.72, 58.93,  131.09, 5000.00,    0.01,    2.25,    0.00, 0
29, 8743, 1, 29, 16.93, 31.65, 60.34,  131.06, 5000.00,    0.01,    2.35,    0.00, 0
29, 8744, 1, 29, 17.06, 31.36, 62.17,  130.97, 5000.00,    0.01,    2.44,    0.00, 0
29, 8745, 1, 29, 16.48, 31.49, 64.56,  130.91, 5000.00,    0.01,    2.49,    0.00, 0
29, 8746, 1, 29, 16.85, 31.41, 67.56,  130.89, 5000.00,    0.01,    2.53,    0.00, 0
29, 8747, 1, 29, 16.61, 31.67, 70.18,  130.93, 5000.00,    0.01,    2.38,    0.00, 0
29, 8748, 1, 29, 16.79, 31.86, 71.99,  131.01, 5000.00,    0.01,    2.25,    0.00, 0
29, 8749, 1, 29, 16.91, 31.82, 73.18,  131.09, 5000.00,    0.01,    2.11,    0.00, 0
29, 8750, 1, 29, 16.96, 31.95, 73.97,  131.17, 5000.00,    0.01,    2.04,    0.00, 0
29, 8751, 1, 29, 16.99, 32.03, 74.60,  131.21, 5000.00,    0.01,    2.02,    0.00, 0
29, 8752, 1, 29, 16.99, 32.07, 75.04,  131.30, 5000.00,    0.01,    2.04,    0.00, 0
29, 8753, 1, 29, 17.00, 32.17, 75.41,  131.35, 5000.00,    0.01,    2.00,    0.00, 0
29, 8754, 1, 29, 16.73, 32.13, 75.74,  131.35, 5000.00,    0.01,    2.14,    0.00, 0
29, 8755, 1, 29, 16.65, 31.97, 75.96,  131.34, 5000.00,    0.01,    2.31,    0.00, 0
29, 8756, 1, 29, 16.55, 31.69, 75.78,  131.44, 5000.00,    0.01,    2.57,    0.00, 0
29, 8757, 1, 29, 11.14, 33.14, 55.89,  131.53, 5000.00,    0.01,    1.92,    0.00, 0
29, 8758, 1, 29, 11.08, 32.94, 56.15,  131.50, 5000.00,    0.01,    2.08,    0.00, 0
29, 8759, 1, 29, 11.22, 33.07, 56.14,  131.49, 5000.00,    0.01,    1.95,    0.00, 0
29, 8760, 1, 29, 11.35, 33.07, 56.44,  131.48, 5000.00,    0.01,    1.94,    0.00, 0
29, 8761, 1, 29, 11.37, 33.09, 56.70,  131.37, 5000.00,    0.01,    1.93,    0.00, 0
29, 8762, 1, 29, 11.52, 33.21, 57.25,  131.32, 5000.00,    0.01,    2.01,    0.00, 0
29, 8763, 1, 29, 11.11, 33.35, 57.92,  131.27, 5000.00,    0.01,    2.08,    0.00, 0
29, 8764, 1, 29, 11.35, 33.26, 58.97,  131.24, 5000.00,    0.01,    2.13,    0.00, 0
29, 8765, 1, 29, 11.27, 33.42, 60.31,  131.16, 5000.00,    0.01,    2.21,    0.00, 0
29, 8766, 1, 29, 11.56, 33.55, 62.18,  131.08, 5000.00,    0.01,    2.34,    0.00, 0
29, 8767, 1, 29, 10.69, 34.00, 64.61,  131.05, 5000.00,    0.01,    2.45,    0.00, 0
29, 8768, 1, 29, 11.39, 33.87, 67.52,  131.02, 5000.00,    0.01,    2.40,    0.00, 0
29, 8769, 1, 29, 11.05, 34.03, 70.15,  131.08, 5000.00,    0.01,    2.26,    0.00, 0
29, 8770, 1, 29, 11.58, 33.95, 71.99,  131.14, 5000.00,    0.01,    2.17,    0.00, 0
29, 8771, 1, 29, 11.79, 34.09, 73.15,  131.21, 5000.00,    0.01,    2.11,    0.00, 0
29, 8772, 1, 29, 11.88, 34.03, 73.98,  131.28, 5000.00,    0.01,    2.04,    0.00, 0
29, 8773, 1, 29, 11.98, 34.10, 74.56,  131.36, 5000.00,    0.01,    2.04,    0.00, 0
29, 8774, 1, 29, 12.06, 34.14, 75.04,  131.43, 5000.00,    0.01,    2.05,    0.00, 0
29, 8775, 1, 29, 11.73, 34.35, 75.46,  131.43, 5000.00,    0.01,    2.02,    0.00, 0
29, 8776, 1, 29, 11.69, 34.26, 75.73,  131.48, 5000.00,    0.01,    2.11,    0.00, 0
29, 8777, 1, 29, 11.48, 34.21, 76.06,  131.38, 5000.00,    0.01,    2.22,    0.00, 0
29, 8778, 1, 29, 11.29, 34.13, 76.06,  131.41, 5000.00,    0.01,    2.36,    0.00, 0
29, 8779, 1, 29,  7.17, 33.10, 56.33,  131.58, 5000.00,    0.01,    1.96,    0.00, 0
29, 8780, 1, 29,  7.24, 33.14, 56.37,  131.56, 5000.00,    0.01,    1.91,    0.00, 0
29, 8781, 1, 29,  7.26, 33.17, 56.43,  131.53, 5000.00,    0.01,    1.90,    0.00, 0
29, 8782, 1, 29,  7.27, 33.13, 56.82,  131.52, 5000.00,    0.01,    1.94,    0.00, 0
29, 8783, 1, 29,  7.20, 33.21, 57.18,  131.49, 5000.00,    0.01,    1.93,    0.00, 0
29, 8784, 1, 29,  7.13, 33.27, 57.60,  131.41, 5000.00,    0.01,    1.94,    0.00, 0
29, 8785, 1, 29,  6.68, 33.38, 58.28,  131.34, 5000.00,    0.01,    2.00,    0.00, 0
29, 8786, 1, 29,  7.05, 33.53, 59.23,  131.29, 5000.00,    0.01,    2.08,    0.00, 0
29, 8787, 1, 29,  6.96, 33.65, 60.61,  131.24, 5000.00,    0.01,    2.10,    0.00, 0
29, 8788, 1, 29,  7.33, 33.71, 62.46,  131.16, 5000.00,    0.00,    2.12,    0.00, 0
29, 8789, 1, 29,  6.12, 34.20, 64.82,  131.11, 5000.00,    0.01,    2.22,    0.00, 0
29, 8790, 1, 29,  7.16, 34.47, 67.66,  131.08, 5000.00,    0.01,    2.19,    0.00, 0
29, 8791, 1, 29,  6.92, 35.13, 70.25,  131.14, 5000.00,    0.01,    2.20,    0.00, 0
29, 8792, 1, 29,  7.49, 35.15, 72.04,  131.20, 5000.00,    0.01,    2.11,    0.00, 0
29, 8793, 1, 29,  7.72, 35.18, 73.22,  131.29, 5000.00,    0.01,    2.03,    0.00, 0
29, 8794, 1, 29,  7.86, 35.33, 74.01,  131.38, 5000.00,    0.01,    2.01,    0.00, 0
29, 8795, 1, 29,  7.91, 35.28, 74.61,  131.48, 5000.00,    0.01,    1.98,    0.00, 0
29, 8796, 1, 29,  7.99, 35.33, 75.04,  131.53, 5000.00,    0.01,    2.00,    0.00, 0
29, 8797, 1, 29,  7.57, 35.52, 75.48,  131.55, 5000.00,    0.01,    1.98,    0.00, 0
29, 8798, 1, 29,  7.53, 35.46, 75.73,  131.58, 5000.00,    0.01,    2.05,    0.00, 0
29, 8799, 1, 29,  7.25, 35.36, 76.06,  131.44, 5000.00,    0.01,    2.18,    0.00, 0
29, 8800, 1, 29,  2.54, 35.84, 75.53,  130.73, 5000.00,    0.04,    2.05,    0.00, 0
29, 8801, 1, 29,  4.41, 33.09, 57.04,  131.44, 5000.00,    0.01,    2.04,    0.00, 0
29, 8802, 1, 29,  3.87, 33.14, 57.28,  131.38, 5000.00,    0.01,    2.06,    0.00, 0
29, 8803, 1, 29,  4.41, 33.15, 57.33,  131.45, 5000.00,    0.01,    2.01,    0.00, 0
29, 8804, 1, 29,  4.49, 33.19, 57.63,  131.45, 5000.00,    0.01,    2.00,    0.00, 0
29, 8805, 1, 29,  4.39, 33.22, 58.00,  131.42, 5000.00,    0.01,    2.03,    0.00, 0
29, 8806, 1, 29,  4.38, 33.32, 58.42,  131.38, 5000.00,    0.01,    2.00,    0.00, 0
29, 8807, 1, 29,  3.57, 33.46, 59.09,  131.29, 5000.00,    0.01,    2.06,    0.00, 0
29, 8808, 1, 29,  4.16, 33.51, 60.02,  131.30, 5000.00,    0.01,    2.07,    0.00, 0
29, 8809, 1, 29,  3.98, 33.67, 61.36,  131.23, 5000.00,    0.01,    2.08,    0.00, 0
29, 8810, 1, 29,  4.47, 33.82, 63.11,  131.16, 5000.00,    0.01,    2.10,    0.00, 0
29, 8811, 1, 29,  3.22, 34.38, 65.28,  131.15, 5000.00,    0.01,    2.08,    0.00, 0
29, 8812, 1, 29,  4.25, 34.71, 67.98,  131.09, 5000.00,    0.01,    2.15,    0.00, 0
29, 8813, 1, 29,  3.70, 35.23, 70.51,  131.10, 5000.00,    0.01,    2.09,    0.00, 0
29, 8814, 1, 29,  4.49, 35.44, 72.22,  131.21, 5000.00,    0.01,    2.06,    0.00, 0
29, 8815, 1, 29,  4.80, 35.61, 73.37,  131.33, 5000.00,    0.01,    2.03,    0.00, 0
29, 8816, 1, 29,  4.96, 35.76, 74.16,  131.42, 5000.00,    0.01,    2.01,    0.00, 0
29, 8817, 1, 29,  5.04, 35.69, 74.73,  131.52, 5000.00,    0.01,    2.00,    0.00, 0
29, 8818, 1, 29,  5.09, 35.74, 75.12,  131.58, 5000.00,    0.01,    2.03,    0.00, 0
29, 8819, 1, 29,  4.42, 35.75, 75.44,  131.55, 5000.00,    0.01,    2.13,    0.00, 0
29, 8820, 1, 29,  3.56, 35.88, 75.65,  131.42, 5000.00,    0.01,    2.07,    0.00, 0
29, 8821, 1, 29,  3.14, 36.04, 76.13,  131.21, 5000.00,    0.01,    1.98,    0.00, 0
29, 8822, 1, 29,  3.00, 36.11, 76.29,  131.15, 5000.00,    0.01,    1.95,    0.00, 0
29, 8823, 1, 29,  2.65, 33.06, 56.90,  131.34, 5000.00,    0.01,    1.98,    0.00, 0
29, 8824, 1, 29,  2.68, 33.06, 57.04,  131.35, 5000.00,    0.01,    1.99,    0.00, 0
29, 8825, 1, 29,  2.71, 33.07, 57.23,  131.37, 5000.00,    0.01,    2.00,    0.00, 0
29, 8826, 1, 29,  2.66, 33.14, 57.48,  131.36, 5000.00,    0.01,    1.98,    0.00, 0
29, 8827, 1, 29,  2.62, 33.20, 57.92,  131.36, 5000.00,    0.01,    2.00,    0.00, 0
29, 8828, 1, 29,  2.76, 33.22, 58.36,  131.35, 5000.00,    0.01,    2.00,    0.00, 0
29, 8829, 1, 29,  2.35, 33.38, 59.07,  131.38, 5000.00,    0.01,    2.00,    0.00, 0
29, 8830, 1, 29,  2.63, 33.62, 60.06,  131.32, 5000.00,    0.01,    2.06,    0.00, 0
29, 8831, 1, 29,  2.57, 33.88, 61.42,  131.30, 5000.00,    0.01,    2.02,    0.00, 0
29, 8832, 1, 29,  3.06, 34.01, 63.15,  131.21, 5000.00,    0.01,    2.06,    0.00, 0
29, 8833, 1, 29,  2.08, 34.55, 65.16,  131.31, 5000.00,    0.01,    2.02,    0.00, 0
29, 8834, 1, 29,  2.79, 34.78, 67.95,  131.14, 5000.00,    0.01,    2.06,    0.00, 0
29, 8835, 1, 29,  2.35, 35.28, 70.47,  131.19, 5000.00,    0.01,    1.99,    0.00, 0
29, 8836, 1, 29,  2.66, 35.51, 72.20,  131.16, 5000.00,    0.01,    1.98,    0.00, 0
29, 8837, 1, 29,  2.66, 35.62, 73.38,  131.15, 5000.00,    0.01,    1.99,    0.00, 0
29, 8838, 1, 29,  2.51, 35.85, 74.25,  131.18, 5000.00,    0.01,    1.90,    0.00, 0
29, 8839, 1, 29,  2.46, 36.14, 74.72,  131.24, 5000.00,    0.01,    1.91,    0.00, 0
29, 8840, 1, 29,  2.39, 36.06, 75.18,  131.30, 5000.00,    0.01,    1.89,    0.00, 0
29, 8841, 1, 29,  1.94, 36.20, 75.73,  131.26, 5000.00,    0.01,    1.84,    0.00, 0
29, 8842, 1, 29,  1.81, 36.23, 76.14,  131.20, 5000.00,    0.01,    1.81,    0.00, 0
29, 8843, 1, 29,  1.79, 36.26, 76.30,  131.17, 5000.00,    0.01,    1.82,    0.00, 0
29, 8844, 1, 29,  1.79, 36.28, 76.41,  131.16, 5000.00,    0.01,    1.82,    0.00, 0
29, 8845, 1, 29,  2.37, 33.10, 56.91,  131.42, 5000.00,    0.01,    2.04,    0.00, 0
29, 8846, 1, 29,  2.36, 32.99, 57.05,  131.42, 5000.00,    0.01,    2.00,    0.00, 0
29, 8847, 1, 29,  2.34, 33.01, 57.20,  131.42, 5000.00,    0.01,    2.00,    0.00, 0
29, 8848, 1, 29,  2.28, 33.07, 57.44,  131.41, 5000.00,    0.01,    1.99,    0.00, 0
29, 8849, 1, 29,  2.21, 33.12, 57.77,  131.39, 5000.00,    0.01,    2.00,    0.00, 0
29, 8850, 1, 29,  2.28, 33.19, 58.29,  131.38, 5000.00,    0.01,    2.00,    0.00, 0
29, 8851, 1, 29,  1.81, 33.44, 58.95,  131.41, 5000.00,    0.01,    2.10,    0.00, 0
29, 8852, 1, 29,  2.16, 33.60, 60.06,  131.37, 5000.00,    0.01,    2.05,    0.00, 0
29, 8853, 1, 29,  2.24, 33.84, 61.29,  131.39, 5000.00,    0.01,    2.04,    0.00, 0
29, 8854, 1, 29,  2.61, 34.07, 63.20,  131.29, 5000.00,    0.01,    2.02,    0.00, 0
29, 8855, 1, 29,  1.58, 34.43, 65.18,  131.38, 5000.00,    0.01,    2.13,    0.00, 0
29, 8856, 1, 29,  2.45, 34.79, 67.95,  131.26, 5000.00,    0.01,    2.07,    0.00, 0
29, 8857, 1, 29,  1.97, 35.27, 70.47,  131.28, 5000.00,    0.01,    2.03,    0.00, 0
29, 8858, 1, 29,  2.19, 35.59, 72.07,  131.31, 5000.00,    0.01,    1.97,    0.00, 0
29, 8859, 1, 29,  2.35, 35.66, 73.37,  131.27, 5000.00,    0.01,    2.01,    0.00, 0
29, 8860, 1, 29,  2.31, 35.82, 74.28,  131.29, 5000.00,    0.01,    1.97,    0.00, 0
29, 8861, 1, 29,  2.29, 35.90, 74.74,  131.39, 5000.00,    0.01,    1.99,    0.00, 0
29, 8862, 1, 29,  2.29, 35.95, 74.99,  131.47, 5000.00,    0.01,    2.01,    0.00, 0
29, 8863, 1, 29,  1.82, 36.14, 75.82,  131.36, 5000.00,    0.01,    1.95,    0.00, 0
29, 8864, 1, 29,  1.81, 36.10, 75.82,  131.52, 5000.00,    0.01,    2.01,    0.00, 0
29, 8865, 1, 29,  1.80, 36.13, 76.12,  131.47, 5000.00,    0.01,    2.00,    0.00, 0
29, 8866, 1, 29,  1.80, 36.12, 76.18,  131.45, 5000.00,    0.01,    2.02,    0.00, 0
29, 8867, 1, 29, 31.75, 18.83, 56.24,  131.45, 5000.00,    0.01,    2.19,    0.00, 0
29, 8868, 1, 29, 31.84, 18.88, 56.24,  131.40, 5000.00,    0.01,    2.11,    0.00, 0
29, 8869, 1, 29, 31.78, 18.95, 56.25,  131.37, 5000.00,    0.01,    2.13,    0.00, 0
29, 8870, 1, 29, 32.21, 18.30, 56.51,  131.40, 5000.00,    0.01,    2.14,    0.00, 0
29, 8871, 1, 29, 32.26, 18.21, 56.98,  131.41, 5000.00,    0.01,    2.13,    0.00, 0
29, 8872, 1, 29, 32.37, 18.15, 57.60,  131.42, 5000.00,    0.01,    2.11,    0.00, 0
29, 8873, 1, 29, 32.61, 18.21, 58.42,  131.46, 5000.00,    0.01,    2.13,    0.00, 0
29, 8874, 1, 29, 32.67, 18.22, 59.46,  131.47, 5000.00,    0.01,    2.17,    0.00, 0
29, 8875, 1, 29, 32.68, 18.20, 60.91,  131.46, 5000.00,    0.01,    2.16,    0.00, 0
29, 8876, 1, 29, 32.75, 18.18, 62.77,  131.49, 5000.00,    0.01,    2.22,    0.00, 0
29, 8877, 1, 29, 32.63, 18.06, 64.83,  131.45, 5000.00,    0.01,    2.24,    0.00, 0
29, 8878, 1, 29, 32.69, 18.02, 67.55,  131.43, 5000.00,    0.01,    2.24,    0.00, 0
29, 8879, 1, 29, 32.51, 18.08, 70.09,  131.49, 5000.00,    0.01,    2.38,    0.00, 0
29, 8880, 1, 29, 32.56, 18.09, 71.98,  131.44, 5000.00,    0.01,    2.35,    0.00, 0
29, 8881, 1, 29, 32.56, 18.31, 73.06,  131.31, 5000.00,    0.01,    2.15,    0.00, 0
29, 8882, 1, 29, 32.58, 18.33, 74.13,  131.28, 5000.00,    0.01,    2.15,    0.00, 0
29, 8883, 1, 29, 32.62, 18.32, 74.83,  131.26, 5000.00,    0.01,    2.13,    0.00, 0
29, 8884, 1, 29, 32.64, 18.37, 75.43,  131.25, 5000.00,    0.01,    2.10,    0.00, 0
29, 8885, 1, 29, 32.66, 18.38, 75.74,  131.28, 5000.00,    0.01,    2.08,    0.00, 0
29, 8886, 1, 29, 32.65, 18.37, 75.74,  131.43, 5000.00,    0.01,    2.12,    0.00, 0
29, 8887, 1, 29, 32.59, 18.29, 76.07,  131.40, 5000.00,    0.01,    2.25,    0.00, 0
29, 8888, 1, 29, 32.62, 18.31, 76.21,  131.40, 5000.00,    0.01,    2.25,    0.00, 0
29, 8889, 1, 29, 31.44, 19.10, 55.93,  131.41, 5000.00,    0.01,    2.29,    0.00, 0
29, 8890, 1, 29, 31.41, 19.17, 56.07,  131.42, 5000.00,    0.01,    2.29,    0.00, 0
29, 8891, 1, 29, 31.53, 19.31, 56.13,  131.44, 5000.00,    0.01,    2.15,    0.00, 0
29, 8892, 1, 29, 32.09, 18.49, 56.43,  131.38, 5000.00,    0.01,    2.09,    0.00, 0
29, 8893, 1, 29, 32.15, 18.41, 56.85,  131.37, 5000.00,    0.01,    2.10,    0.00, 0
29, 8894, 1, 29, 32.43, 18.45, 57.49,  131.39, 5000.00,    0.01,    2.06,    0.00, 0
29, 8895, 1, 29, 32.55, 18.39, 58.30,  131.39, 5000.00,    0.01,    2.07,    0.00, 0
29, 8896, 1, 29, 32.66, 18.36, 59.37,  131.37, 5000.00,    0.01,    2.06,    0.00, 0
29, 8897, 1, 29, 32.68, 18.33, 60.79,  131.34, 5000.00,    0.01,    2.08,    0.00, 0
29, 8898, 1, 29, 32.79, 18.28, 62.66,  131.32, 5000.00,    0.01,    2.11,    0.00, 0
29, 8899, 1, 29, 32.78, 18.29, 64.72,  131.30, 5000.00,    0.01,    2.15,    0.00, 0
29, 8900, 1, 29, 32.74, 18.15, 67.53,  131.28, 5000.00,    0.01,    2.11,    0.00, 0
29, 8901, 1, 29, 32.68, 18.15, 69.99,  131.29, 5000.00,    0.01,    2.16,    0.00, 0
29, 8902, 1, 29, 32.72, 18.17, 71.78,  131.28, 5000.00,    0.01,    2.14,    0.00, 0
29, 8903, 1, 29, 32.55, 18.45, 73.08,  131.18, 5000.00,    0.01,    2.10,    0.00, 0
29, 8904, 1, 29, 32.60, 18.44, 74.04,  131.17, 5000.00,    0.01,    2.07,    0.00, 0
29, 8905, 1, 29, 32.66, 18.43, 74.78,  131.16, 5000.00,    0.01,    2.04,    0.00, 0
29, 8906, 1, 29, 32.70, 18.44, 75.34,  131.11, 5000.00,    0.01,    1.99,    0.00, 0
29, 8907, 1, 29, 32.74, 18.45, 75.74,  131.15, 5000.00,    0.01,    1.98,    0.00, 0
29, 8908, 1, 29, 32.72, 18.43, 75.74,  131.29, 5000.00,    0.01,    2.02,    0.00, 0
29, 8909, 1, 29, 32.60, 18.40, 76.10,  131.27, 5000.00,    0.01,    2.19,    0.00, 0
29, 8910, 1, 29, 32.68, 18.40, 76.27,  131.20, 5000.00,    0.01,    2.15,    0.00, 0
29, 8911, 1, 29, 31.12, 19.45, 55.97,  131.40, 5000.00,    0.01,    2.40,    0.00, 0
29, 8912, 1, 29, 31.12, 19.52, 56.08,  131.41, 5000.00,    0.01,    2.38,    0.00, 0
29, 8913, 1, 29, 31.26, 19.61, 56.05,  131.30, 5000.00,    0.01,    2.24,    0.00, 0
29, 8914, 1, 29, 31.70, 19.10, 56.37,  131.43, 5000.00,    0.01,    2.18,    0.00, 0
29, 8915, 1, 29, 31.73, 19.02, 56.78,  131.41, 5000.00,    0.01,    2.19,    0.00, 0
29, 8916, 1, 29, 31.88, 18.85, 57.29,  131.33, 5000.00,    0.01,    2.20,    0.00, 0
29, 8917, 1, 29, 32.11, 18.87, 58.12,  131.34, 5000.00,    0.01,    2.21,    0.00, 0
29, 8918, 1, 29, 32.20, 18.80, 59.19,  131.32, 5000.00,    0.01,    2.23,    0.00, 0
29, 8919, 1, 29, 32.27, 18.73, 60.68,  131.28, 5000.00,    0.01,    2.21,    0.00, 0
29, 8920, 1, 29, 32.41, 18.66, 62.60,  131.25, 5000.00,    0.01,    2.22,    0.00, 0
29, 8921, 1, 29, 33.13, 21.50, 64.85,  132.88, 5000.00,    0.03,    1.00,    0.00, 0
29, 8922, 1, 29, 32.41, 18.50, 67.49,  131.18, 5000.00,    0.01,    2.19,    0.00, 0
29, 8923, 1, 29, 32.35, 18.56, 70.02,  131.21, 5000.00,    0.01,    2.23,    0.00, 0
29, 8924, 1, 29, 32.39, 18.58, 71.82,  131.20, 5000.00,    0.01,    2.20,    0.00, 0
29, 8925, 1, 29, 31.97, 19.15, 73.19,  131.26, 5000.00,    0.01,    2.24,    0.00, 0
29, 8926, 1, 29, 32.01, 19.24, 74.13,  131.28, 5000.00,    0.01,    2.20,    0.00, 0
29, 8927, 1, 29, 32.05, 19.33, 74.81,  131.32, 5000.00,    0.01,    2.16,    0.00, 0
29, 8928, 1, 29, 32.05, 19.52, 75.36,  131.39, 5000.00,    0.01,    2.11,    0.00, 0
29, 8929, 1, 29, 33.16, 22.25, 74.50,  133.36, 5000.00,    0.04,    0.67,    0.00, 0
29, 8930, 1, 29, 32.08, 19.49, 75.75,  131.58, 5000.00,    0.01,    2.16,    0.00, 0
29, 8931, 1, 29, 32.06, 19.11, 76.07,  131.36, 5000.00,    0.01,    2.31,    0.00, 0
29, 8932, 1, 29, 32.01, 19.91, 76.35,  131.51, 5000.00,    0.01,    2.12,    0.00, 0
29, 8933, 1, 29, 30.43, 20.55, 56.29,  131.45, 5000.00,    0.01,    2.37,    0.00, 0
29, 8934, 1, 29, 30.55, 20.80, 56.35,  131.46, 5000.00,    0.01,    2.35,    0.00, 0
29, 8935, 1, 29, 30.58, 20.82, 56.40,  131.44, 5000.00,    0.01,    2.32,    0.00, 0
29, 8936, 1, 29, 31.03, 20.16, 56.69,  131.47, 5000.00,    0.01,    2.21,    0.00, 0
29, 8937, 1, 29, 31.24, 20.20, 57.11,  131.47, 5000.00,    0.01,    2.22,    0.00, 0
29, 8938, 1, 29, 31.33, 20.05, 57.66,  131.43, 5000.00,    0.01,    2.23,    0.00, 0
29, 8939, 1, 29, 31.38, 19.92, 58.41,  131.40, 5000.00,    0.01,    2.26,    0.00, 0
29, 8940, 1, 29, 31.47, 19.80, 59.45,  131.37, 5000.00,    0.01,    2.31,    0.00, 0
29, 8941, 1, 29, 31.46, 19.72, 60.87,  131.34, 5000.00,    0.01,    2.35,    0.00, 0
29, 8942, 1, 29, 31.58, 19.58, 62.75,  131.29, 5000.00,    0.01,    2.41,    0.00, 0
29, 8943, 1, 29, 31.58, 19.58, 64.89,  131.25, 5000.00,    0.01,    2.45,    0.00, 0
29, 8944, 1, 29, 31.53, 19.45, 67.55,  131.23, 5000.00,    0.01,    2.40,    0.00, 0
29, 8945, 1, 29, 31.56, 19.41, 70.18,  131.21, 5000.00,    0.01,    2.39,    0.00, 0
29, 8946, 1, 29, 31.58, 19.58, 72.02,  131.26, 5000.00,    0.01,    2.34,    0.00, 0
29, 8947, 1, 29, 31.31, 20.12, 73.26,  131.31, 5000.00,    0.01,    2.29,    0.00, 0
29, 8948, 1, 29, 31.35, 20.26, 74.15,  131.36, 5000.00,    0.01,    2.23,    0.00, 0
29, 8949, 1, 29, 31.39, 20.36, 74.82,  131.39, 5000.00,    0.01,    2.19,    0.00, 0
29, 8950, 1, 29, 31.35, 20.54, 75.34,  131.46, 5000.00,    0.01,    2.17,    0.00, 0
29, 8951, 1, 29, 31.37, 20.59, 75.71,  131.50, 5000.00,    0.01,    2.16,    0.00, 0
29, 8952, 1, 29, 31.36, 20.55, 75.87,  131.58, 5000.00,    0.01,    2.21,    0.00, 0
29, 8953, 1, 29, 32.91, 22.61, 74.13,  133.84, 5000.00,    0.06,    0.96,    0.00, 0
29, 8954, 1, 29, 31.40, 20.66, 76.29,  131.54, 5000.00,    0.01,    2.20,    0.00, 0
29, 8955, 1, 29, 29.56, 22.39, 55.90,  131.53, 5000.00,    0.01,    2.24,    0.00, 0
29, 8956, 1, 29, 29.53, 22.45, 55.99,  131.51, 5000.00,    0.01,    2.23,    0.00, 0
29, 8957, 1, 29, 29.57, 22.51, 56.11,  131.51, 5000.00,    0.01,    2.18,    0.00, 0
29, 8958, 1, 29, 30.13, 21.76, 56.15,  131.37, 5000.00,    0.01,    2.20,    0.00, 0
29, 8959, 1, 29, 30.14, 21.74, 56.78,  131.47, 5000.00,    0.01,    2.20,    0.00, 0
29, 8960, 1, 29, 30.22, 21.64, 57.35,  131.45, 5000.00,    0.01,    2.24,    0.00, 0
29, 8961, 1, 29, 30.26, 21.54, 58.05,  131.39, 5000.00,    0.01,    2.31,    0.00, 0
29, 8962, 1, 29, 30.35, 21.42, 59.10,  131.37, 5000.00,    0.01,    2.38,    0.00, 0
29, 8963, 1, 29, 30.33, 21.32, 60.53,  131.35, 5000.00,    0.01,    2.46,    0.00, 0
29, 8964, 1, 29, 30.45, 21.15, 62.46,  131.31, 5000.00,    0.01,    2.54,    0.00, 0
29, 8965, 1, 29, 30.40, 21.19, 64.69,  131.26, 5000.00,    0.01,    2.59,    0.00, 0
29, 8966, 1, 29, 30.39, 20.99, 67.53,  131.23, 5000.00,    0.01,    2.55,    0.00, 0
29, 8967, 1, 29, 30.43, 21.02, 70.16,  131.23, 5000.00,    0.01,    2.54,    0.00, 0
29, 8968, 1, 29, 30.48, 21.20, 71.98,  131.27, 5000.00,    0.01,    2.45,    0.00, 0
29, 8969, 1, 29, 30.27, 21.73, 73.23,  131.31, 5000.00,    0.01,    2.33,    0.00, 0
29, 8970, 1, 29, 30.35, 21.87, 74.11,  131.35, 5000.00,    0.01,    2.25,    0.00, 0
29, 8971, 1, 29, 30.41, 21.98, 74.77,  131.39, 5000.00,    0.01,    2.17,    0.00, 0
29, 8972, 1, 29, 30.41, 22.16, 75.25,  131.45, 5000.00,    0.01,    2.10,    0.00, 0
29, 8973, 1, 29, 30.45, 22.20, 75.59,  131.49, 5000.00,    0.01,    2.07,    0.00, 0
29, 8974, 1, 29, 30.43, 22.17, 75.75,  131.62, 5000.00,    0.01,    2.13,    0.00, 0
29, 8975, 1, 29, 30.37, 21.93, 76.08,  131.52, 5000.00,    0.01,    2.32,    0.00, 0
29, 8976, 1, 29, 30.29, 21.72, 76.07,  131.54, 5000.00,    0.01,    2.49,    0.00, 0
29, 8977, 1, 29, 27.43, 25.01, 55.94,  131.46, 5000.00,    0.01,    2.28,    0.00, 0
29, 8978, 1, 29, 27.45, 25.16, 55.99,  131.44, 5000.00,    0.01,    2.18,    0.00, 0
29, 8979, 1, 29, 27.50, 25.20, 56.08,  131.43, 5000.00,    0.01,    2.13,    0.00, 0
29, 8980, 1, 29, 28.20, 24.40, 56.14,  131.23, 5000.00,    0.01,    2.21,    0.00, 0
29, 8981, 1, 29, 28.01, 24.52, 56.81,  131.37, 5000.00,    0.01,    2.24,    0.00, 0
29, 8982, 1, 29, 28.09, 24.44, 57.39,  131.37, 5000.00,    0.01,    2.28,    0.00, 0
29, 8983, 1, 29, 27.97, 24.27, 58.10,  131.34, 5000.00,    0.01,    2.32,    0.00, 0
29, 8984, 1, 29, 28.08, 24.12, 59.14,  131.33, 5000.00,    0.01,    2.41,    0.00, 0
29, 8985, 1, 29, 28.05, 24.01, 60.54,  131.30, 5000.00,    0.01,    2.50,    0.00, 0
29, 8986, 1, 29, 28.19, 23.80, 62.46,  131.26, 5000.00,    0.01,    2.60,    0.00, 0
29, 8987, 1, 29, 28.04, 23.90, 64.68,  131.20, 5000.00,    0.01,    2.70,    0.00, 0
29, 8988, 1, 29, 28.07, 23.69, 67.54,  131.17, 5000.00,    0.01,    2.64,    0.00, 0
29, 8989, 1, 29, 28.22, 23.71, 70.17,  131.16, 5000.00,    0.01,    2.58,    0.00, 0
29, 8990, 1, 29, 28.28, 23.95, 71.94,  131.22, 5000.00,    0.01,    2.43,    0.00, 0
29, 8991, 1, 29, 28.10, 24.40, 73.14,  131.27, 5000.00,    0.01,    2.28,    0.00, 0
29, 8992, 1, 29, 28.19, 24.54, 73.98,  131.33, 5000.00,    0.01,    2.18,    0.00, 0
29, 8993, 1, 29, 28.26, 24.62, 74.63,  131.37, 5000.00,    0.01,    2.10,    0.00, 0
29, 8994, 1, 29, 28.20, 24.78, 75.10,  131.44, 5000.00,    0.01,    2.07,    0.00, 0
29, 8995, 1, 29, 28.24, 24.79, 75.46,  131.48, 5000.00,    0.01,    2.07,    0.00, 0
29, 8996, 1, 29,  2.33, 35.36, 74.28,  128.28, 5000.00,    0.50,    1.20,    0.00, 0
29, 8997, 1, 29, 28.18, 24.63, 75.95,  131.54, 5000.00,    0.01,    2.26,    0.00, 0
29, 8998, 1, 29, 28.14, 24.57, 76.08,  131.55, 5000.00,    0.01,    2.33,    0.00, 0
29, 8999, 1, 29, 24.10, 28.49, 55.68,  131.38, 5000.00,    0.01,    2.20,    0.00, 0
29, 9000, 1, 29, 24.08, 28.52, 55.77,  131.37, 5000.00,    0.01,    2.19,    0.00, 0
29, 9001, 1, 29, 24.08, 28.51, 55.92,  131.37, 5000.00,    0.01,    2.20,    0.00, 0
29, 9002, 1, 29, 24.57, 28.25, 55.96,  131.16, 5000.00,    0.01,    2.16,    0.00, 0
29, 9003, 1, 29, 24.32, 28.21, 56.63,  131.29, 5000.00,    0.01,    2.27,    0.00, 0
29, 9004, 1, 29, 24.37, 28.17, 57.24,  131.30, 5000.00,    0.01,    2.32,    0.00, 0
29, 9005, 1, 29, 24.21, 28.02, 57.92,  131.23, 5000.00,    0.01,    2.38,    0.00, 0
29, 9006, 1, 29, 24.29, 27.93, 58.99,  131.23, 5000.00,    0.01,    2.47,    0.00, 0
29, 9007, 1, 29, 24.24, 27.82, 60.39,  131.17, 5000.00,    0.01,    2.59,    0.00, 0
29, 9008, 1, 29, 24.45, 27.62, 62.41,  131.14, 5000.00,    0.01,    2.71,    0.00, 0
29, 9009, 1, 29, 23.91, 27.48, 64.49,  130.86, 5000.00,    0.01,    2.92,    0.00, 0
29, 9010, 1, 29, 24.02, 27.33, 67.46,  130.85, 5000.00,    0.01,    3.02,    0.00, 0
29, 9011, 1, 29, 24.59, 27.45, 70.10,  130.99, 5000.00,    0.01,    2.65,    0.00, 0
29, 9012, 1, 29, 24.77, 27.69, 71.84,  131.07, 5000.00,    0.01,    2.45,    0.00, 0
29, 9013, 1, 29, 24.83, 27.92, 73.05,  131.13, 5000.00,    0.01,    2.27,    0.00, 0
29, 9014, 1, 29, 24.97, 28.03, 73.91,  131.18, 5000.00,    0.01,    2.16,    0.00, 0
29, 9015, 1, 29, 25.06, 28.10, 74.57,  131.23, 5000.00,    0.01,    2.10,    0.00, 0
29, 9016, 1, 29, 24.99, 28.22, 75.11,  131.25, 5000.00,    0.01,    2.09,    0.00, 0
29, 9017, 1, 29, 25.06, 28.24, 75.46,  131.30, 5000.00,    0.01,    2.06,    0.00, 0
29, 9018, 1, 29, 24.96, 28.20, 75.74,  131.35, 5000.00,    0.01,    2.15,    0.00, 0
29, 9019, 1, 29, 24.96, 28.03, 75.92,  131.41, 5000.00,    0.01,    2.32,    0.00, 0
29, 9020, 1, 29, 24.87, 27.98, 76.07,  131.42, 5000.00,    0.01,    2.41,    0.00, 0
29, 9021, 1, 29, 17.04, 33.06, 56.01,  131.68, 5000.00,    0.01,    2.55,    0.00, 0
29, 9022, 1, 29, 17.10, 33.24, 56.01,  131.62, 5000.00,    0.01,    2.37,    0.00, 0
29, 9023, 1, 29, 17.18, 33.37, 56.08,  131.57, 5000.00,    0.01,    2.25,    0.00, 0
29, 9024, 1, 29, 17.36, 33.19, 56.29,  131.25, 5000.00,    0.01,    2.25,    0.00, 0
29, 9025, 1, 29, 17.39, 33.15, 56.71,  131.23, 5000.00,    0.01,    2.30,    0.00, 0
29, 9026, 1, 29, 17.35, 32.96, 57.27,  131.22, 5000.00,    0.01,    2.33,    0.00, 0
29, 9027, 1, 29, 17.14, 33.03, 58.08,  131.22, 5000.00,    0.01,    2.42,    0.00, 0
29, 9028, 1, 29, 17.35, 32.88, 59.07,  131.20, 5000.00,    0.01,    2.51,    0.00, 0
29, 9029, 1, 29, 17.35, 32.76, 60.48,  131.15, 5000.00,    0.01,    2.65,    0.00, 0
29, 9030, 1, 29, 17.45, 32.48, 62.31,  131.04, 5000.00,    0.01,    2.76,    0.00, 0
29, 9031, 1, 29, 16.85, 32.54, 64.59,  130.93, 5000.00,    0.01,    2.92,    0.00, 0
29, 9032, 1, 29, 17.39, 32.52, 67.51,  130.93, 5000.00,    0.01,    2.83,    0.00, 0
29, 9033, 1, 29, 17.11, 32.77, 70.07,  130.99, 5000.00,    0.01,    2.66,    0.00, 0
29, 9034, 1, 29, 17.30, 32.91, 71.90,  130.99, 5000.00,    0.01,    2.54,    0.00, 0
29, 9035, 1, 29, 17.39, 33.05, 73.06,  131.11, 5000.00,    0.01,    2.26,    0.00, 0
29, 9036, 1, 29, 17.47, 33.20, 73.92,  131.16, 5000.00,    0.01,    2.15,    0.00, 0
29, 9037, 1, 29, 17.50, 33.33, 74.58,  131.21, 5000.00,    0.01,    2.07,    0.00, 0
29, 9038, 1, 29, 17.42, 33.47, 75.07,  131.26, 5000.00,    0.01,    2.03,    0.00, 0
29, 9039, 1, 29, 17.31, 33.55, 75.49,  131.25, 5000.00,    0.01,    2.03,    0.00, 0
29, 9040, 1, 29, 17.25, 33.45, 75.75,  131.34, 5000.00,    0.01,    2.15,    0.00, 0
29, 9041, 1, 29, 17.14, 33.22, 75.90,  131.44, 5000.00,    0.01,    2.43,    0.00, 0
29, 9042, 1, 29, 17.12, 33.07, 76.05,  131.49, 5000.00,    0.01,    2.60,    0.00, 0
29, 9043, 1, 29, 11.27, 34.36, 55.75,  131.65, 5000.00,    0.01,    2.16,    0.00, 0
29, 9044, 1, 29, 11.57, 34.37, 55.74,  131.57, 5000.00,    0.01,    2.05,    0.00, 0
29, 9045, 1, 29, 11.75, 34.34, 55.80,  131.51, 5000.00,    0.01,    2.02,    0.00, 0
29, 9046, 1, 29, 12.02, 34.29, 56.04,  131.45, 5000.00,    0.01,    2.00,    0.00, 0
29, 9047, 1, 29, 11.85, 34.20, 56.39,  131.35, 5000.00,    0.01,    2.14,    0.00, 0
29, 9048, 1, 29, 11.99, 34.32, 57.00,  131.35, 5000.00,    0.01,    2.25,    0.00, 0
29, 9049, 1, 29, 11.61, 34.42, 57.75,  131.33, 5000.00,    0.01,    2.36,    0.00, 0
29, 9050, 1, 29, 11.91, 34.32, 58.83,  131.32, 5000.00,    0.01,    2.44,    0.00, 0
29, 9051, 1, 29, 11.86, 34.46, 60.23,  131.26, 5000.00,    0.01,    2.51,    0.00, 0
29, 9052, 1, 29, 12.21, 34.57, 62.14,  131.16, 5000.00,    0.01,    2.66,    0.00, 0
29, 9053, 1, 29, 11.34, 35.03, 64.46,  131.14, 5000.00,    0.01,    2.77,    0.00, 0
29, 9054, 1, 29, 11.52, 35.14, 67.48,  131.10, 5000.00,    0.01,    2.73,    0.00, 0
29, 9055, 1, 29, 11.63, 35.13, 70.01,  131.14, 5000.00,    0.01,    2.57,    0.00, 0
29, 9056, 1, 29, 11.69, 35.28, 71.80,  131.19, 5000.00,    0.01,    2.39,    0.00, 0
29, 9057, 1, 29, 12.20, 35.35, 73.00,  131.25, 5000.00,    0.01,    2.27,    0.00, 0
29, 9058, 1, 29, 12.24, 35.34, 73.88,  131.30, 5000.00,    0.01,    2.17,    0.00, 0
29, 9059, 1, 29, 12.30, 35.44, 74.53,  131.34, 5000.00,    0.01,    2.13,    0.00, 0
29, 9060, 1, 29, 11.95, 35.66, 75.04,  131.39, 5000.00,    0.01,    2.11,    0.00, 0
29, 9061, 1, 29, 12.00, 35.68, 75.43,  131.41, 5000.00,    0.01,    2.11,    0.00, 0
29, 9062, 1, 29, 11.97, 35.64, 75.72,  131.47, 5000.00,    0.01,    2.15,    0.00, 0
29, 9063, 1, 29, 11.77, 35.49, 75.90,  131.52, 5000.00,    0.01,    2.41,    0.00, 0
29, 9064, 1, 29, 11.66, 35.39, 76.05,  131.55, 5000.00,    0.01,    2.56,    0.00, 0
29, 9065, 1, 29,  7.56, 34.39, 56.13,  131.61, 5000.00,    0.01,    1.99,    0.00, 0
29, 9066, 1, 29,  7.54, 34.40, 56.18,  131.57, 5000.00,    0.01,    1.99,    0.00, 0
29, 9067, 1, 29,  7.56, 34.38, 56.27,  131.52, 5000.00,    0.01,    1.99,    0.00, 0
29, 9068, 1, 29,  7.61, 34.33, 56.58,  131.49, 5000.00,    0.01,    2.06,    0.00, 0
29, 9069, 1, 29,  7.50, 34.36, 56.99,  131.45, 5000.00,    0.01,    2.09,    0.00, 0
29, 9070, 1, 29,  7.49, 34.38, 57.52,  131.40, 5000.00,    0.01,    2.15,    0.00, 0
29, 9071, 1, 29,  6.92, 34.47, 58.24,  131.38, 5000.00,    0.01,    2.27,    0.00, 0
29, 9072, 1, 29,  7.39, 34.61, 59.27,  131.36, 5000.00,    0.01,    2.38,    0.00, 0
29, 9073, 1, 29,  7.35, 34.73, 60.68,  131.32, 5000.00,    0.01,    2.41,    0.00, 0
29, 9074, 1, 29,  7.78, 34.77, 62.49,  131.22, 5000.00,    0.01,    2.44,    0.00, 0
29, 9075, 1, 29,  6.54, 35.30, 64.78,  131.19, 5000.00,    0.01,    2.55,    0.00, 0
29, 9076, 1, 29,  7.11, 35.73, 67.61,  131.15, 5000.00,    0.01,    2.49,    0.00, 0
29, 9077, 1, 29,  7.40, 36.26, 70.15,  131.20, 5000.00,    0.01,    2.50,    0.00, 0
29, 9078, 1, 29,  7.43, 36.44, 71.90,  131.27, 5000.00,    0.01,    2.38,    0.00, 0
29, 9079, 1, 29,  8.00, 36.42, 73.11,  131.33, 5000.00,    0.01,    2.24,    0.00, 0
29, 9080, 1, 29,  8.09, 36.61, 73.96,  131.39, 5000.00,    0.01,    2.18,    0.00, 0
29, 9081, 1, 29,  8.11, 36.58, 74.61,  131.44, 5000.00,    0.01,    2.10,    0.00, 0
29, 9082, 1, 29,  7.68, 36.79, 75.10,  131.51, 5000.00,    0.01,    2.09,    0.00, 0
29, 9083, 1, 29,  7.74, 36.84, 75.48,  131.53, 5000.00,    0.01,    2.08,    0.00, 0
29, 9084, 1, 29,  7.70, 36.82, 75.73,  131.58, 5000.00,    0.01,    2.13,    0.00, 0
29, 9085, 1, 29,  7.48, 36.65, 75.94,  131.60, 5000.00,    0.01,    2.38,    0.00, 0
29, 9086, 1, 29,  7.39, 36.57, 76.05,  131.59, 5000.00,    0.01,    2.50,    0.00, 0
29, 9087, 1, 29,  4.67, 34.28, 56.68,  131.53, 5000.00,    0.01,    2.20,    0.00, 0
29, 9088, 1, 29,  4.68, 34.32, 56.78,  131.53, 5000.00,    0.01,    2.17,    0.00, 0
29, 9089, 1, 29,  4.66, 34.35, 56.90,  131.52, 5000.00,    0.01,    2.16,    0.00, 0
29, 9090, 1, 29,  4.68, 34.41, 57.17,  131.49, 5000.00,    0.01,    2.14,    0.00, 0
29, 9091, 1, 29,  4.56, 34.41, 57.60,  131.46, 5000.00,    0.01,    2.20,    0.00, 0
29, 9092, 1, 29,  4.54, 34.42, 58.10,  131.40, 5000.00,    0.01,    2.25,    0.00, 0
29, 9093, 1, 29,  3.89, 34.59, 58.87,  131.39, 5000.00,    0.01,    2.28,    0.00, 0
29, 9094, 1, 29,  4.32, 34.64, 59.86,  131.36, 5000.00,    0.01,    2.34,    0.00, 0
29, 9095, 1, 29,  4.28, 34.80, 61.21,  131.31, 5000.00,    0.01,    2.35,    0.00, 0
29, 9096, 1, 29,  4.77, 34.93, 62.97,  131.21, 5000.00,    0.01,    2.37,    0.00, 0
29, 9097, 1, 29,  3.42, 35.48, 65.12,  131.18, 5000.00,    0.01,    2.40,    0.00, 0
29, 9098, 1, 29,  4.08, 35.92, 67.92,  131.10, 5000.00,    0.01,    2.44,    0.00, 0
29, 9099, 1, 29,  4.20, 36.39, 70.39,  131.21, 5000.00,    0.01,    2.38,    0.00, 0
29, 9100, 1, 29,  4.27, 36.69, 72.08,  131.28, 5000.00,    0.01,    2.34,    0.00, 0
29, 9101, 1, 29,  4.97, 36.83, 73.30,  131.35, 5000.00,    0.01,    2.23,    0.00, 0
29, 9102, 1, 29,  5.07, 37.02, 74.13,  131.44, 5000.00,    0.01,    2.17,    0.00, 0
29, 9103, 1, 29,  5.14, 36.98, 74.78,  131.51, 5000.00,    0.01,    2.13,    0.00, 0
29, 9104, 1, 29,  4.70, 37.07, 75.14,  131.64, 5000.00,    0.01,    2.17,    0.00, 0
29, 9105, 1, 29,  4.76, 37.15, 75.63,  131.64, 5000.00,    0.01,    2.17,    0.00, 0
29, 9106, 1, 29,  4.73, 37.14, 75.92,  131.68, 5000.00,    0.01,    2.20,    0.00, 0
29, 9107, 1, 29,  4.61, 37.14, 76.10,  131.64, 5000.00,    0.01,    2.27,    0.00, 0
29, 9108, 1, 29,  4.84, 37.29, 76.34,  131.59, 5000.00,    0.01,    2.14,    0.00, 0
29, 9109, 1, 29,  2.71, 34.18, 56.97,  131.47, 5000.00,    0.01,    2.21,    0.00, 0
29, 9110, 1, 29,  2.71, 34.22, 57.10,  131.49, 5000.00,    0.01,    2.18,    0.00, 0
29, 9111, 1, 29,  2.95, 34.23, 57.25,  131.54, 5000.00,    0.01,    2.17,    0.00, 0
29, 9112, 1, 29,  2.99, 34.27, 57.35,  131.47, 5000.00,    0.01,    2.16,    0.00, 0
29, 9113, 1, 29,  2.90, 34.32, 57.75,  131.44, 5000.00,    0.01,    2.19,    0.00, 0
29, 9114, 1, 29,  2.90, 34.38, 58.33,  131.42, 5000.00,    0.01,    2.17,    0.00, 0
29, 9115, 1, 29,  2.29, 34.60, 59.15,  131.46, 5000.00,    0.01,    2.15,    0.00, 0
29, 9116, 1, 29,  2.71, 34.76, 60.08,  131.38, 5000.00,    0.01,    2.30,    0.00, 0
29, 9117, 1, 29,  2.64, 35.02, 61.44,  131.35, 5000.00,    0.01,    2.28,    0.00, 0
29, 9118, 1, 29,  3.21, 35.13, 63.16,  131.24, 5000.00,    0.01,    2.32,    0.00, 0
29, 9119, 1, 29,  1.92, 35.87, 65.18,  131.30, 5000.00,    0.01,    2.13,    0.00, 0
29, 9120, 1, 29,  2.43, 36.01, 67.91,  131.18, 5000.00,    0.01,    2.34,    0.00, 0
29, 9121, 1, 29,  2.43, 36.45, 70.41,  131.19, 5000.00,    0.01,    2.26,    0.00, 0
29, 9122, 1, 29,  2.42, 36.73, 72.09,  131.22, 5000.00,    0.01,    2.27,    0.00, 0
29, 9123, 1, 29,  3.22, 36.84, 73.36,  131.30, 5000.00,    0.01,    2.20,    0.00, 0
29, 9124, 1, 29,  3.29, 37.00, 74.25,  131.36, 5000.00,    0.01,    2.14,    0.00, 0
29, 9125, 1, 29,  3.47, 37.30, 74.77,  131.51, 5000.00,    0.01,    2.14,    0.00, 0
29, 9126, 1, 29,  2.23, 37.31, 75.09,  131.40, 5000.00,    0.01,    2.08,    0.00, 0
29, 9127, 1, 29,  2.01, 37.44, 75.71,  131.24, 5000.00,    0.01,    2.02,    0.00, 0
29, 9128, 1, 29,  2.72, 37.36, 75.81,  131.65, 5000.00,    0.01,    2.16,    0.00, 0
29, 9129, 1, 29,  2.68, 37.37, 76.03,  131.61, 5000.00,    0.01,    2.20,    0.00, 0
29, 9130, 1, 29,  2.69, 37.40, 76.13,  131.62, 5000.00,    0.01,    2.19,    0.00, 0
29, 9131, 1, 29,  2.26, 34.30, 56.93,  131.51, 5000.00,    0.01,    2.18,    0.00, 0
29, 9132, 1, 29,  2.26, 34.16, 56.99,  131.50, 5000.00,    0.01,    2.18,    0.00, 0
29, 9133, 1, 29,  2.24, 34.21, 57.18,  131.51, 5000.00,    0.01,    2.15,    0.00, 0
29, 9134, 1, 29,  2.22, 34.25, 57.31,  131.44, 5000.00,    0.01,    2.14,    0.00, 0
29, 9135, 1, 29,  2.17, 34.29, 57.73,  131.43, 5000.00,    0.01,    2.17,    0.00, 0
29, 9136, 1, 29,  2.25, 34.46, 58.44,  131.50, 5000.00,    0.01,    2.09,    0.00, 0
29, 9137, 1, 29,  1.79, 34.64, 58.97,  131.49, 5000.00,    0.01,    2.27,    0.00, 0
29, 9138, 1, 29,  2.12, 34.78, 60.11,  131.45, 5000.00,    0.01,    2.25,    0.00, 0
29, 9139, 1, 29,  2.24, 35.08, 61.35,  131.50, 5000.00,    0.01,    2.21,    0.00, 0
29, 9140, 1, 29,  2.53, 35.26, 63.20,  131.29, 5000.00,    0.01,    2.21,    0.00, 0
29, 9141, 1, 29,  1.50, 35.74, 65.03,  131.44, 5000.00,    0.01,    2.26,    0.00, 0
29, 9142, 1, 29,  2.20, 36.02, 67.90,  131.42, 5000.00,    0.01,    2.34,    0.00, 0
29, 9143, 1, 29,  2.00, 36.54, 70.38,  131.36, 5000.00,    0.01,    2.21,    0.00, 0
29, 9144, 1, 29,  2.11, 36.71, 72.08,  131.41, 5000.00,    0.01,    2.34,    0.00, 0
29, 9145, 1, 29,  2.38, 36.90, 73.29,  131.28, 5000.00,    0.01,    2.23,    0.00, 0
29, 9146, 1, 29,  2.36, 37.06, 74.26,  131.27, 5000.00,    0.01,    2.14,    0.00, 0
29, 9147, 1, 29,  2.34, 37.19, 74.88,  131.33, 5000.00,    0.01,    2.11,    0.00, 0
29, 9148, 1, 29,  2.08, 37.31, 75.38,  131.51, 5000.00,    0.01,    2.16,    0.00, 0
29, 9149, 1, 29,  1.86, 37.43, 75.81,  131.41, 5000.00,    0.01,    2.09,    0.00, 0
29, 9150, 1, 29,  1.86, 37.41, 75.82,  131.57, 5000.00,    0.01,    2.13,    0.00, 0
29, 9151, 1, 29,  1.85, 37.41, 76.07,  131.54, 5000.00,    0.01,    2.17,    0.00, 0
29, 9152, 1, 29,  1.85, 37.43, 76.13,  131.56, 5000.00,    0.01,    2.18,    0.00, 0
29, 9153, 1, 29, 32.41, 19.75, 55.94,  131.54, 5000.00,    0.01,    2.15,    0.00, 0
29, 9154, 1, 29, 32.31, 19.91, 56.02,  131.56, 5000.00,    0.01,    2.15,    0.00, 0
29, 9155, 1, 29, 32.38, 20.07, 56.01,  131.52, 5000.00,    0.01,    2.06,    0.00, 0
29, 9156, 1, 29, 33.06, 19.12, 56.43,  131.46, 5000.00,    0.01,    1.94,    0.00, 0
29, 9157, 1, 29, 33.14, 19.00, 56.93,  131.44, 5000.00,    0.01,    1.95,    0.00, 0
29, 9158, 1, 29, 33.26, 18.68, 57.45,  131.63, 5000.00,    0.01,    2.09,    0.00, 0
29, 9159, 1, 29, 33.55, 18.78, 58.20,  131.73, 5000.00,    0.01,    2.00,    0.00, 0
29, 9160, 1, 29, 33.55, 19.01, 59.49,  131.57, 5000.00,    0.01,    1.93,    0.00, 0
29, 9161, 1, 29, 34.36, 20.36, 60.87,  132.32, 5000.00,    0.02,    0.83,    0.00, 0
29, 9162, 1, 29, 33.64, 18.97, 62.79,  131.58, 5000.00,    0.01,    2.03,    0.00, 0
29, 9163, 1, 29, 33.52, 18.85, 64.78,  131.54, 5000.00,    0.01,    2.12,    0.00, 0
29, 9164, 1, 29, 33.59, 18.81, 67.51,  131.54, 5000.00,    0.01,    2.10,    0.00, 0
29, 9165, 1, 29, 33.63, 18.78, 69.92,  131.53, 5000.00,    0.01,    2.06,    0.00, 0
29, 9166, 1, 29, 33.68, 18.78, 71.61,  131.49, 5000.00,    0.01,    1.99,    0.00, 0
29, 9167, 1, 29, 33.55, 18.83, 72.91,  131.56, 5000.00,    0.01,    2.05,    0.00, 0
29, 9168, 1, 29, 33.56, 18.86, 73.97,  131.54, 5000.00,    0.01,    2.02,    0.00, 0
29, 9169, 1, 29, 34.06, 20.28, 74.65,  132.02, 5000.00,    0.01,    1.10,    0.00, 0
29, 9170, 1, 29, 34.35, 20.42, 75.17,  131.91, 5000.00,    0.01,    0.70,    0.00, 0
29, 9171, 1, 29, 34.37, 20.42, 75.62,  131.89, 5000.00,    0.01,    0.69,    0.00, 0
29, 9172, 1, 29, 33.68, 18.88, 76.08,  131.39, 5000.00,    0.01,    1.85,    0.00, 0
29, 9173, 1, 29, 33.50, 19.01, 76.08,  131.30, 5000.00,    0.01,    1.94,    0.00, 0
29, 9174, 1, 29, 33.48, 18.90, 76.08,  131.34, 5000.00,    0.01,    2.00,    0.00, 0
29, 9175, 1, 29, 32.12, 20.20, 55.99,  131.62, 5000.00,    0.01,    2.17,    0.00, 0
29, 9176, 1, 29, 32.20, 20.43, 55.98,  131.58, 5000.00,    0.01,    2.03,    0.00, 0
29, 9177, 1, 29, 32.28, 20.61, 55.97,  131.55, 5000.00,    0.01,    1.91,    0.00, 0
29, 9178, 1, 29, 32.74, 19.52, 56.44,  131.52, 5000.00,    0.01,    2.01,    0.00, 0
29, 9179, 1, 29, 32.80, 19.39, 56.90,  131.49, 5000.00,    0.01,    2.06,    0.00, 0
29, 9180, 1, 29, 33.51, 18.87, 57.67,  131.50, 5000.00,    0.01,    1.86,    0.00, 0
29, 9181, 1, 29, 33.58, 18.86, 58.41,  131.54, 5000.00,    0.01,    1.89,    0.00, 0
29, 9182, 1, 29, 33.26, 19.25, 59.45,  131.50, 5000.00,    0.01,    2.06,    0.00, 0
29, 9183, 1, 29, 33.26, 19.21, 60.88,  131.46, 5000.00,    0.01,    2.12,    0.00, 0
29, 9184, 1, 29, 33.41, 19.12, 62.77,  131.43, 5000.00,    0.01,    2.13,    0.00, 0
29, 9185, 1, 29, 33.48, 19.08, 64.76,  131.37, 5000.00,    0.01,    2.14,    0.00, 0
29, 9186, 1, 29, 33.46, 18.93, 67.49,  131.34, 5000.00,    0.01,    2.13,    0.00, 0
29, 9187, 1, 29, 33.52, 18.92, 69.92,  131.34, 5000.00,    0.01,    2.09,    0.00, 0
29, 9188, 1, 29, 33.56, 18.91, 71.61,  131.28, 5000.00,    0.01,    2.00,    0.00, 0
29, 9189, 1, 29, 33.51, 18.93, 72.94,  131.34, 5000.00,    0.01,    2.02,    0.00, 0
29, 9190, 1, 29, 33.53, 18.94, 73.94,  131.29, 5000.00,    0.01,    1.97,    0.00, 0
29, 9191, 1, 29, 33.17, 19.67, 74.77,  131.37, 5000.00,    0.01,    1.97,    0.00, 0
29, 9192, 1, 29, 33.20, 19.88, 75.35,  131.43, 5000.00,    0.01,    1.87,    0.00, 0
29, 9193, 1, 29, 33.24, 19.91, 75.75,  131.43, 5000.00,    0.01,    1.81,    0.00, 0
29, 9194, 1, 29, 34.39, 20.39, 75.76,  132.12, 5000.00,    0.01,    0.71,    0.00, 0
29, 9195, 1, 29, 33.12, 19.83, 76.08,  131.57, 5000.00,    0.01,    1.97,    0.00, 0
29, 9196, 1, 29, 33.08, 19.45, 76.07,  131.44, 5000.00,    0.01,    2.12,    0.00, 0
29, 9197, 1, 29, 32.93, 21.95, 56.70,  132.84, 5000.00,    0.02,    1.01,    0.00, 0
29, 9198, 1, 29, 32.84, 22.04, 56.69,  132.75, 5000.00,    0.02,    1.00,    0.00, 0
29, 9199, 1, 29, 32.89, 22.06, 56.62,  132.60, 5000.00,    0.02,    0.92,    0.00, 0
29, 9200, 1, 29, 32.44, 20.21, 56.32,  131.55, 5000.00,    0.01,    2.01,    0.00, 0
29, 9201, 1, 29, 32.46, 20.01, 56.80,  131.52, 5000.00,    0.01,    2.09,    0.00, 0
29, 9202, 1, 29, 32.89, 19.28, 57.48,  131.46, 5000.00,    0.01,    2.09,    0.00, 0
29, 9203, 1, 29, 33.19, 19.36, 58.38,  131.50, 5000.00,    0.01,    1.99,    0.00, 0
29, 9204, 1, 29, 32.63, 19.75, 59.27,  131.47, 5000.00,    0.01,    2.32,    0.00, 0
29, 9205, 1, 29, 32.67, 19.79, 60.75,  131.49, 5000.00,    0.01,    2.33,    0.00, 0
29, 9206, 1, 29, 32.77, 19.71, 62.65,  131.48, 5000.00,    0.01,    2.36,    0.00, 0
29, 9207, 1, 29, 32.81, 19.69, 64.73,  131.45, 5000.00,    0.01,    2.40,    0.00, 0
29, 9208, 1, 29, 32.86, 19.54, 67.48,  131.39, 5000.00,    0.01,    2.36,    0.00, 0
29, 9209, 1, 29, 32.93, 19.50, 69.96,  131.38, 5000.00,    0.01,    2.32,    0.00, 0
29, 9210, 1, 29, 32.95, 19.56, 71.70,  131.39, 5000.00,    0.01,    2.24,    0.00, 0
29, 9211, 1, 29, 32.97, 19.48, 73.02,  131.34, 5000.00,    0.01,    2.22,    0.00, 0
29, 9212, 1, 29, 33.01, 19.53, 74.03,  131.33, 5000.00,    0.01,    2.17,    0.00, 0
29, 9213, 1, 29, 32.70, 20.37, 74.79,  131.44, 5000.00,    0.01,    2.04,    0.00, 0
29, 9214, 1, 29, 33.60, 21.61, 74.98,  132.07, 5000.00,    0.01,    0.89,    0.00, 0
29, 9215, 1, 29, 33.59, 21.64, 75.33,  132.12, 5000.00,    0.01,    0.87,    0.00, 0
29, 9216, 1, 29, 33.26, 20.04, 75.84,  131.67, 5000.00,    0.01,    1.77,    0.00, 0
29, 9217, 1, 29, 32.84, 20.58, 76.09,  131.64, 5000.00,    0.01,    1.88,    0.00, 0
29, 9218, 1, 29, 32.82, 20.68, 76.26,  131.65, 5000.00,    0.01,    1.85,    0.00, 0
29, 9219, 1, 29, 31.00, 21.59, 56.31,  131.58, 5000.00,    0.01,    2.36,    0.00, 0
29, 9220, 1, 29, 31.14, 21.79, 56.31,  131.56, 5000.00,    0.01,    2.25,    0.00, 0
29, 9221, 1, 29, 31.16, 21.75, 56.33,  131.47, 5000.00,    0.01,    2.27,    0.00, 0
29, 9222, 1, 29, 31.63, 21.01, 56.65,  131.50, 5000.00,    0.01,    2.22,    0.00, 0
29, 9223, 1, 29, 31.79, 21.01, 57.19,  131.52, 5000.00,    0.01,    2.24,    0.00, 0
29, 9224, 1, 29, 32.25, 20.34, 57.80,  131.50, 5000.00,    0.01,    2.25,    0.00, 0
29, 9225, 1, 29, 32.26, 20.21, 58.55,  131.48, 5000.00,    0.01,    2.35,    0.00, 0
29, 9226, 1, 29, 31.96, 20.62, 59.59,  131.49, 5000.00,    0.01,    2.46,    0.00, 0
29, 9227, 1, 29, 31.94, 20.59, 60.98,  131.48, 5000.00,    0.01,    2.54,    0.00, 0
29, 9228, 1, 29, 31.95, 20.34, 62.83,  131.34, 5000.00,    0.01,    2.66,    0.00, 0
29, 9229, 1, 29, 32.03, 20.49, 64.92,  131.44, 5000.00,    0.01,    2.62,    0.00, 0
29, 9230, 1, 29, 31.94, 20.18, 67.58,  131.24, 5000.00,    0.01,    2.68,    0.00, 0
29, 9231, 1, 29, 32.05, 20.33, 70.15,  131.38, 5000.00,    0.01,    2.57,    0.00, 0
29, 9232, 1, 29, 32.08, 20.42, 71.88,  131.39, 5000.00,    0.01,    2.50,    0.00, 0
29, 9233, 1, 29, 32.18, 20.46, 73.16,  131.38, 5000.00,    0.01,    2.36,    0.00, 0
29, 9234, 1, 29, 32.27, 20.61, 74.09,  131.42, 5000.00,    0.01,    2.24,    0.00, 0
29, 9235, 1, 29, 32.99, 22.52, 74.51,  131.94, 5000.00,    0.01,    0.95,    0.00, 0
29, 9236, 1, 29, 32.17, 21.46, 75.26,  131.49, 5000.00,    0.01,    1.96,    0.00, 0
29, 9237, 1, 29, 32.23, 21.49, 75.64,  131.50, 5000.00,    0.01,    1.89,    0.00, 0
29, 9238, 1, 29, 32.51, 21.05, 75.90,  131.60, 5000.00,    0.01,    1.88,    0.00, 0
29, 9239, 1, 29, 32.15, 21.40, 76.08,  131.58, 5000.00,    0.01,    2.03,    0.00, 0
29, 9240, 1, 29, 32.11, 21.36, 76.09,  131.67, 5000.00,    0.01,    2.07,    0.00, 0
29, 9241, 1, 29, 30.37, 23.46, 55.78,  131.58, 5000.00,    0.01,    1.93,    0.00, 0
29, 9242, 1, 29, 30.30, 23.57, 55.83,  131.52, 5000.00,    0.01,    1.94,    0.00, 0
29, 9243, 1, 29, 30.24, 23.50, 56.03,  131.50, 5000.00,    0.01,    2.02,    0.00, 0
29, 9244, 1, 29, 30.82, 22.88, 56.35,  131.52, 5000.00,    0.01,    1.97,    0.00, 0
29, 9245, 1, 29, 30.81, 22.74, 56.78,  131.50, 5000.00,    0.01,    2.07,    0.00, 0
29, 9246, 1, 29, 31.10, 22.03, 57.38,  131.49, 5000.00,    0.01,    2.28,    0.00, 0
29, 9247, 1, 29, 31.16, 21.83, 58.20,  131.49, 5000.00,    0.01,    2.40,    0.00, 0
29, 9248, 1, 29, 30.84, 22.26, 59.24,  131.50, 5000.00,    0.01,    2.50,    0.00, 0
29, 9249, 1, 29, 30.71, 22.03, 60.65,  131.38, 5000.00,    0.01,    2.69,    0.00, 0
29, 9250, 1, 29, 30.79, 21.88, 62.55,  131.34, 5000.00,    0.01,    2.78,    0.00, 0
29, 9251, 1, 29, 30.76, 21.85, 64.68,  131.28, 5000.00,    0.01,    2.84,    0.00, 0
29, 9252, 1, 29, 30.88, 21.93, 67.48,  131.42, 5000.00,    0.01,    2.71,    0.00, 0
29, 9253, 1, 29, 30.85, 21.74, 70.07,  131.25, 5000.00,    0.01,    2.77,    0.00, 0
29, 9254, 1, 29, 31.01, 22.04, 71.80,  131.42, 5000.00,    0.01,    2.55,    0.00, 0
29, 9255, 1, 29, 31.16, 22.05, 73.08,  131.41, 5000.00,    0.01,    2.43,    0.00, 0
29, 9256, 1, 29, 31.30, 22.20, 73.99,  131.44, 5000.00,    0.01,    2.26,    0.00, 0
29, 9257, 1, 29, 31.13, 22.88, 74.64,  131.48, 5000.00,    0.01,    2.03,    0.00, 0
29, 9258, 1, 29, 31.23, 23.13, 75.15,  131.51, 5000.00,    0.01,    1.81,    0.00, 0
29, 9259, 1, 29, 31.93, 23.80, 75.44,  131.78, 5000.00,    0.01,    1.00,    0.00, 0
29, 9260, 1, 29, 31.63, 22.54, 75.78,  131.60, 5000.00,    0.01,    1.84,    0.00, 0
29, 9261, 1, 29, 31.19, 23.03, 75.98,  131.59, 5000.00,    0.01,    1.89,    0.00, 0
29, 9262, 1, 29, 32.44, 18.53, 75.74,  129.17, 5000.00,    0.12,    2.22,    0.00, 0
29, 9263, 1, 29, 28.14, 26.09, 55.83,  131.46, 5000.00,    0.01,    2.03,    0.00, 0
29, 9264, 1, 29, 28.01, 26.21, 55.98,  131.47, 5000.00,    0.01,    2.04,    0.00, 0
29, 9265, 1, 29, 28.09, 26.21, 56.01,  131.36, 5000.00,    0.01,    1.99,    0.00, 0
29, 9266, 1, 29, 28.53, 25.63, 56.42,  131.45, 5000.00,    0.01,    2.08,    0.00, 0
29, 9267, 1, 29, 28.52, 25.50, 56.88,  131.44, 5000.00,    0.01,    2.20,    0.00, 0
29, 9268, 1, 29, 28.95, 24.97, 57.50,  131.45, 5000.00,    0.01,    2.27,    0.00, 0
29, 9269, 1, 29, 28.92, 24.70, 58.23,  131.43, 5000.00,    0.01,    2.42,    0.00, 0
29, 9270, 1, 29, 28.53, 25.03, 59.30,  131.45, 5000.00,    0.01,    2.55,    0.00, 0
29, 9271, 1, 29, 28.38, 24.80, 60.66,  131.33, 5000.00,    0.01,    2.76,    0.00, 0
29, 9272, 1, 29, 28.43, 24.63, 62.55,  131.28, 5000.00,    0.01,    2.89,    0.00, 0
29, 9273, 1, 29, 28.32, 24.44, 64.66,  131.20, 5000.00,    0.01,    3.11,    0.00, 0
29, 9274, 1, 29, 28.39, 24.29, 67.50,  131.17, 5000.00,    0.01,    3.05,    0.00, 0
29, 9275, 1, 29, 28.50, 24.50, 70.06,  131.17, 5000.00,    0.01,    2.86,    0.00, 0
29, 9276, 1, 29, 28.74, 24.89, 71.73,  131.37, 5000.00,    0.01,    2.55,    0.00, 0
29, 9277, 1, 29, 29.04, 24.92, 72.99,  131.38, 5000.00,    0.01,    2.31,    0.00, 0
29, 9278, 1, 29, 29.22, 25.10, 73.87,  131.41, 5000.00,    0.01,    2.10,    0.00, 0
29, 9279, 1, 29, 29.02, 25.61, 74.54,  131.44, 5000.00,    0.01,    1.91,    0.00, 0
29, 9280, 1, 29, 29.08, 25.76, 75.08,  131.46, 5000.00,    0.01,    1.80,    0.00, 0
29, 9281, 1, 29, 29.16, 25.75, 75.47,  131.48, 5000.00,    0.01,    1.74,    0.00, 0
29, 9282, 1, 29, 29.57, 25.29, 75.76,  131.53, 5000.00,    0.01,    1.74,    0.00, 0
29, 9283, 1, 29, 29.05, 25.60, 75.95,  131.55, 5000.00,    0.01,    1.89,    0.00, 0
29, 9284, 1, 29, 29.01, 25.55, 76.08,  131.58, 5000.00,    0.01,    1.96,    0.00, 0
29, 9285, 1, 29, 24.81, 29.40, 55.65,  131.42, 5000.00,    0.01,    2.11,    0.00, 0
29, 9286, 1, 29, 24.71, 29.49, 55.76,  131.40, 5000.00,    0.01,    2.11,    0.00, 0
29, 9287, 1, 29, 24.72, 29.49, 55.87,  131.35, 5000.00,    0.01,    2.11,    0.00, 0
29, 9288, 1, 29, 25.11, 29.07, 56.05,  131.20, 5000.00,    0.01,    2.21,    0.00, 0
29, 9289, 1, 29, 24.91, 29.11, 56.65,  131.34, 5000.00,    0.01,    2.25,    0.00, 0
29, 9290, 1, 29, 25.16, 28.84, 57.29,  131.35, 5000.00,    0.01,    2.33,    0.00, 0
29, 9291, 1, 29, 25.15, 28.61, 58.04,  131.32, 5000.00,    0.01,    2.45,    0.00, 0
29, 9292, 1, 29, 24.84, 28.77, 59.14,  131.36, 5000.00,    0.01,    2.56,    0.00, 0
29, 9293, 1, 29, 24.50, 28.57, 60.50,  131.19, 5000.00,    0.01,    2.83,    0.00, 0
29, 9294, 1, 29, 24.45, 28.28, 62.38,  131.14, 5000.00,    0.01,    3.12,    0.00, 0
29, 9295, 1, 29, 24.39, 28.09, 64.49,  131.02, 5000.00,    0.01,    3.26,    0.00, 0
29, 9296, 1, 29, 24.59, 28.04, 67.44,  131.02, 5000.00,    0.01,    3.25,    0.00, 0
29, 9297, 1, 29, 24.80, 27.98, 70.09,  130.97, 5000.00,    0.01,    3.10,    0.00, 0
29, 9298, 1, 29, 25.44, 28.54, 71.66,  131.22, 5000.00,    0.01,    2.48,    0.00, 0
29, 9299, 1, 29, 25.67, 28.60, 72.93,  131.21, 5000.00,    0.01,    2.28,    0.00, 0
29, 9300, 1, 29, 25.89, 28.77, 73.82,  131.23, 5000.00,    0.01,    2.05,    0.00, 0
29, 9301, 1, 29, 25.81, 29.08, 74.54,  131.24, 5000.00,    0.01,    1.88,    0.00, 0
29, 9302, 1, 29, 25.83, 29.24, 75.09,  131.27, 5000.00,    0.01,    1.77,    0.00, 0
29, 9303, 1, 29, 25.78, 29.30, 75.49,  131.28, 5000.00,    0.01,    1.73,    0.00, 0
29, 9304, 1, 29, 25.81, 29.27, 75.80,  131.30, 5000.00,    0.01,    1.69,    0.00, 0
29, 9305, 1, 29, 25.78, 29.06, 75.92,  131.41, 5000.00,    0.01,    1.92,    0.00, 0
29, 9306, 1, 29, 25.71, 29.00, 76.05,  131.43, 5000.00,    0.01,    1.99,    0.00, 0
29, 9307, 1, 29, 17.63, 34.33, 55.73,  131.43, 5000.00,    0.01,    2.06,    0.00, 0
29, 9308, 1, 29, 18.19, 35.58, 56.23,  132.11, 5000.00,    0.01,    0.81,    0.00, 0
29, 9309, 1, 29, 18.19, 35.58, 56.24,  131.80, 5000.00,    0.01,    0.73,    0.00, 0
29, 9310, 1, 29, 18.31, 35.53, 56.55,  131.73, 5000.00,    0.01,    0.72,    0.00, 0
29, 9311, 1, 29, 17.68, 34.04, 56.70,  131.38, 5000.00,    0.01,    2.33,    0.00, 0
29, 9312, 1, 29, 17.72, 33.88, 57.35,  131.33, 5000.00,    0.01,    2.37,    0.00, 0
29, 9313, 1, 29, 17.55, 33.84, 58.16,  131.35, 5000.00,    0.01,    2.48,    0.00, 0
29, 9314, 1, 29, 17.55, 33.50, 59.09,  131.17, 5000.00,    0.01,    2.81,    0.00, 0
29, 9315, 1, 29, 17.44, 33.11, 60.33,  131.08, 5000.00,    0.01,    3.17,    0.00, 0
29, 9316, 1, 29, 17.64, 32.99, 62.27,  131.03, 5000.00,    0.01,    3.20,    0.00, 0
29, 9317, 1, 29, 17.05, 33.10, 64.54,  130.98, 5000.00,    0.01,    3.33,    0.00, 0
29, 9318, 1, 29, 17.45, 32.98, 67.48,  130.94, 5000.00,    0.01,    3.31,    0.00, 0
29, 9319, 1, 29, 17.39, 33.24, 70.02,  130.98, 5000.00,    0.01,    3.09,    0.00, 0
29, 9320, 1, 29, 17.51, 33.52, 71.75,  131.02, 5000.00,    0.01,    2.84,    0.00, 0
29, 9321, 1, 29, 17.91, 34.02, 72.93,  131.23, 5000.00,    0.01,    2.20,    0.00, 0
29, 9322, 1, 29, 18.05, 34.23, 73.81,  131.26, 5000.00,    0.01,    1.98,    0.00, 0
29, 9323, 1, 29, 18.08, 34.46, 74.50,  131.29, 5000.00,    0.01,    1.78,    0.00, 0
29, 9324, 1, 29, 18.34, 35.44, 75.20,  131.09, 5000.00,    0.01,    0.65,    0.00, 0
29, 9325, 1, 29, 18.32, 35.48, 75.63,  131.03, 5000.00,    0.01,    0.58,    0.00, 0
29, 9326, 1, 29, 18.46, 35.39, 75.85,  131.31, 5000.00,    0.01,    0.63,    0.00, 0
29, 9327, 1, 29, 17.75, 34.42, 76.00,  131.26, 5000.00,    0.01,    1.91,    0.00, 0
29, 9328, 1, 29, 18.44, 35.41, 75.76,  132.12, 5000.00,    0.01,    0.89,    0.00, 0
29, 9329, 1, 29, 12.19, 35.32, 55.72,  131.65, 5000.00,    0.01,    2.04,    0.00, 0
29, 9330, 1, 29, 11.81, 35.49, 55.73,  131.56, 5000.00,    0.01,    1.97,    0.00, 0
29, 9331, 1, 29, 12.23, 35.53, 55.84,  131.51, 5000.00,    0.01,    1.81,    0.00, 0
29, 9332, 1, 29, 12.30, 35.23, 56.18,  131.50, 5000.00,    0.01,    2.11,    0.00, 0
29, 9333, 1, 29, 12.30, 35.15, 56.62,  131.46, 5000.00,    0.01,    2.23,    0.00, 0
29, 9334, 1, 29, 12.54, 35.14, 57.23,  131.46, 5000.00,    0.01,    2.39,    0.00, 0
29, 9335, 1, 29, 12.60, 35.04, 58.02,  131.48, 5000.00,    0.01,    2.53,    0.00, 0
29, 9336, 1, 29, 12.55, 34.93, 59.03,  131.34, 5000.00,    0.01,    2.74,    0.00, 0
29, 9337, 1, 29, 12.32, 35.13, 60.47,  131.28, 5000.00,    0.01,    2.88,    0.00, 0
29, 9338, 1, 29, 12.12, 35.24, 62.28,  131.18, 5000.00,    0.01,    3.15,    0.00, 0
29, 9339, 1, 29, 11.51, 35.46, 64.50,  131.15, 5000.00,    0.01,    3.29,    0.00, 0
29, 9340, 1, 29, 11.60, 35.70, 67.44,  131.09, 5000.00,    0.01,    3.19,    0.00, 0
29, 9341, 1, 29, 12.02, 36.11, 69.90,  131.27, 5000.00,    0.01,    2.69,    0.00, 0
29, 9342, 1, 29, 12.08, 36.32, 71.67,  131.32, 5000.00,    0.01,    2.45,    0.00, 0
29, 9343, 1, 29, 12.74, 36.41, 72.92,  131.34, 5000.00,    0.01,    2.20,    0.00, 0
29, 9344, 1, 29, 12.75, 36.51, 73.80,  131.37, 5000.00,    0.01,    2.02,    0.00, 0
29, 9345, 1, 29, 12.66, 36.72, 74.47,  131.38, 5000.00,    0.01,    1.91,    0.00, 0
29, 9346, 1, 29, 12.77, 37.56, 75.11,  131.37, 5000.00,    0.01,    1.00,    0.00, 0
29, 9347, 1, 29, 12.84, 37.68, 75.53,  131.32, 5000.00,    0.01,    0.84,    0.00, 0
29, 9348, 1, 29, 12.88, 37.52, 75.82,  131.44, 5000.00,    0.01,    1.00,    0.00, 0
29, 9349, 1, 29, 13.04, 37.61, 75.73,  131.93, 5000.00,    0.01,    0.99,    0.00, 0
29, 9350, 1, 29, 13.16, 37.56, 75.69,  132.19, 5000.00,    0.01,    1.06,    0.00, 0
29, 9351, 1, 29,  8.22, 35.40, 55.92,  131.65, 5000.00,    0.01,    1.94,    0.00, 0
29, 9352, 1, 29,  7.58, 35.46, 55.98,  131.56, 5000.00,    0.01,    2.00,    0.00, 0
29, 9353, 1, 29,  7.63, 35.41, 56.07,  131.51, 5000.00,    0.01,    2.03,    0.00, 0
29, 9354, 1, 29,  7.75, 35.31, 56.43,  131.53, 5000.00,    0.01,    2.16,    0.00, 0
29, 9355, 1, 29,  7.68, 35.26, 56.88,  131.49, 5000.00,    0.01,    2.26,    0.00, 0
29, 9356, 1, 29,  7.77, 35.25, 57.46,  131.47, 5000.00,    0.01,    2.33,    0.00, 0
29, 9357, 1, 29,  7.82, 35.17, 58.23,  131.44, 5000.00,    0.01,    2.46,    0.00, 0
29, 9358, 1, 29,  7.71, 35.28, 59.27,  131.42, 5000.00,    0.01,    2.64,    0.00, 0
29, 9359, 1, 29,  7.90, 35.44, 60.72,  131.39, 5000.00,    0.01,    2.70,    0.00, 0
29, 9360, 1, 29,  7.65, 35.64, 62.53,  131.28, 5000.00,    0.01,    2.77,    0.00, 0
29, 9361, 1, 29,  6.91, 36.03, 64.72,  131.23, 5000.00,    0.01,    2.84,    0.00, 0
29, 9362, 1, 29,  7.63, 36.46, 67.56,  131.16, 5000.00,    0.01,    2.84,    0.00, 0
29, 9363, 1, 29,  7.82, 37.16, 69.93,  131.36, 5000.00,    0.01,    2.66,    0.00, 0
29, 9364, 1, 29,  7.81, 37.36, 71.70,  131.41, 5000.00,    0.01,    2.49,    0.00, 0
29, 9365, 1, 29,  8.43, 37.46, 72.94,  131.45, 5000.00,    0.01,    2.28,    0.00, 0
29, 9366, 1, 29,  8.49, 37.72, 73.82,  131.48, 5000.00,    0.01,    2.10,    0.00, 0
29, 9367, 1, 29,  8.42, 37.81, 74.49,  131.52, 5000.00,    0.01,    1.95,    0.00, 0
29, 9368, 1, 29,  7.89, 38.04, 75.04,  131.55, 5000.00,    0.01,    1.84,    0.00, 0
29, 9369, 1, 29,  7.97, 38.09, 75.44,  131.54, 5000.00,    0.01,    1.79,    0.00, 0
29, 9370, 1, 29,  8.17, 39.06, 75.73,  131.75, 5000.00,    0.01,    0.89,    0.00, 0
29, 9371, 1, 29,  7.99, 39.10, 75.69,  132.12, 5000.00,    0.01,    1.00,    0.00, 0
29, 9372, 1, 29,  7.89, 39.12, 75.69,  132.42, 5000.00,    0.01,    1.12,    0.00, 0
29, 9373, 1, 29,  5.38, 35.33, 56.41,  131.53, 5000.00,    0.01,    2.10,    0.00, 0
29, 9374, 1, 29,  4.79, 35.37, 56.56,  131.55, 5000.00,    0.01,    2.14,    0.00, 0
29, 9375, 1, 29,  4.76, 35.40, 56.68,  131.54, 5000.00,    0.01,    2.15,    0.00, 0
29, 9376, 1, 29,  4.73, 35.39, 57.01,  131.52, 5000.00,    0.01,    2.19,    0.00, 0
29, 9377, 1, 29,  4.65, 35.36, 57.46,  131.50, 5000.00,    0.01,    2.29,    0.00, 0
29, 9378, 1, 29,  4.67, 35.31, 58.03,  131.46, 5000.00,    0.01,    2.41,    0.00, 0
29, 9379, 1, 29,  4.64, 35.41, 58.85,  131.49, 5000.00,    0.01,    2.42,    0.00, 0
29, 9380, 1, 29,  4.50, 35.49, 59.89,  131.48, 5000.00,    0.01,    2.51,    0.00, 0
29, 9381, 1, 29,  4.66, 35.67, 61.28,  131.44, 5000.00,    0.01,    2.55,    0.00, 0
29, 9382, 1, 29,  4.55, 35.89, 62.95,  131.32, 5000.00,    0.01,    2.62,    0.00, 0
29, 9383, 1, 29,  3.65, 36.43, 65.05,  131.32, 5000.00,    0.01,    2.56,    0.00, 0
29, 9384, 1, 29,  4.57, 36.89, 67.79,  131.30, 5000.00,    0.01,    2.60,    0.00, 0
29, 9385, 1, 29,  4.50, 37.35, 70.17,  131.35, 5000.00,    0.01,    2.53,    0.00, 0
29, 9386, 1, 29,  4.54, 37.64, 71.86,  131.42, 5000.00,    0.01,    2.46,    0.00, 0
29, 9387, 1, 29,  5.12, 37.84, 73.15,  131.44, 5000.00,    0.01,    2.34,    0.00, 0
29, 9388, 1, 29,  5.17, 38.12, 74.03,  131.51, 5000.00,    0.01,    2.17,    0.00, 0
29, 9389, 1, 29,  5.19, 38.13, 74.71,  131.55, 5000.00,    0.01,    2.11,    0.00, 0
29, 9390, 1, 29,  4.81, 38.29, 75.23,  131.61, 5000.00,    0.01,    2.05,    0.00, 0
29, 9391, 1, 29,  4.83, 38.37, 75.62,  131.64, 5000.00,    0.01,    2.03,    0.00, 0
29, 9392, 1, 29,  4.86, 38.38, 75.89,  131.72, 5000.00,    0.01,    2.03,    0.00, 0
29, 9393, 1, 29,  4.80, 38.38, 76.08,  131.73, 5000.00,    0.01,    2.08,    0.00, 0
29, 9394, 1, 29,  4.82, 38.43, 76.10,  131.83, 5000.00,    0.01,    2.04,    0.00, 0
29, 9395, 1, 29,  3.64, 35.27, 56.57,  131.65, 5000.00,    0.01,    2.12,    0.00, 0
29, 9396, 1, 29,  3.12, 35.30, 56.64,  131.64, 5000.00,    0.01,    2.12,    0.00, 0
29, 9397, 1, 29,  3.08, 35.30, 56.79,  131.63, 5000.00,    0.01,    2.15,    0.00, 0
29, 9398, 1, 29,  3.04, 35.32, 57.11,  131.60, 5000.00,    0.01,    2.16,    0.00, 0
29, 9399, 1, 29,  2.94, 35.35, 57.49,  131.53, 5000.00,    0.01,    2.20,    0.00, 0
29, 9400, 1, 29,  2.96, 35.29, 58.04,  131.49, 5000.00,    0.01,    2.32,    0.00, 0
29, 9401, 1, 29,  2.85, 35.51, 58.88,  131.51, 5000.00,    0.01,    2.25,    0.00, 0
29, 9402, 1, 29,  2.78, 35.73, 59.94,  131.50, 5000.00,    0.01,    2.33,    0.00, 0
29, 9403, 1, 29,  2.85, 35.90, 61.28,  131.47, 5000.00,    0.01,    2.36,    0.00, 0
29, 9404, 1, 29,  2.88, 36.09, 63.02,  131.34, 5000.00,    0.01,    2.50,    0.00, 0
29, 9405, 1, 29,  1.96, 36.83, 65.00,  131.37, 5000.00,    0.01,    2.21,    0.00, 0
29, 9406, 1, 29,  2.69, 37.03, 67.85,  131.30, 5000.00,    0.01,    2.41,    0.00, 0
29, 9407, 1, 29,  2.67, 37.48, 70.15,  131.32, 5000.00,    0.01,    2.36,    0.00, 0
29, 9408, 1, 29,  2.71, 37.77, 71.85,  131.39, 5000.00,    0.01,    2.31,    0.00, 0
29, 9409, 1, 29,  3.58, 37.88, 73.15,  131.42, 5000.00,    0.01,    2.27,    0.00, 0
29, 9410, 1, 29,  3.55, 38.08, 74.09,  131.45, 5000.00,    0.01,    2.18,    0.00, 0
29, 9411, 1, 29,  3.66, 38.43, 74.73,  131.54, 5000.00,    0.01,    2.05,    0.00, 0
29, 9412, 1, 29,  3.11, 38.45, 75.30,  131.59, 5000.00,    0.01,    2.01,    0.00, 0
29, 9413, 1, 29,  3.19, 38.56, 75.67,  131.66, 5000.00,    0.01,    1.97,    0.00, 0
29, 9414, 1, 29,  3.26, 38.60, 75.91,  131.79, 5000.00,    0.01,    1.97,    0.00, 0
29, 9415, 1, 29,  3.26, 38.65, 76.10,  131.81, 5000.00,    0.01,    1.93,    0.00, 0
29, 9416, 1, 29,  3.28, 38.66, 76.12,  131.93, 5000.00,    0.01,    1.96,    0.00, 0
29, 9417, 1, 29,  2.97, 35.38, 56.52,  131.65, 5000.00,    0.01,    2.10,    0.00, 0
29, 9418, 1, 29,  2.38, 35.31, 56.55,  131.58, 5000.00,    0.01,    2.09,    0.00, 0
29, 9419, 1, 29,  2.34, 35.25, 56.78,  131.60, 5000.00,    0.01,    2.14,    0.00, 0
29, 9420, 1, 29,  2.29, 35.27, 57.08,  131.57, 5000.00,    0.01,    2.15,    0.00, 0
29, 9421, 1, 29,  2.21, 35.32, 57.52,  131.55, 5000.00,    0.01,    2.19,    0.00, 0
29, 9422, 1, 29,  2.23, 35.29, 58.06,  131.51, 5000.00,    0.01,    2.30,    0.00, 0
29, 9423, 1, 29,  2.11, 35.80, 58.97,  131.59, 5000.00,    0.01,    2.11,    0.00, 0
29, 9424, 1, 29,  2.08, 35.81, 59.98,  131.56, 5000.00,    0.01,    2.24,    0.00, 0
29, 9425, 1, 29,  2.16, 36.08, 61.26,  131.59, 5000.00,    0.01,    2.17,    0.00, 0
29, 9426, 1, 29,  2.17, 36.34, 63.16,  131.41, 5000.00,    0.01,    2.24,    0.00, 0
29, 9427, 1, 29,  1.44, 36.82, 64.85,  131.54, 5000.00,    0.01,    2.15,    0.00, 0
29, 9428, 1, 29,  1.99, 37.18, 67.82,  131.41, 5000.00,    0.01,    2.27,    0.00, 0
29, 9429, 1, 29,  2.00, 37.62, 70.12,  131.43, 5000.00,    0.01,    2.24,    0.00, 0
29, 9430, 1, 29,  1.94, 37.87, 71.83,  131.44, 5000.00,    0.01,    2.23,    0.00, 0
29, 9431, 1, 29,  2.72, 38.03, 73.11,  131.41, 5000.00,    0.01,    2.19,    0.00, 0
29, 9432, 1, 29,  2.58, 38.12, 74.15,  131.35, 5000.00,    0.01,    2.17,    0.00, 0
29, 9433, 1, 29,  2.63, 38.30, 74.80,  131.42, 5000.00,    0.01,    2.07,    0.00, 0
29, 9434, 1, 29,  2.05, 38.46, 75.33,  131.43, 5000.00,    0.01,    2.01,    0.00, 0
29, 9435, 1, 29,  2.10, 38.56, 75.72,  131.51, 5000.00,    0.01,    1.98,    0.00, 0
29, 9436, 1, 29,  2.17, 38.60, 75.95,  131.65, 5000.00,    0.01,    1.98,    0.00, 0
29, 9437, 1, 29,  2.23, 38.68, 76.12,  131.72, 5000.00,    0.01,    1.96,    0.00, 0
29, 9438, 1, 29,  2.25, 38.69, 76.12,  131.87, 5000.00,    0.01,    1.97,    0.00, 0
29, 9439, 1, 29, 33.38, 20.38, 55.72,  131.80, 5000.00,    0.01,    1.37,    0.00, 0
29, 9440, 1, 29, 33.05, 20.25, 55.99,  131.73, 5000.00,    0.01,    1.67,    0.00, 0
29, 9441, 1, 29, 32.94, 20.10, 56.27,  131.73, 5000.00,    0.01,    1.80,    0.00, 0
29, 9442, 1, 29, 33.58, 19.56, 56.74,  131.80, 5000.00,    0.01,    1.62,    0.00, 0
29, 9443, 1, 29, 33.87, 19.27, 57.42,  131.80, 5000.00,    0.01,    1.55,    0.00, 0
29, 9444, 1, 29, 34.21, 19.07, 57.97,  131.69, 5000.00,    0.01,    1.44,    0.00, 0
29, 9445, 1, 29, 34.32, 19.33, 58.47,  132.05, 5000.00,    0.01,    1.44,    0.00, 0
29, 9446, 1, 29, 34.59, 19.92, 59.55,  132.16, 5000.00,    0.02,    0.82,    0.00, 0
29, 9447, 1, 29, 34.20, 19.40, 61.06,  132.11, 5000.00,    0.01,    1.62,    0.00, 0
29, 9448, 1, 29, 34.66, 19.92, 62.93,  132.18, 5000.00,    0.02,    0.90,    0.00, 0
29, 9449, 1, 29, 34.22, 19.31, 64.82,  131.97, 5000.00,    0.02,    1.68,    0.00, 0
29, 9450, 1, 29, 34.25, 19.28, 67.46,  131.90, 5000.00,    0.02,    1.67,    0.00, 0
29, 9451, 1, 29, 34.27, 19.26, 69.79,  131.85, 5000.00,    0.02,    1.61,    0.00, 0
29, 9452, 1, 29, 34.56, 19.94, 71.62,  132.05, 5000.00,    0.02,    0.98,    0.00, 0
29, 9453, 1, 29, 34.29, 19.23, 72.73,  131.78, 5000.00,    0.01,    1.52,    0.00, 0
29, 9454, 1, 29, 34.36, 19.23, 73.70,  131.79, 5000.00,    0.01,    1.45,    0.00, 0
29, 9455, 1, 29, 34.33, 19.29, 74.33,  131.87, 5000.00,    0.01,    1.41,    0.00, 0
29, 9456, 1, 29, 34.12, 19.50, 75.10,  131.96, 5000.00,    0.01,    1.55,    0.00, 0
29, 9457, 1, 29, 34.16, 19.53, 75.56,  131.94, 5000.00,    0.01,    1.50,    0.00, 0
29, 9458, 1, 29, 34.65, 19.96, 75.97,  131.75, 5000.00,    0.01,    0.68,    0.00, 0
29, 9459, 1, 29, 34.65, 19.96, 76.14,  131.68, 5000.00,    0.02,    0.61,    0.00, 0
29, 9460, 1, 29, 34.66, 19.96, 76.21,  131.68, 5000.00,    0.02,    0.54,    0.00, 0
29, 9461, 1, 29, 33.07, 20.68, 55.75,  131.75, 5000.00,    0.01,    1.44,    0.00, 0
29, 9462, 1, 29, 32.87, 20.71, 55.91,  131.75, 5000.00,    0.01,    1.61,    0.00, 0
29, 9463, 1, 29, 32.57, 20.28, 56.02,  131.51, 5000.00,    0.01,    1.99,    0.00, 0
29, 9464, 1, 29, 33.11, 19.73, 56.56,  131.61, 5000.00,    0.01,    1.87,    0.00, 0
29, 9465, 1, 29, 33.22, 19.45, 57.06,  131.55, 5000.00,    0.01,    1.93,    0.00, 0
29, 9466, 1, 29, 33.46, 19.17, 57.75,  131.64, 5000.00,    0.01,    2.01,    0.00, 0
29, 9467, 1, 29, 33.83, 19.09, 58.59,  131.62, 5000.00,    0.01,    1.81,    0.00, 0
29, 9468, 1, 29, 33.77, 19.20, 59.61,  131.73, 5000.00,    0.01,    1.87,    0.00, 0
29, 9469, 1, 29, 33.70, 19.09, 61.04,  131.54, 5000.00,    0.01,    1.98,    0.00, 0
29, 9470, 1, 29, 33.82, 19.12, 62.90,  131.58, 5000.00,    0.01,    1.97,    0.00, 0
29, 9471, 1, 29, 33.80, 19.09, 64.79,  131.61, 5000.00,    0.01,    2.09,    0.00, 0
29, 9472, 1, 29, 33.83, 19.06, 67.48,  131.47, 5000.00,    0.01,    2.03,    0.00, 0
29, 9473, 1, 29, 33.81, 19.06, 69.80,  131.47, 5000.00,    0.01,    2.03,    0.00, 0
29, 9474, 1, 29, 33.73, 19.03, 71.50,  131.47, 5000.00,    0.01,    2.05,    0.00, 0
29, 9475, 1, 29, 33.78, 19.04, 72.75,  131.39, 5000.00,    0.01,    1.93,    0.00, 0
29, 9476, 1, 29, 33.82, 19.07, 73.72,  131.44, 5000.00,    0.01,    1.87,    0.00, 0
29, 9477, 1, 29, 33.86, 19.13, 74.45,  131.51, 5000.00,    0.01,    1.83,    0.00, 0
29, 9478, 1, 29, 34.42, 20.31, 75.06,  131.96, 5000.00,    0.01,    0.80,    0.00, 0
29, 9479, 1, 29, 34.44, 20.29, 75.53,  131.97, 5000.00,    0.01,    0.81,    0.00, 0
29, 9480, 1, 29, 34.46, 20.28, 75.86,  131.88, 5000.00,    0.01,    0.71,    0.00, 0
29, 9481, 1, 29, 34.47, 20.28, 76.13,  131.67, 5000.00,    0.01,    0.57,    0.00, 0
29, 9482, 1, 29, 34.47, 20.28, 76.22,  131.64, 5000.00,    0.02,    0.49,    0.00, 0
29, 9483, 1, 29, 32.80, 22.20, 56.16,  132.04, 5000.00,    0.03,    0.61,    0.00, 0
29, 9484, 1, 29, 32.79, 22.18, 56.23,  132.09, 5000.00,    0.02,    0.73,    0.00, 0
29, 9485, 1, 29, 32.60, 21.38, 55.88,  131.84, 5000.00,    0.01,    1.55,    0.00, 0
29, 9486, 1, 29, 32.70, 20.03, 56.31,  131.57, 5000.00,    0.01,    2.06,    0.00, 0
29, 9487, 1, 29, 32.79, 19.81, 56.82,  131.55, 5000.00,    0.01,    2.10,    0.00, 0
29, 9488, 1, 29, 32.89, 19.60, 57.48,  131.56, 5000.00,    0.01,    2.18,    0.00, 0
29, 9489, 1, 29, 32.97, 19.39, 58.23,  131.55, 5000.00,    0.01,    2.31,    0.00, 0
29, 9490, 1, 29, 33.00, 19.44, 59.27,  131.57, 5000.00,    0.01,    2.37,    0.00, 0
29, 9491, 1, 29, 32.65, 19.63, 60.68,  131.54, 5000.00,    0.01,    2.62,    0.00, 0
29, 9492, 1, 29, 33.41, 20.79, 62.58,  132.32, 5000.00,    0.01,    1.80,    0.00, 0
29, 9493, 1, 29, 32.67, 19.61, 64.68,  131.50, 5000.00,    0.01,    2.72,    0.00, 0
29, 9494, 1, 29, 32.76, 19.46, 67.48,  131.40, 5000.00,    0.01,    2.66,    0.00, 0
29, 9495, 1, 29, 32.73, 19.49, 69.93,  131.39, 5000.00,    0.01,    2.65,    0.00, 0
29, 9496, 1, 29, 32.64, 19.66, 71.70,  131.41, 5000.00,    0.01,    2.63,    0.00, 0
29, 9497, 1, 29, 32.64, 19.63, 73.00,  131.40, 5000.00,    0.01,    2.59,    0.00, 0
29, 9498, 1, 29, 32.68, 19.68, 74.03,  131.40, 5000.00,    0.01,    2.51,    0.00, 0
29, 9499, 1, 29, 32.83, 19.76, 74.81,  131.44, 5000.00,    0.01,    2.38,    0.00, 0
29, 9500, 1, 29, 33.20, 20.93, 75.02,  132.13, 5000.00,    0.01,    1.79,    0.00, 0
29, 9501, 1, 29, 32.88, 20.32, 75.75,  131.55, 5000.00,    0.01,    2.11,    0.00, 0
29, 9502, 1, 29, 33.09, 20.81, 75.95,  131.65, 5000.00,    0.01,    1.66,    0.00, 0
29, 9503, 1, 29, 34.01, 21.03, 76.10,  131.72, 5000.00,    0.02,    0.82,    0.00, 0
29, 9504, 1, 29, 33.85, 21.29, 76.17,  131.68, 5000.00,    0.02,    0.71,    0.00, 0
29, 9505, 1, 29, 32.03, 22.14, 56.05,  131.69, 5000.00,    0.01,    1.59,    0.00, 0
29, 9506, 1, 29, 32.04, 22.33, 56.32,  131.76, 5000.00,    0.01,    1.53,    0.00, 0
29, 9507, 1, 29, 32.02, 22.31, 56.47,  131.80, 5000.00,    0.01,    1.58,    0.00, 0
29, 9508, 1, 29, 31.90, 21.23, 56.57,  131.59, 5000.00,    0.01,    2.15,    0.00, 0
29, 9509, 1, 29, 31.83, 20.58, 57.47,  131.57, 5000.00,    0.01,    2.61,    0.00, 0
29, 9510, 1, 29, 32.09, 20.43, 58.08,  131.56, 5000.00,    0.01,    2.57,    0.00, 0
29, 9511, 1, 29, 32.32, 20.39, 58.77,  131.57, 5000.00,    0.01,    2.48,    0.00, 0
29, 9512, 1, 29, 32.28, 20.48, 59.53,  131.56, 5000.00,    0.01,    2.54,    0.00, 0
29, 9513, 1, 29, 32.23, 20.53, 60.90,  131.55, 5000.00,    0.01,    2.60,    0.00, 0
29, 9514, 1, 29, 32.28, 20.46, 62.76,  131.54, 5000.00,    0.01,    2.66,    0.00, 0
29, 9515, 1, 29, 32.91, 21.55, 64.90,  132.05, 5000.00,    0.01,    1.89,    0.00, 0
29, 9516, 1, 29, 32.24, 20.46, 67.58,  131.44, 5000.00,    0.01,    2.68,    0.00, 0
29, 9517, 1, 29, 32.21, 20.51, 70.06,  131.44, 5000.00,    0.01,    2.67,    0.00, 0
29, 9518, 1, 29, 32.19, 20.59, 71.81,  131.46, 5000.00,    0.01,    2.62,    0.00, 0
29, 9519, 1, 29, 32.25, 20.69, 73.10,  131.46, 5000.00,    0.01,    2.50,    0.00, 0
29, 9520, 1, 29, 32.33, 20.85, 74.04,  131.49, 5000.00,    0.01,    2.36,    0.00, 0
29, 9521, 1, 29, 32.43, 21.01, 74.78,  131.49, 5000.00,    0.01,    2.22,    0.00, 0
29, 9522, 1, 29, 33.27, 22.13, 75.15,  131.78, 5000.00,    0.01,    1.04,    0.00, 0
29, 9523, 1, 29, 33.30, 22.09, 75.56,  131.74, 5000.00,    0.01,    1.00,    0.00, 0
29, 9524, 1, 29, 33.26, 22.17, 75.89,  131.56, 5000.00,    0.01,    0.84,    0.00, 0
29, 9525, 1, 29, 33.26, 22.18, 76.12,  131.42, 5000.00,    0.02,    0.72,    0.00, 0
29, 9526, 1, 29, 33.25, 22.20, 76.20,  131.43, 5000.00,    0.02,    0.67,    0.00, 0
29, 9527, 1, 29, 31.28, 24.45, 55.90,  131.84, 5000.00,    0.01,    0.77,    0.00, 0
29, 9528, 1, 29, 31.38, 24.37, 56.04,  131.94, 5000.00,    0.01,    0.86,    0.00, 0
29, 9529, 1, 29, 30.79, 23.69, 55.93,  131.60, 5000.00,    0.01,    1.77,    0.00, 0
29, 9530, 1, 29, 30.91, 22.89, 56.26,  131.57, 5000.00,    0.01,    2.15,    0.00, 0
29, 9531, 1, 29, 31.97, 23.73, 57.14,  132.08, 5000.00,    0.01,    1.03,    0.00, 0
29, 9532, 1, 29, 31.00, 22.37, 57.28,  131.56, 5000.00,    0.01,    2.40,    0.00, 0
29, 9533, 1, 29, 31.07, 22.02, 58.09,  131.54, 5000.00,    0.01,    2.58,    0.00, 0
29, 9534, 1, 29, 31.09, 21.83, 59.17,  131.55, 5000.00,    0.01,    2.73,    0.00, 0
29, 9535, 1, 29, 31.01, 21.83, 60.62,  131.54, 5000.00,    0.01,    2.82,    0.00, 0
29, 9536, 1, 29, 31.01, 21.40, 62.45,  131.38, 5000.00,    0.01,    3.06,    0.00, 0
29, 9537, 1, 29, 30.96, 21.37, 64.63,  131.32, 5000.00,    0.01,    3.14,    0.00, 0
29, 9538, 1, 29, 30.92, 21.41, 67.49,  131.28, 5000.00,    0.01,    3.09,    0.00, 0
29, 9539, 1, 29, 31.01, 21.81, 69.99,  131.44, 5000.00,    0.01,    2.88,    0.00, 0
29, 9540, 1, 29, 30.89, 21.77, 71.78,  131.31, 5000.00,    0.01,    2.90,    0.00, 0
29, 9541, 1, 29, 31.11, 21.97, 73.04,  131.45, 5000.00,    0.01,    2.69,    0.00, 0
29, 9542, 1, 29, 31.24, 22.12, 73.97,  131.48, 5000.00,    0.01,    2.53,    0.00, 0
29, 9543, 1, 29, 31.41, 22.24, 74.68,  131.51, 5000.00,    0.01,    2.33,    0.00, 0
29, 9544, 1, 29, 31.52, 22.50, 75.18,  131.56, 5000.00,    0.01,    2.11,    0.00, 0
29, 9545, 1, 29, 31.65, 22.70, 75.45,  131.59, 5000.00,    0.01,    1.87,    0.00, 0
29, 9546, 1, 29, 32.35, 23.46, 75.80,  131.64, 5000.00,    0.01,    0.87,    0.00, 0
29, 9547, 1, 29, 32.35, 23.46, 76.10,  131.37, 5000.00,    0.02,    0.73,    0.00, 0
29, 9548, 1, 29, 32.35, 23.46, 76.19,  131.37, 5000.00,    0.02,    0.66,    0.00, 0
29, 9549, 1, 29, 28.92, 26.69, 55.78,  131.61, 5000.00,    0.01,    1.37,    0.00, 0
29, 9550, 1, 29, 28.70, 26.64, 55.89,  131.58, 5000.00,    0.01,    1.60,    0.00, 0
29, 9551, 1, 29, 28.44, 26.59, 56.17,  131.71, 5000.00,    0.01,    1.85,    0.00, 0
29, 9552, 1, 29, 28.78, 26.00, 56.44,  131.54, 5000.00,    0.01,    1.95,    0.00, 0
29, 9553, 1, 29, 28.79, 25.69, 56.81,  131.52, 5000.00,    0.01,    2.16,    0.00, 0
29, 9554, 1, 29, 28.75, 25.35, 57.40,  131.52, 5000.00,    0.01,    2.42,    0.00, 0
29, 9555, 1, 29, 28.82, 25.10, 58.15,  131.50, 5000.00,    0.01,    2.54,    0.00, 0
29, 9556, 1, 29, 28.83, 24.93, 59.20,  131.50, 5000.00,    0.01,    2.69,    0.00, 0
29, 9557, 1, 29, 28.56, 24.60, 60.51,  131.34, 5000.00,    0.01,    3.03,    0.00, 0
29, 9558, 1, 29, 28.60, 24.37, 62.41,  131.32, 5000.00,    0.01,    3.21,    0.00, 0
29, 9559, 1, 29, 28.52, 24.30, 64.59,  131.25, 5000.00,    0.01,    3.32,    0.00, 0
29, 9560, 1, 29, 28.51, 24.32, 67.50,  131.21, 5000.00,    0.01,    3.27,    0.00, 0
29, 9561, 1, 29, 28.54, 24.40, 70.07,  131.19, 5000.00,    0.01,    3.19,    0.00, 0
29, 9562, 1, 29, 28.54, 24.70, 71.78,  131.23, 5000.00,    0.01,    3.00,    0.00, 0
29, 9563, 1, 29, 28.98, 25.14, 72.95,  131.43, 5000.00,    0.01,    2.49,    0.00, 0
29, 9564, 1, 29, 29.15, 25.32, 73.84,  131.47, 5000.00,    0.01,    2.28,    0.00, 0
29, 9565, 1, 29, 29.36, 25.45, 74.52,  131.48, 5000.00,    0.01,    2.06,    0.00, 0
29, 9566, 1, 29, 30.04, 26.23, 75.06,  131.56, 5000.00,    0.01,    1.04,    0.00, 0
29, 9567, 1, 29, 30.09, 26.20, 75.46,  131.54, 5000.00,    0.01,    1.01,    0.00, 0
29, 9568, 1, 29, 30.06, 26.24, 75.82,  131.37, 5000.00,    0.01,    0.84,    0.00, 0
29, 9569, 1, 29, 30.05, 26.25, 76.09,  131.16, 5000.00,    0.02,    0.74,    0.00, 0
29, 9570, 1, 29, 30.02, 26.28, 76.17,  131.15, 5000.00,    0.02,    0.65,    0.00, 0
29, 9571, 1, 29, 25.61, 30.00, 55.64,  131.50, 5000.00,    0.01,    1.51,    0.00, 0
29, 9572, 1, 29, 25.46, 30.02, 55.76,  131.45, 5000.00,    0.01,    1.61,    0.00, 0
29, 9573, 1, 29, 24.92, 29.87, 55.88,  131.27, 5000.00,    0.01,    1.99,    0.00, 0
29, 9574, 1, 29, 25.51, 29.55, 56.44,  131.63, 5000.00,    0.01,    1.97,    0.00, 0
29, 9575, 1, 29, 25.01, 29.32, 56.69,  131.38, 5000.00,    0.01,    2.29,    0.00, 0
29, 9576, 1, 29, 24.82, 29.09, 57.31,  131.39, 5000.00,    0.01,    2.53,    0.00, 0
29, 9577, 1, 29, 24.90, 28.88, 58.07,  131.36, 5000.00,    0.01,    2.62,    0.00, 0
29, 9578, 1, 29, 24.90, 28.75, 59.17,  131.39, 5000.00,    0.01,    2.78,    0.00, 0
29, 9579, 1, 29, 24.48, 28.45, 60.44,  131.21, 5000.00,    0.01,    3.17,    0.00, 0
29, 9580, 1, 29, 24.47, 28.22, 62.40,  131.18, 5000.00,    0.01,    3.37,    0.00, 0
29, 9581, 1, 29, 24.51, 28.05, 64.50,  131.05, 5000.00,    0.01,    3.47,    0.00, 0
29, 9582, 1, 29, 24.51, 28.08, 67.44,  131.06, 5000.00,    0.01,    3.46,    0.00, 0
29, 9583, 1, 29, 24.70, 28.08, 70.09,  130.98, 5000.00,    0.01,    3.31,    0.00, 0
29, 9584, 1, 29, 25.32, 28.64, 71.66,  131.25, 5000.00,    0.01,    2.70,    0.00, 0
29, 9585, 1, 29, 25.46, 28.81, 72.91,  131.25, 5000.00,    0.01,    2.47,    0.00, 0
29, 9586, 1, 29, 25.61, 28.98, 73.82,  131.28, 5000.00,    0.01,    2.25,    0.00, 0
29, 9587, 1, 29, 25.86, 29.08, 74.53,  131.29, 5000.00,    0.01,    2.06,    0.00, 0
29, 9588, 1, 29, 26.41, 29.73, 75.11,  131.37, 5000.00,    0.01,    1.25,    0.00, 0
29, 9589, 1, 29, 26.18, 29.62, 75.53,  131.27, 5000.00,    0.01,    1.39,    0.00, 0
29, 9590, 1, 29, 26.27, 30.09, 75.84,  131.16, 5000.00,    0.01,    0.82,    0.00, 0
29, 9591, 1, 29, 25.96, 30.29, 76.10,  130.92, 5000.00,    0.02,    0.67,    0.00, 0
29, 9592, 1, 29, 25.78, 30.42, 76.19,  130.95, 5000.00,    0.02,    0.59,    0.00, 0
29, 9593, 1, 29, 17.92, 35.23, 55.69,  131.54, 5000.00,    0.01,    1.30,    0.00, 0
29, 9594, 1, 29, 17.72, 35.21, 55.88,  131.66, 5000.00,    0.01,    1.50,    0.00, 0
29, 9595, 1, 29, 18.14, 35.54, 56.21,  131.83, 5000.00,    0.01,    0.97,    0.00, 0
29, 9596, 1, 29, 17.59, 34.02, 56.24,  131.45, 5000.00,    0.01,    2.54,    0.00, 0
29, 9597, 1, 29, 17.63, 33.90, 56.72,  131.38, 5000.00,    0.01,    2.65,    0.00, 0
29, 9598, 1, 29, 17.69, 33.81, 57.32,  131.40, 5000.00,    0.01,    2.67,    0.00, 0
29, 9599, 1, 29, 17.47, 33.78, 58.12,  131.42, 5000.00,    0.01,    2.81,    0.00, 0
29, 9600, 1, 29, 17.57, 33.56, 59.17,  131.36, 5000.00,    0.01,    2.97,    0.00, 0
29, 9601, 1, 29, 17.50, 33.22, 60.44,  131.23, 5000.00,    0.01,    3.26,    0.00, 0
29, 9602, 1, 29, 17.63, 32.92, 62.24,  131.13, 5000.00,    0.01,    3.44,    0.00, 0
29, 9603, 1, 29, 17.03, 33.06, 64.52,  131.04, 5000.00,    0.01,    3.57,    0.00, 0
29, 9604, 1, 29, 17.44, 32.91, 67.48,  131.01, 5000.00,    0.01,    3.58,    0.00, 0
29, 9605, 1, 29, 17.35, 33.19, 70.01,  131.05, 5000.00,    0.01,    3.36,    0.00, 0
29, 9606, 1, 29, 17.45, 33.39, 71.70,  131.12, 5000.00,    0.01,    3.14,    0.00, 0
29, 9607, 1, 29, 17.82, 33.94, 72.94,  131.27, 5000.00,    0.01,    2.55,    0.00, 0
29, 9608, 1, 29, 18.02, 34.18, 73.80,  131.35, 5000.00,    0.01,    2.28,    0.00, 0
29, 9609, 1, 29, 18.40, 35.36, 74.47,  131.43, 5000.00,    0.01,    0.97,    0.00, 0
29, 9610, 1, 29, 18.41, 35.38, 75.07,  131.38, 5000.00,    0.01,    0.89,    0.00, 0
29, 9611, 1, 29, 18.38, 35.43, 75.47,  131.38, 5000.00,    0.01,    0.81,    0.00, 0
29, 9612, 1, 29, 18.30, 35.49, 75.89,  131.17, 5000.00,    0.01,    0.68,    0.00, 0
29, 9613, 1, 29, 18.28, 35.50, 76.17,  130.89, 5000.00,    0.01,    0.53,    0.00, 0
29, 9614, 1, 29, 18.27, 35.51, 76.27,  130.85, 5000.00,    0.02,    0.44,    0.00, 0
29, 9615, 1, 29, 10.64, 36.72, 55.69,  131.87, 5000.00,    0.01,    1.61,    0.00, 0
29, 9616, 1, 29, 11.50, 36.41, 55.71,  131.74, 5000.00,    0.01,    1.58,    0.00, 0
29, 9617, 1, 29, 12.28, 36.10, 55.76,  131.59, 5000.00,    0.01,    1.61,    0.00, 0
29, 9618, 1, 29, 12.55, 35.41, 56.03,  131.50, 5000.00,    0.01,    2.20,    0.00, 0
29, 9619, 1, 29, 12.49, 35.31, 56.52,  131.50, 5000.00,    0.01,    2.33,    0.00, 0
29, 9620, 1, 29, 12.60, 35.13, 57.12,  131.51, 5000.00,    0.01,    2.59,    0.00, 0
29, 9621, 1, 29, 12.81, 34.80, 57.88,  131.41, 5000.00,    0.01,    2.91,    0.00, 0
29, 9622, 1, 29, 13.19, 34.82, 59.31,  131.39, 5000.00,    0.01,    3.25,    0.00, 0
29, 9623, 1, 29, 12.57, 35.09, 60.35,  131.32, 5000.00,    0.01,    3.27,    0.00, 0
29, 9624, 1, 29, 12.35, 35.25, 62.18,  131.25, 5000.00,    0.01,    3.39,    0.00, 0
29, 9625, 1, 29, 11.99, 35.33, 64.45,  131.28, 5000.00,    0.01,    3.57,    0.00, 0
29, 9626, 1, 29, 11.16, 35.85, 67.44,  131.20, 5000.00,    0.01,    3.49,    0.00, 0
29, 9627, 1, 29, 11.37, 35.95, 69.88,  131.16, 5000.00,    0.01,    3.29,    0.00, 0
29, 9628, 1, 29, 11.65, 36.50, 71.58,  131.36, 5000.00,    0.01,    2.73,    0.00, 0
29, 9629, 1, 29, 11.71, 36.75, 72.83,  131.42, 5000.00,    0.01,    2.53,    0.00, 0
29, 9630, 1, 29, 11.81, 36.96, 73.71,  131.44, 5000.00,    0.01,    2.26,    0.00, 0
29, 9631, 1, 29, 12.56, 37.69, 74.46,  131.47, 5000.00,    0.01,    1.25,    0.00, 0
29, 9632, 1, 29, 12.69, 37.69, 74.99,  131.53, 5000.00,    0.01,    1.18,    0.00, 0
29, 9633, 1, 29, 12.49, 37.81, 75.44,  131.37, 5000.00,    0.01,    1.06,    0.00, 0
29, 9634, 1, 29, 12.48, 37.83, 75.77,  131.36, 5000.00,    0.01,    1.00,    0.00, 0
29, 9635, 1, 29, 12.38, 37.87, 76.07,  130.95, 5000.00,    0.01,    0.84,    0.00, 0
29, 9636, 1, 29, 12.32, 37.90, 76.16,  130.93, 5000.00,    0.02,    0.75,    0.00, 0
29, 9637, 1, 29,  7.20, 36.49, 55.81,  132.04, 5000.00,    0.01,    1.56,    0.00, 0
29, 9638, 1, 29,  7.32, 36.39, 55.83,  131.91, 5000.00,    0.01,    1.59,    0.00, 0
29, 9639, 1, 29,  7.44, 36.26, 55.87,  131.74, 5000.00,    0.01,    1.65,    0.00, 0
29, 9640, 1, 29,  7.84, 36.11, 56.19,  131.67, 5000.00,    0.01,    1.79,    0.00, 0
29, 9641, 1, 29,  7.99, 35.91, 56.60,  131.58, 5000.00,    0.01,    1.94,    0.00, 0
29, 9642, 1, 29,  7.84, 35.61, 57.19,  131.55, 5000.00,    0.01,    2.34,    0.00, 0
29, 9643, 1, 29,  7.79, 35.41, 57.96,  131.52, 5000.00,    0.01,    2.60,    0.00, 0
29, 9644, 1, 29,  7.76, 35.23, 58.96,  131.46, 5000.00,    0.01,    2.86,    0.00, 0
29, 9645, 1, 29,  8.55, 35.43, 60.70,  131.41, 5000.00,    0.01,    3.11,    0.00, 0
29, 9646, 1, 29,  7.82, 35.73, 62.21,  131.28, 5000.00,    0.01,    3.11,    0.00, 0
29, 9647, 1, 29,  7.30, 35.92, 64.54,  131.26, 5000.00,    0.01,    3.18,    0.00, 0
29, 9648, 1, 29,  7.79, 36.51, 67.55,  131.18, 5000.00,    0.01,    3.22,    0.00, 0
29, 9649, 1, 29,  7.79, 36.83, 69.88,  131.24, 5000.00,    0.01,    3.18,    0.00, 0
29, 9650, 1, 29,  7.91, 37.33, 71.57,  131.47, 5000.00,    0.01,    2.76,    0.00, 0
29, 9651, 1, 29,  7.85, 37.55, 72.84,  131.49, 5000.00,    0.01,    2.53,    0.00, 0
29, 9652, 1, 29,  7.79, 37.74, 73.75,  131.56, 5000.00,    0.01,    2.41,    0.00, 0
29, 9653, 1, 29,  7.76, 37.93, 74.43,  131.57, 5000.00,    0.01,    2.18,    0.00, 0
29, 9654, 1, 29,  8.04, 37.97, 74.96,  131.61, 5000.00,    0.01,    2.10,    0.00, 0
29, 9655, 1, 29,  8.37, 38.97, 75.32,  131.76, 5000.00,    0.01,    1.09,    0.00, 0
29, 9656, 1, 29,  8.32, 39.02, 75.64,  131.77, 5000.00,    0.01,    1.02,    0.00, 0
29, 9657, 1, 29,  8.43, 39.00, 76.03,  131.22, 5000.00,    0.01,    0.82,    0.00, 0
29, 9658, 1, 29,  8.48, 39.00, 76.12,  131.17, 5000.00,    0.02,    0.72,    0.00, 0
29, 9659, 1, 29,  4.92, 36.37, 56.04,  131.66, 5000.00,    0.01,    1.48,    0.00, 0
29, 9660, 1, 29,  4.95, 36.42, 56.20,  131.69, 5000.00,    0.01,    1.49,    0.00, 0
29, 9661, 1, 29,  4.91, 36.39, 56.29,  131.69, 5000.00,    0.01,    1.52,    0.00, 0
29, 9662, 1, 29,  4.89, 36.33, 56.49,  131.69, 5000.00,    0.01,    1.60,    0.00, 0
29, 9663, 1, 29,  4.80, 36.24, 56.84,  131.68, 5000.00,    0.01,    1.74,    0.00, 0
29, 9664, 1, 29,  4.90, 35.97, 57.41,  131.58, 5000.00,    0.01,    2.05,    0.00, 0
29, 9665, 1, 29,  4.57, 35.64, 58.17,  131.50, 5000.00,    0.01,    2.46,    0.00, 0
29, 9666, 1, 29,  4.44, 35.53, 59.29,  131.51, 5000.00,    0.01,    2.66,    0.00, 0
29, 9667, 1, 29,  4.88, 35.64, 60.94,  131.50, 5000.00,    0.01,    2.83,    0.00, 0
29, 9668, 1, 29,  4.82, 36.25, 62.51,  131.40, 5000.00,    0.01,    2.68,    0.00, 0
29, 9669, 1, 29,  4.21, 36.52, 64.79,  131.40, 5000.00,    0.01,    2.74,    0.00, 0
29, 9670, 1, 29,  5.05, 37.14, 67.74,  131.39, 5000.00,    0.01,    2.73,    0.00, 0
29, 9671, 1, 29,  4.60, 37.46, 69.92,  131.39, 5000.00,    0.01,    2.71,    0.00, 0
29, 9672, 1, 29,  4.58, 37.63, 71.90,  131.51, 5000.00,    0.01,    2.78,    0.00, 0
29, 9673, 1, 29,  4.64, 38.31, 73.18,  131.53, 5000.00,    0.01,    2.34,    0.00, 0
29, 9674, 1, 29,  4.67, 38.64, 73.89,  131.56, 5000.00,    0.01,    2.10,    0.00, 0
29, 9675, 1, 29,  4.80, 39.07, 74.61,  131.67, 5000.00,    0.01,    1.65,    0.00, 0
29, 9676, 1, 29,  5.00, 39.53, 75.19,  131.74, 5000.00,    0.01,    1.26,    0.00, 0
29, 9677, 1, 29,  4.96, 39.60, 75.62,  131.63, 5000.00,    0.01,    1.19,    0.00, 0
29, 9678, 1, 29,  5.22, 39.58, 75.91,  131.48, 5000.00,    0.02,    0.99,    0.00, 0
29, 9679, 1, 29,  4.95, 39.63, 76.20,  131.54, 5000.00,    0.01,    1.10,    0.00, 0
29, 9680, 1, 29,  4.94, 39.65, 76.29,  131.58, 5000.00,    0.02,    1.09,    0.00, 0
29, 9681, 1, 29,  3.09, 36.25, 56.26,  131.83, 5000.00,    0.01,    1.52,    0.00, 0
29, 9682, 1, 29,  3.04, 36.24, 56.32,  131.79, 5000.00,    0.01,    1.54,    0.00, 0
29, 9683, 1, 29,  3.02, 36.24, 56.46,  131.78, 5000.00,    0.01,    1.58,    0.00, 0
29, 9684, 1, 29,  2.98, 36.21, 56.77,  131.74, 5000.00,    0.01,    1.69,    0.00, 0
29, 9685, 1, 29,  2.89, 36.18, 57.21,  131.68, 5000.00,    0.01,    1.80,    0.00, 0
29, 9686, 1, 29,  2.97, 36.18, 57.82,  131.65, 5000.00,    0.01,    1.90,    0.00, 0
29, 9687, 1, 29,  2.76, 35.88, 58.59,  131.56, 5000.00,    0.01,    2.27,    0.00, 0
29, 9688, 1, 29,  2.63, 35.76, 59.61,  131.53, 5000.00,    0.01,    2.46,    0.00, 0
29, 9689, 1, 29,  2.86, 35.72, 60.96,  131.50, 5000.00,    0.01,    2.66,    0.00, 0
29, 9690, 1, 29,  3.23, 36.67, 63.12,  131.49, 5000.00,    0.01,    2.35,    0.00, 0
29, 9691, 1, 29,  2.36, 36.76, 64.89,  131.37, 5000.00,    0.01,    2.47,    0.00, 0
29, 9692, 1, 29,  2.97, 37.49, 67.82,  131.43, 5000.00,    0.01,    2.43,    0.00, 0
29, 9693, 1, 29,  2.76, 37.72, 69.99,  131.37, 5000.00,    0.01,    2.45,    0.00, 0
29, 9694, 1, 29,  2.74, 37.76, 71.77,  131.44, 5000.00,    0.01,    2.57,    0.00, 0
29, 9695, 1, 29,  3.58, 38.38, 73.27,  131.52, 5000.00,    0.01,    2.27,    0.00, 0
29, 9696, 1, 29,  3.06, 38.96, 73.96,  131.60, 5000.00,    0.01,    1.74,    0.00, 0
29, 9697, 1, 29,  3.11, 39.34, 74.61,  131.69, 5000.00,    0.01,    1.50,    0.00, 0
29, 9698, 1, 29,  3.37, 39.45, 75.25,  131.73, 5000.00,    0.01,    1.41,    0.00, 0
29, 9699, 1, 29,  3.42, 39.59, 75.63,  131.77, 5000.00,    0.01,    1.29,    0.00, 0
29, 9700, 1, 29,  3.44, 39.64, 75.98,  131.77, 5000.00,    0.01,    1.24,    0.00, 0
29, 9701, 1, 29,  3.45, 39.67, 76.19,  131.72, 5000.00,    0.01,    1.19,    0.00, 0
29, 9702, 1, 29,  3.45, 39.70, 76.30,  131.72, 5000.00,    0.01,    1.17,    0.00, 0
29, 9703, 1, 29,  2.48, 36.47, 56.21,  131.83, 5000.00,    0.01,    1.34,    0.00, 0
29, 9704, 1, 29,  2.38, 36.24, 56.28,  131.81, 5000.00,    0.01,    1.52,    0.00, 0
29, 9705, 1, 29,  2.34, 36.25, 56.43,  131.81, 5000.00,    0.01,    1.55,    0.00, 0
29, 9706, 1, 29,  2.26, 36.24, 56.74,  131.78, 5000.00,    0.01,    1.64,    0.00, 0
29, 9707, 1, 29,  2.13, 36.24, 57.17,  131.73, 5000.00,    0.01,    1.73,    0.00, 0
29, 9708, 1, 29,  2.18, 36.24, 57.77,  131.69, 5000.00,    0.01,    1.82,    0.00, 0
29, 9709, 1, 29,  2.14, 36.23, 58.63,  131.71, 5000.00,    0.01,    1.95,    0.00, 0
29, 9710, 1, 29,  2.06, 36.07, 59.69,  131.73, 5000.00,    0.01,    2.18,    0.00, 0
29, 9711, 1, 29,  2.10, 35.98, 60.86,  131.66, 5000.00,    0.01,    2.39,    0.00, 0
29, 9712, 1, 29,  2.47, 37.22, 63.11,  131.64, 5000.00,    0.01,    1.80,    0.00, 0
29, 9713, 1, 29,  1.61, 37.69, 64.72,  131.50, 5000.00,    0.01,    1.65,    0.00, 0
29, 9714, 1, 29,  2.03, 37.85, 67.73,  131.54, 5000.00,    0.01,    2.04,    0.00, 0
29, 9715, 1, 29,  2.00, 37.85, 69.94,  131.42, 5000.00,    0.01,    2.32,    0.00, 0
29, 9716, 1, 29,  1.95, 38.06, 71.64,  131.56, 5000.00,    0.01,    2.28,    0.00, 0
29, 9717, 1, 29,  2.60, 38.32, 73.37,  131.54, 5000.00,    0.01,    2.31,    0.00, 0
29, 9718, 1, 29,  2.24, 39.07, 74.07,  131.62, 5000.00,    0.01,    1.61,    0.00, 0
29, 9719, 1, 29,  2.14, 39.28, 74.62,  131.67, 5000.00,    0.01,    1.48,    0.00, 0
29, 9720, 1, 29,  2.36, 39.46, 75.30,  131.68, 5000.00,    0.01,    1.42,    0.00, 0
29, 9721, 1, 29,  2.40, 39.60, 75.68,  131.76, 5000.00,    0.01,    1.31,    0.00, 0
29, 9722, 1, 29,  2.43, 39.65, 76.05,  131.78, 5000.00,    0.01,    1.31,    0.00, 0
29, 9723, 1, 29,  2.44, 39.69, 76.27,  131.74, 5000.00,    0.01,    1.27,    0.00, 0
29, 9724, 1, 29,  2.45, 39.71, 76.39,  131.74, 5000.00,    0.01,    1.22,    0.00, 0
